4.359999999999913944e-01,-7.505436680377666647e+00
4.859999999999904396e-01,-7.506841220344596444e+00
5.359999999999894849e-01,-7.508275168882500239e+00
5.859999999999885301e-01,-7.509730838388038343e+00
6.359999999999875753e-01,-7.511200684568020591e+00
6.859999999999866205e-01,-7.512676715576649400e+00
7.359999999999856657e-01,-7.514149873247266243e+00
7.859999999999847109e-01,-7.515609406600228581e+00
8.359999999999836451e-01,-7.517074293143524599e+00
8.859999999999825793e-01,-7.518538613875591636e+00
9.359999999999816245e-01,-7.519994082357324139e+00
9.859999999999807807e-01,-7.521453014654770897e+00
1.035999999999979826e+00,-7.522893639561338830e+00
1.085976825749146224e+00,-7.524323583705032625e+00
1.135938261931165538e+00,-7.525725204625099529e+00
1.185891226913383667e+00,-7.527078632834118821e+00
1.235841782350651785e+00,-7.528361350811875852e+00
1.285795201159684265e+00,-7.529576174137432965e+00
1.335732748465397801e+00,-7.530669943984996451e+00
1.385665972638084886e+00,-7.531646157217458004e+00
1.435604854741868719e+00,-7.532482655076977451e+00
1.485557830347204344e+00,-7.533154306620613916e+00
1.535531927857905599e+00,-7.533633162902749980e+00
1.585509666628884373e+00,-7.533888162427089696e+00
1.635503234750472101e+00,-7.533885121067148916e+00
1.685522739450464380e+00,-7.533618578925762144e+00
1.735576290991834636e+00,-7.533057560103141093e+00
1.785646942694024020e+00,-7.532168810912898138e+00
1.835747016263073128e+00,-7.530916819293607567e+00
1.885886263539340968e+00,-7.529263886226041258e+00
1.936072017123792843e+00,-7.527198362295714595e+00
1.986309364923289245e+00,-7.524679884934958984e+00
2.036601263154278474e+00,-7.521665787288354110e+00
2.086925558064694819e+00,-7.518111142834346339e+00
2.137289221363975589e+00,-7.513968944981619380e+00
2.187696630501214656e+00,-7.509218372941482755e+00
2.238126539242068169e+00,-7.503810131939420813e+00
2.288586411334300408e+00,-7.497692968334357388e+00
2.339057612539309439e+00,-7.490873808851697291e+00
2.389549656322860205e+00,-7.483309133139902869e+00
2.440068610908467051e+00,-7.474954527644874780e+00
2.490594130671087925e+00,-7.465793185893078387e+00
2.541110675236083249e+00,-7.455781319463489432e+00
2.591629987587436901e+00,-7.444902914697808960e+00
2.642159561937931223e+00,-7.433115194545598214e+00
2.692679708170008457e+00,-7.420403237219272086e+00
2.743174835035847803e+00,-7.406753745656608601e+00
2.793656017644739364e+00,-7.392152967156528476e+00
2.844106320278999789e+00,-7.376586625540639375e+00
2.894535228521541548e+00,-7.360013622596063954e+00
2.944924032911220291e+00,-7.342420781829569698e+00
2.995280342091494852e+00,-7.323796624702568536e+00
3.045583375886144140e+00,-7.304131205078116196e+00
3.095838622935906503e+00,-7.283388042356422787e+00
3.146023068472610262e+00,-7.261558677976709397e+00
3.196116708736262524e+00,-7.238636546739309452e+00
3.244961262814496816e+00,-7.215886732972292883e+00
3.293948338308843926e+00,-7.191780312102059369e+00
3.343047271670866571e+00,-7.166323263833696444e+00
3.392229250288727904e+00,-7.139549935808146230e+00
3.441466868626628983e+00,-7.111468099979474822e+00
3.490757065777186696e+00,-7.082087371106794649e+00
3.540066661713673124e+00,-7.051390805408820128e+00
3.589363913497403580e+00,-7.019389717048948540e+00
3.638646517610746756e+00,-6.986123671793109224e+00
3.687886517067132441e+00,-6.951605770164533737e+00
3.737056246053064967e+00,-6.915850697795963953e+00
3.786128203537945325e+00,-6.878901111304766225e+00
3.835074803891293183e+00,-6.840772728985799134e+00
3.883896482819467089e+00,-6.801514496183246550e+00
3.932566785272523013e+00,-6.761180754626246348e+00
3.981058332329080685e+00,-6.719799584746974475e+00
4.029342908582221661e+00,-6.677427430904306682e+00
4.077391300391774998e+00,-6.634094266370571091e+00
4.125224643887663412e+00,-6.589858204602466074e+00
4.172805435479770786e+00,-6.544777000566137204e+00
4.220095671861115783e+00,-6.498881469387628229e+00
4.267056757933278988e+00,-6.452230158916270497e+00
4.313677813698980401e+00,-6.404854643774365641e+00
4.359920670252921404e+00,-6.356814011121307395e+00
4.405746335817259052e+00,-6.308166559491597880e+00
4.451114977734402345e+00,-6.258969483363034492e+00
4.495962783573719257e+00,-6.209252514009255819e+00
4.540256235407281515e+00,-6.159072569684357568e+00
4.583988520872410710e+00,-6.108485305488112971e+00
4.627124856599152736e+00,-6.057545031031161820e+00
4.669605835647375081e+00,-6.006304464313910074e+00
4.711429852816507058e+00,-5.954814832181813067e+00
4.752566712043215347e+00,-5.903125572832791157e+00
4.792989069922214185e+00,-5.851284353847084674e+00
4.832672109175651265e+00,-5.799336967111260677e+00
4.871588107386255473e+00,-5.747301152823281356e+00
4.909711867358168114e+00,-5.695221331717482016e+00
4.947074781761664930e+00,-5.643140380688014268e+00
4.983626757933263818e+00,-5.591099722371858149e+00
5.019322035425393125e+00,-5.539139256155184654e+00
5.054146942490104877e+00,-5.487297581915677291e+00
5.088092794106221284e+00,-5.435635161113395952e+00
5.121153228815955138e+00,-5.384171582595197236e+00
5.153323404493772131e+00,-5.332940702620566853e+00
5.184573271534927308e+00,-5.281968488685937047e+00
5.214901606672755818e+00,-5.231250731432092849e+00
5.244281030714070369e+00,-5.180808228000533866e+00
5.272738634102594801e+00,-5.130655792067669196e+00
5.300246045165131648e+00,-5.080803265238071909e+00
5.326802259348918156e+00,-5.031256459874416720e+00
5.352406854288780380e+00,-4.981994978345958280e+00
5.378474018414807212e+00,-4.931482082991591298e+00
5.403835352465408803e+00,-4.880972982309809360e+00
5.428492391039328346e+00,-4.830462596525308072e+00
5.452445744139059691e+00,-4.779914206980812708e+00
5.475694979840886489e+00,-4.729314768918795764e+00
5.498210193299853721e+00,-4.678652444200229965e+00
5.520012848490231328e+00,-4.627917714942490157e+00
5.541094765022883450e+00,-4.577081153117761758e+00
5.561446140591977283e+00,-4.526116579310881072e+00
5.581081901220755981e+00,-4.475024330970036601e+00
5.599986845160596971e+00,-4.423809009331948872e+00
5.618170036172849713e+00,-4.372448543636237694e+00
5.635610191170697725e+00,-4.320949331536303006e+00
5.652284041088023514e+00,-4.269347167885939598e+00
5.668192466556322806e+00,-4.217645328614382016e+00
5.683332343088068228e+00,-4.165870473759233583e+00
5.697670054451857702e+00,-4.114019408117884247e+00
5.711193097397338825e+00,-4.062114944120965632e+00
5.723854221046797086e+00,-4.010152502072449110e+00
5.735653053953544855e+00,-3.958123889012131524e+00
5.746552544043921351e+00,-3.906050002989799541e+00
5.756534679177218727e+00,-3.853927099866286454e+00
5.765546809259440408e+00,-3.801782491245480067e+00
5.773557408299057059e+00,-3.749620880925881750e+00
5.780479152347619554e+00,-3.697447999773422200e+00
5.786278786993929835e+00,-3.645271064463450283e+00
5.790919844390472804e+00,-3.593130938277127928e+00
5.794363400461959301e+00,-3.541048269926768910e+00
5.796566970893905157e+00,-3.489047060114543797e+00
5.797485366735259937e+00,-3.437154742191148582e+00
5.797073386645111626e+00,-3.385402503703302202e+00
5.795286741194478175e+00,-3.333825228408279440e+00
5.792080835647353432e+00,-3.282461655031760017e+00
5.787439649527621910e+00,-3.231354347233169833e+00
5.781298678248545819e+00,-3.180549759382936159e+00
5.773599912183629002e+00,-3.130129919386561710e+00
5.764343589707468851e+00,-3.080158316654903583e+00
5.753451007655780103e+00,-3.030702903055503050e+00
5.740928120251763467e+00,-2.981835914765848194e+00
5.726784537090195748e+00,-2.933633737910201322e+00
5.711033993861583724e+00,-2.886176616004835882e+00
5.693671624793202213e+00,-2.839520157126946387e+00
5.674696667217720147e+00,-2.793721636390350760e+00
5.654135073772795117e+00,-2.748840064667322558e+00
5.631993595641919370e+00,-2.704936111463400294e+00
5.608314369022972201e+00,-2.662100408888031566e+00
5.583120297039460667e+00,-2.620398566400093721e+00
5.556437697841292156e+00,-2.579897490384782444e+00
5.528292895286308628e+00,-2.540665146843593902e+00
5.498721026138650103e+00,-2.502770514847400207e+00
5.467792492853638997e+00,-2.466311624362904631e+00
5.435526488164970971e+00,-2.431360656549364396e+00
5.401999680015296512e+00,-2.397989919431877226e+00
5.367291782146716095e+00,-2.366271677206685631e+00
5.331462791229595766e+00,-2.336277944188950517e+00
5.294584510747592176e+00,-2.308080194341842528e+00
5.256789580352792868e+00,-2.281749228589504686e+00
5.218130353665892507e+00,-2.257354767288003217e+00
5.178716007134829269e+00,-2.234993433305354493e+00
5.138634963577783488e+00,-2.214733691136788973e+00
5.097980723980058748e+00,-2.196641708781582825e+00
5.056874300686214241e+00,-2.180781031642803569e+00
5.015382922217846762e+00,-2.167212280006299618e+00
4.973655323993652289e+00,-2.155992741353103259e+00
4.931789365059135122e+00,-2.147147814740948402e+00
4.889860250084843152e+00,-2.140697275747993178e+00
4.847968779066249567e+00,-2.136655220140844857e+00
4.806217412285575641e+00,-2.135030153752025317e+00
4.764736568438603825e+00,-2.135824901583232904e+00
4.723624757910619643e+00,-2.139036636480965647e+00
4.682947924913270832e+00,-2.144656882873862802e+00
4.642796801943328333e+00,-2.152645278919072869e+00
4.603231925456885421e+00,-2.162958185847882131e+00
4.564337957801900103e+00,-2.175549005096335975e+00
4.526168890144649737e+00,-2.190368493057557764e+00
4.488830719200800345e+00,-2.207391410835989554e+00
4.452371935038080153e+00,-2.226561887449276078e+00
4.416864255453039512e+00,-2.247798964665067345e+00
4.382348188339401318e+00,-2.271050880631453772e+00
4.348855728963198608e+00,-2.296240413508754852e+00
4.316410016580133124e+00,-2.323345534530748324e+00
4.285056933316639061e+00,-2.352289906815510090e+00
4.254810781648425078e+00,-2.383025514009330603e+00
4.225677220888272245e+00,-2.415478007746447719e+00
4.197653228295009420e+00,-2.449601177127406881e+00
4.170755184624711731e+00,-2.485322178418488903e+00
4.144995826247399151e+00,-2.522572925366323826e+00
4.120356474348149334e+00,-2.561312687195582694e+00
4.096838512899419804e+00,-2.601499575528273933e+00
4.074408580488719345e+00,-2.643067185644017325e+00
4.053025024983499591e+00,-2.685952097759806367e+00
4.032638074067284251e+00,-2.730116689664491503e+00
4.013218394414291623e+00,-2.775494372715070046e+00
3.994702368502039747e+00,-2.822021061337687708e+00
3.977018838274855028e+00,-2.869608313551779588e+00
3.960117582164865091e+00,-2.918194690366656019e+00
3.943914922874733442e+00,-2.967691314004789138e+00
3.928348680762794753e+00,-3.018013715622039239e+00
3.913297595392797756e+00,-3.069081570726343688e+00
3.898694765136166751e+00,-3.120818574237181675e+00
3.884447919884858713e+00,-3.173152202541332123e+00
3.870437001177753800e+00,-3.226036641079010003e+00
3.856569647534409562e+00,-3.279398532469528060e+00
3.842727532809274926e+00,-3.333168499580899446e+00
3.828793621712760498e+00,-3.387280883961065747e+00
3.814707752655704720e+00,-3.441673580624635687e+00
3.800386505719194119e+00,-3.496287560714783638e+00
3.785692092754009419e+00,-3.551066557045390759e+00
3.770542158146203970e+00,-3.605956840109558303e+00
3.754832978617788086e+00,-3.660906714262992523e+00
3.738495272893990862e+00,-3.715866224399121620e+00
3.721436931074244114e+00,-3.770786620444330328e+00
3.703569798681664249e+00,-3.825596780108194483e+00
3.684842361570971558e+00,-3.880233754535700630e+00
3.665154312600440445e+00,-3.934641252417871549e+00
3.644492641056351179e+00,-3.988768372647094385e+00
3.622828490815123370e+00,-4.042591268454473585e+00
3.600114410314999347e+00,-4.096080842012196577e+00
3.576365719993587877e+00,-4.149179051167555698e+00
3.551523481777547175e+00,-4.201829357448557900e+00
3.525560672087634462e+00,-4.253975195496983552e+00
3.498456093139074241e+00,-4.305581700967095138e+00
3.470220582481981175e+00,-4.356635157670529779e+00
3.440842271942672781e+00,-4.407096928854474349e+00
3.410314698203742889e+00,-4.456934833291720466e+00
3.378663159505245872e+00,-4.506122602391812393e+00
3.345889746132349796e+00,-4.554630514394347962e+00
3.312027741941994563e+00,-4.602424965842851989e+00
3.277086767650392751e+00,-4.649504712088517344e+00
3.241080847856060210e+00,-4.695868753584361066e+00
3.204054539672410495e+00,-4.741516051258146902e+00
3.166027980407195574e+00,-4.786413334163762023e+00
3.127051159958261550e+00,-4.830548882579352110e+00
3.087148894969248492e+00,-4.873885877482973861e+00
3.046348895829970704e+00,-4.916416107499507859e+00
3.004707648417799248e+00,-4.958104668418214622e+00
2.962281674556557221e+00,-4.998943699155035780e+00
2.919100645110817460e+00,-5.038948327051476994e+00
2.875221516704739244e+00,-5.078073363473592394e+00
2.830673282701704263e+00,-5.116267028811424922e+00
2.785511261614024736e+00,-5.153520993635089198e+00
2.739787986001894549e+00,-5.189792036829723898e+00
2.693526355319433740e+00,-5.225004453419002104e+00
2.646773498901395349e+00,-5.259103914176888495e+00
2.599545655212978534e+00,-5.292053068427266638e+00
2.551882142539985132e+00,-5.323808373077429046e+00
2.503816206278688838e+00,-5.354323308160896744e+00
2.455374233368770920e+00,-5.383549014428308688e+00
2.406574769417153536e+00,-5.411462848784690749e+00
2.357433343201385423e+00,-5.438014085143385579e+00
2.307962236449251581e+00,-5.463178712473561127e+00
2.258196370200866276e+00,-5.486928358060097821e+00
2.208170191238716384e+00,-5.509179685360829026e+00
2.157917729574806653e+00,-5.529880728759319908e+00
2.107472647647697261e+00,-5.549007854062272038e+00
2.056868340732479261e+00,-5.566534588461692579e+00
2.006106200661357697e+00,-5.582432237762920302e+00
1.955209798636397878e+00,-5.596670835375550546e+00
1.904201872001593854e+00,-5.609245997530978300e+00
1.853104485243117328e+00,-5.620101605925278854e+00
1.801939250696469763e+00,-5.629239282520446253e+00
1.750727421164658182e+00,-5.636632190219373229e+00
1.699490214297006530e+00,-5.642280336270246721e+00
1.648249086389240503e+00,-5.646184653831232581e+00
1.597026003782614056e+00,-5.648352266755648721e+00
1.545843706539189233e+00,-5.648796304151739278e+00
1.494694258963933819e+00,-5.647558598586494227e+00
1.443593439421023472e+00,-5.644653317289069605e+00
1.392557998822143261e+00,-5.640067211782715972e+00
1.341574178237306514e+00,-5.633819709257179120e+00
1.290652146843617842e+00,-5.625962602822151659e+00
1.239803342091529315e+00,-5.616547992185443761e+00
1.189040938073319564e+00,-5.605573962082837092e+00
1.138348356837052266e+00,-5.593065644838958406e+00
1.087733910960589467e+00,-5.579075657930987475e+00
1.037208244059867779e+00,-5.563657779745751597e+00
9.867528129289258043e-01,-5.546840619900681446e+00
9.363747114090736900e-01,-5.528654009399878611e+00
8.860520986205630001e-01,-5.509178785385745236e+00
8.357889671566576251e-01,-5.488466193299853302e+00
7.855925551880975632e-01,-5.466541525425158810e+00
7.354420377584852675e-01,-5.443458656186897393e+00
6.853433906996628799e-01,-5.419219335794589476e+00
6.352749464087398268e-01,-5.393905703458635514e+00
5.852422325760378019e-01,-5.367571630387899972e+00
5.352554508595785965e-01,-5.340274434777581014e+00
4.852984250379301923e-01,-5.312074610636604355e+00
4.353514700672636573e-01,-5.283058849305656501e+00
3.854231814084049246e-01,-5.253257600149391138e+00
3.354960922784142596e-01,-5.222731416498572088e+00
2.855816804910588091e-01,-5.191567791909115215e+00
2.356659726381072628e-01,-5.159798620897315224e+00
1.857327484654202610e-01,-5.127486598835661269e+00
1.357952011597065300e-01,-5.094748332668816992e+00
8.584178235067443929e-02,-5.061671330947374869e+00
3.589122691340616844e-02,-5.028317240616904549e+00
-1.406173806881215980e-02,-4.994799183243012308e+00
-6.402317425083114966e-02,-4.961146523749025761e+00
-1.139999999999977698e-01,-4.927419638519462630e+00
-1.639999999999968150e-01,-4.893704726471625577e+00
-2.139999999999958602e-01,-4.860085815986677105e+00
-2.639999999999948499e-01,-4.826621815669570381e+00
-3.139999999999938396e-01,-4.793369663253888469e+00
-3.639999999999928848e-01,-4.760386904482454717e+00
-4.139999999999919300e-01,-4.727763652200410505e+00
-4.639999999999908642e-01,-4.695565780108178267e+00
-5.139999999999900204e-01,-4.663861246030396757e+00
-5.639999999999890656e-01,-4.632717206278647915e+00
-6.139999999999878888e-01,-4.602200816122585358e+00
-6.639999999999869340e-01,-4.572351256155203103e+00
-7.139999999999859792e-01,-4.543235993363293979e+00
-7.639999999999851354e-01,-4.514896002038463863e+00
-8.139999999999840696e-01,-4.487371994903534222e+00
-8.639999999999831148e-01,-4.460704397879819538e+00
-9.139999999999819380e-01,-4.434959656073663936e+00
-9.639999999999812053e-01,-4.410226972162363701e+00
-1.013999999999980250e+00,-4.386563834854610988e+00
-1.063999999999979407e+00,-4.363999553670439013e+00
-1.113999999999978341e+00,-4.342531683933866127e+00
-1.163999999999977053e+00,-4.322212354481330898e+00
-1.213999999999976431e+00,-4.303116771976631227e+00
-1.263999999999975365e+00,-4.285230929760500018e+00
-1.313999999999974744e+00,-4.268564091530868687e+00
-1.363999999999973234e+00,-4.253175312056814761e+00
-1.413999999999972168e+00,-4.239088007837015226e+00
-1.463999999999971546e+00,-4.226264321071742103e+00
-1.513999999999970481e+00,-4.214691474484051348e+00
-1.563999999999969415e+00,-4.204358971913212173e+00
-1.613999999999968571e+00,-4.195258953271792990e+00
-1.663999999999967283e+00,-4.187303404448490696e+00
-1.713999999999966661e+00,-4.180487676459181401e+00
-1.763999999999965373e+00,-4.174777842691711705e+00
-1.813999999999964752e+00,-4.170139184715313974e+00
-1.863999999999963464e+00,-4.166594580511368662e+00
-1.913999999999962842e+00,-4.164090877528288992e+00
-1.963999999999961554e+00,-4.162604757684125190e+00
-2.013999999999961155e+00,-4.162113382998400724e+00
-2.063999999999959201e+00,-4.162594853088323887e+00
-2.113999999999959023e+00,-4.164000551767795599e+00
-2.163999999999957957e+00,-4.166287316541628982e+00
-2.213999999999956891e+00,-4.169472279145539417e+00
-2.263999999999955826e+00,-4.173518549276233003e+00
-2.313999999999955204e+00,-4.178418859974097010e+00
-2.363999999999954138e+00,-4.184147056128030506e+00
-2.413999999999953072e+00,-4.190652735509216242e+00
-2.463999999999952006e+00,-4.197910263154236432e+00
-2.513999999999950941e+00,-4.205891772542897478e+00
-2.563999999999949875e+00,-4.214511798953460620e+00
-2.613999999999948809e+00,-4.223768177603034246e+00
-2.663999999999947299e+00,-4.233638213436234921e+00
-2.713999999999947565e+00,-4.244099872862268974e+00
-2.763999999999946500e+00,-4.255099802441648649e+00
-2.813999999999944990e+00,-4.266609457043110787e+00
-2.863999999999943924e+00,-4.278573576683419866e+00
-2.913999999999942858e+00,-4.290973695644211716e+00
-2.963999999999941792e+00,-4.303770025028796020e+00
-3.013999999999941615e+00,-4.316946977960911980e+00
-3.063999999999939661e+00,-4.330457993997514521e+00
-3.113999999999939039e+00,-4.344260439239762128e+00
-3.163999999999937529e+00,-4.358288895558137810e+00
-3.213999999999937351e+00,-4.372529437110607375e+00
-3.263999999999936730e+00,-4.386968300323817793e+00
-3.313999999999936108e+00,-4.401568672903037438e+00
-3.363999999999934598e+00,-4.416325024553131584e+00
-3.413999999999933088e+00,-4.431205154363546228e+00
-3.463999999999932022e+00,-4.446173078869197326e+00
-3.513999999999931401e+00,-4.461163788488892834e+00
-3.563999999999929891e+00,-4.476137158825708617e+00
-3.613976825749097621e+00,-4.491024684137719269e+00
-3.663938261931116269e+00,-4.505815257151829734e+00
-3.713891226913334620e+00,-4.520472071145350768e+00
-3.763841782350602738e+00,-4.534923754762194115e+00
-3.813795201159635440e+00,-4.549150777299510118e+00
-3.863732748465348532e+00,-4.563108103988676056e+00
-3.913665972638035839e+00,-4.576692868807811010e+00
-3.963604854741820116e+00,-4.589825084441233827e+00
-4.013557830347155075e+00,-4.602479053206098847e+00
-4.063531927857856552e+00,-4.614575791886476708e+00
-4.113532840879667418e+00,-4.626092151056559132e+00
-4.163564972819234988e+00,-4.636977698815284654e+00
-4.213608311649106319e+00,-4.647210739903417043e+00
-4.263672722847545948e+00,-4.656743474778499703e+00
-4.313766132483097593e+00,-4.665554139640669895e+00
-4.363894608620721982e+00,-4.673597729189698846e+00
-4.414062499739431544e+00,-4.680829049967065281e+00
-4.464272512287847938e+00,-4.687224899907040943e+00
-4.514525818614149699e+00,-4.692760377879362288e+00
-4.564822216131645405e+00,-4.697411930643864864e+00
-4.615136965910802580e+00,-4.701131174952908331e+00
-4.665475113592515655e+00,-4.703899862828058609e+00
-4.715839673129537779e+00,-4.705729931753742434e+00
-4.766231820267637254e+00,-4.706576803574167300e+00
-4.816650965661642303e+00,-4.706419953430335923e+00
-4.867071689211438290e+00,-4.705239696165166130e+00
-4.917498144487887579e+00,-4.703045550612605652e+00
-4.967932207660325616e+00,-4.699821518539399001e+00
-5.018373647036075802e+00,-4.695522457767920876e+00
-5.068797168225682270e+00,-4.690128257989896632e+00
-5.119183471448856437e+00,-4.683647045029241340e+00
-5.169518598292045297e+00,-4.676060315409090506e+00
-5.219816341276032112e+00,-4.667377486035832135e+00
-5.270086623003816584e+00,-4.657523109628666447e+00
-5.320312643479929271e+00,-4.646500144691747991e+00
-5.370505212009227591e+00,-4.634283819724025477e+00
-5.420648006024945786e+00,-4.620849928197602985e+00
-5.470728792747181046e+00,-4.606176739246552465e+00
-5.520762053002225223e+00,-4.590271263675192337e+00
-5.570734242496890865e+00,-4.573112413100999696e+00
-5.620658306915109925e+00,-4.554705537452628406e+00
-5.670518945208161909e+00,-4.535055654488121313e+00
-5.720304037237425199e+00,-4.514225371378651985e+00
-5.770004035130921416e+00,-4.492197175904236062e+00
-5.819634766540465520e+00,-4.468979465672973994e+00
-5.869182728351603373e+00,-4.444579849011216055e+00
-5.918636634170533206e+00,-4.419004915490638119e+00
-5.967986864662730540e+00,-4.392289602437116081e+00
-6.017248386803661475e+00,-4.364442994314622126e+00
-6.066406102720214299e+00,-4.335472972864533148e+00
-6.115446482683521090e+00,-4.305385963804305050e+00
-6.164385378105837532e+00,-4.274218574712820740e+00
-6.213212897188943096e+00,-4.242009365217702666e+00
-6.261942541665601603e+00,-4.208766945661200687e+00
-6.310556710502947197e+00,-4.174501562594767456e+00
-6.359038394482197987e+00,-4.139225563614044034e+00
-6.407399119345726035e+00,-4.102976304989840450e+00
-6.455623911594701170e+00,-4.065793076604147238e+00
-6.503697257853958469e+00,-4.027717193639641202e+00
-6.551603037169456023e+00,-3.988760089854731739e+00
-6.599324271489599880e+00,-3.948989616004815684e+00
-6.646842988221574267e+00,-3.908420824503309188e+00
-6.694163368434036698e+00,-3.867093477315378447e+00
-6.741285673650461163e+00,-3.825049125982393772e+00
-6.788183235339285915e+00,-3.782331158236806434e+00
-6.834828599265987847e+00,-3.738953214546122616e+00
-6.881193515957193085e+00,-3.694985421391125513e+00
-6.927248810777006049e+00,-3.650471554802982244e+00
-6.972964480780855290e+00,-3.605451959387458327e+00
-7.018286436748147672e+00,-3.559936919227999486e+00
-7.063167539219323388e+00,-3.513961046501550278e+00
-7.107594971143035067e+00,-3.467586755532333864e+00
-7.151534614215355745e+00,-3.420849698860609855e+00
-7.194956602708867166e+00,-3.373755513850757115e+00
-7.237834550431352376e+00,-3.326334303155159766e+00
-7.280145040589678374e+00,-3.278635332714153972e+00
-7.321895287911248218e+00,-3.230672816077311715e+00
-7.363067642732421980e+00,-3.182454252961500085e+00
-7.403645561258320740e+00,-3.133981001155118129e+00
-7.443613131191954224e+00,-3.085306771183884855e+00
-7.482982903825535104e+00,-3.036452211397707046e+00
-7.521795215248217481e+00,-2.987405676912216368e+00
-7.560062752700932087e+00,-2.938178047883246435e+00
-7.597770018301511996e+00,-2.888771518403531857e+00
-7.634899384085560570e+00,-2.839185892749497064e+00
-7.671459035221484868e+00,-2.789420087816204319e+00
-7.707454461369303900e+00,-2.739467660105497693e+00
-7.742888012865372538e+00,-2.689326267820283167e+00
-7.777760498652138921e+00,-2.639030252667053045e+00
-7.812042661328530535e+00,-2.588588635121922721e+00
-7.845729710774722143e+00,-2.538008919295970944e+00
-7.878786600285243580e+00,-2.487297924958614015e+00
-7.911202646492405677e+00,-2.436462548392894334e+00
-7.942991347414281478e+00,-2.385478538222789435e+00
-7.974135468549528483e+00,-2.334345466669641489e+00
-8.004586904731549879e+00,-2.283064142902399674e+00
-8.034321434936082085e+00,-2.231637407936716055e+00
-8.063312414346713197e+00,-2.180070698883284308e+00
-8.091530879589415193e+00,-2.128341008312717442e+00
-8.118917190581734999e+00,-2.076451567668536224e+00
-8.145436056014698778e+00,-2.024409343609102407e+00
-8.171076494688282565e+00,-1.972225803687474244e+00
-8.195797224376383028e+00,-1.919917445717872040e+00
-8.219554999207069557e+00,-1.867474674873686347e+00
-8.242276484540825621e+00,-1.814916501732733334e+00
-8.263913367799787579e+00,-1.762268117964132408e+00
-8.284442514077166919e+00,-1.709561479082165381e+00
-8.303811439783299164e+00,-1.656804115812330558e+00
-8.321966784683523244e+00,-1.604033888808322095e+00
-8.338854629640373162e+00,-1.551264580896479117e+00
-8.354446963215311328e+00,-1.498540662008170044e+00
-8.368713597227406709e+00,-1.445882813766987907e+00
-8.381621997644177924e+00,-1.393342799723635839e+00
-8.393083025594979318e+00,-1.340948893950006715e+00
-8.403034272350284439e+00,-1.288760683730070689e+00
-8.411440601123304717e+00,-1.236814603343199925e+00
-8.418239755758742504e+00,-1.185178684386939185e+00
-8.423397319350216961e+00,-1.133898139776643443e+00
-8.426878642573846889e+00,-1.083018127454734358e+00
-8.428622842465124165e+00,-1.032583495820949882e+00
-8.428625973747823963e+00,-9.826702207750832585e-01
-8.426860210650133354e+00,-9.333309681985820783e-01
-8.423328515526801397e+00,-8.846179340868249863e-01
-8.418036354164144086e+00,-8.365823541416403941e-01
-8.410991534304123718e+00,-7.893061263675127393e-01
-8.402177972796502914e+00,-7.428472503793824844e-01
-8.391610284830749222e+00,-6.972344304061111053e-01
-8.379305645858181606e+00,-6.525213984235076481e-01
-8.365283757910548346e+00,-6.087641503997708314e-01
-8.349540457563994877e+00,-5.660210801150539206e-01
-8.332102693197871446e+00,-5.243213757049887125e-01
-8.313000193390401193e+00,-4.836913324424015892e-01
-8.292233733198779433e+00,-4.441824201001068340e-01
-8.269829174567780328e+00,-4.057933429069662257e-01
-8.245788158191418304e+00,-3.685735811230081427e-01
-8.220142960701101842e+00,-3.325923941199056544e-01
-8.192928404425760647e+00,-2.978856078733322366e-01
-8.164149927767173409e+00,-2.644565492763091830e-01
-8.133837944505946993e+00,-2.323360675213436144e-01
-8.102024746268162048e+00,-2.015276595392835046e-01
-8.068744559944576622e+00,-1.720335978617829054e-01
-8.034033766495120688e+00,-1.438549057509768969e-01
-7.997931110897033236e+00,-1.169912253278647674e-01
-7.960451624906411006e+00,-9.144073806881065913e-02
-7.921609742304315027e+00,-6.720017585902156310e-02
-7.881445561733974259e+00,-4.426460717116951354e-02
-7.840001743051785432e+00,-2.262747894629508344e-02
-7.797323956918464027e+00,-2.280480871593898277e-03
-7.753461039230635343e+00,1.678646159595878831e-02
-7.708465381390142923e+00,3.458534517203037256e-02
-7.662419532220284601e+00,5.113007066977632437e-02
-7.615407976692415204e+00,6.643656433894178093e-02
-7.567485316337709378e+00,8.052281442388116439e-02
-7.518730446487882801e+00,9.340894081405962113e-02
-7.469223530430894264e+00,1.051173128723166539e-01
-7.419046168067081837e+00,1.156724912455525389e-01
-7.368281580398052810e+00,1.251276436159344529e-01
-7.316982910847215749e+00,1.335096632313276244e-01
-7.265227711771360397e+00,1.408738535187632479e-01
-7.213094998029260907e+00,1.472490465016166317e-01
-7.160665639448091646e+00,1.526921816575657065e-01
-7.107990886203399583e+00,1.572597980701683773e-01
-7.055114909850593641e+00,1.609815204194853799e-01
-7.002074483023261742e+00,1.639146572062755158e-01
-6.948930213119073329e+00,1.661155957552800100e-01
-6.895744021087546471e+00,1.676629045278455743e-01
-6.842547663752159615e+00,1.686027609911856517e-01
-6.789397530068498554e+00,1.690038470860009134e-01
-6.736320118915360311e+00,1.688999946997634116e-01
-6.683335019479359929e+00,1.683454605766801782e-01
-6.630486421549621312e+00,1.673642419986830221e-01
-6.577788864345609277e+00,1.659816409658170233e-01
-6.525282063580022829e+00,1.642239356044272180e-01
-6.472976686969001747e+00,1.621181151328424386e-01
-6.420877368705848909e+00,1.596914790368946790e-01
-6.368982658587839296e+00,1.569715193549086896e-01
-6.317316830573616038e+00,1.539855413486119207e-01
-6.265875822985677246e+00,1.507605570907578629e-01
-6.214650329610968527e+00,1.473229660694437559e-01
-6.163625914086269475e+00,1.436984741217213202e-01
-6.112815057487027026e+00,1.399118537905700843e-01
-6.062203034609952468e+00,1.359868679924773616e-01
-6.011771356769006758e+00,1.319461658927696124e-01
-5.961497925615412363e+00,1.278111458923166799e-01
-5.911357335296266946e+00,1.235737314095425171e-01
-5.861353014654804738e+00,1.192793526014155892e-01
-5.811463378672110380e+00,1.149740749507327797e-01
-5.761665405762192549e+00,1.107042874130762800e-01
-5.711935112641171486e+00,1.065113277763915234e-01
-5.662247848626131841e+00,1.024036563682056700e-01
-5.612578854673835771e+00,9.838874432036771867e-02
-5.562903810595828169e+00,9.447321830618855831e-02
-5.513199294978261555e+00,9.066292681600765513e-02
-5.463443361593587788e+00,8.696309379600726530e-02
-5.413648144669084061e+00,8.337858696686058224e-02
-5.363806341230727526e+00,7.991402425875855642e-02
-5.313915087680251226e+00,7.657400183469463550e-02
-5.263976825749065114e+00,7.336355647919404199e-02
-5.213999999999898272e+00,7.028826458130287003e-02
-5.163999999999899337e+00,6.735481258918531167e-02
-5.113999999999899515e+00,6.457119363971877690e-02
-5.063999999999901469e+00,6.194732952048623981e-02
-5.013999999999902535e+00,5.949542648757501218e-02
-4.963999999999903601e+00,5.723052780357314184e-02
-4.913999999999903778e+00,5.517108097578547754e-02
-4.863999999999905732e+00,5.333947640943066670e-02
-4.813999999999905910e+00,5.176280545425616941e-02
-4.763999999999906976e+00,5.044147267208673457e-02
-4.713999999999908930e+00,4.940422236064141021e-02
-4.663999999999908219e+00,4.865356225508977311e-02
-4.613999999999910173e+00,4.822074377675506646e-02
-4.563999999999911239e+00,4.811152594622661316e-02
-4.513999999999911417e+00,4.832906629821646233e-02
-4.463999999999913371e+00,4.890574305193680360e-02
-4.413999999999912660e+00,4.982255385172839474e-02
-4.363999999999914614e+00,5.111338648666916007e-02
-4.313999999999915680e+00,5.277970144284026971e-02
-4.263999999999916746e+00,5.484502181249752140e-02
-4.213999999999918700e+00,5.727378518199621044e-02
-4.163999999999918877e+00,6.005793823189536917e-02
-4.113999999999919055e+00,6.316317440938516714e-02
-4.063999999999921009e+00,6.658070108043087632e-02
-4.013999999999922075e+00,7.030097741738067230e-02
-3.963999999999923585e+00,7.431371247366727606e-02
-3.913999999999923318e+00,7.860787662234551554e-02
-3.863999999999924828e+00,8.317174144374570033e-02
-3.813999999999925450e+00,8.799288346281738948e-02
-3.763999999999926960e+00,9.305820147681533039e-02
-3.713999999999927581e+00,9.835384445853621871e-02
-3.663999999999929091e+00,1.038653712428347364e-01
-3.613999999999929713e+00,1.095776556433873117e-01
-3.563999999999929891e+00,1.154749969421708516e-01
-3.513999999999931401e+00,1.215410497179980204e-01
-3.463999999999932022e+00,1.277588791365578125e-01
-3.413999999999933088e+00,1.341110446895713293e-01
-3.363999999999934598e+00,1.405795680989349594e-01
-3.313999999999936108e+00,1.471459944959087052e-01
-3.263999999999936730e+00,1.537913375387860715e-01
-3.213999999999937351e+00,1.604962887268083782e-01
-3.163999999999937529e+00,1.672128758522244407e-01
-3.113999999999939039e+00,1.739193974268918863e-01
-3.063999999999939661e+00,1.805709981879509152e-01
-3.013999999999941615e+00,1.871307933588493011e-01
-2.963999999999941792e+00,1.935689923214531372e-01
-2.913999999999942858e+00,1.998620448028229357e-01
-2.863999999999943924e+00,2.059919300776874296e-01
-2.813999999999944990e+00,2.119423716505428601e-01
-2.763999999999946500e+00,2.177220604317156305e-01
-2.713999999999947565e+00,2.232871313506491484e-01
-2.663999999999947299e+00,2.286243073682258098e-01
-2.613999999999948809e+00,2.337426565494076791e-01
-2.563999999999949875e+00,2.386463754331874798e-01
-2.513999999999950941e+00,2.433386600828963131e-01
-2.463999999999952006e+00,2.478218926136444011e-01
-2.413999999999953072e+00,2.520978405173340819e-01
-2.363999999999954138e+00,2.561678780946290979e-01
-2.313999999999955204e+00,2.600331387573846520e-01
-2.263999999999955826e+00,2.636946628009643190e-01
-2.213999999999956891e+00,2.671536585200065539e-01
-2.163999999999957957e+00,2.704115554599145765e-01
-2.113999999999959023e+00,2.734703155224300075e-01
-2.063999999999959201e+00,2.763324831592960940e-01
-2.013999999999961155e+00,2.790013964076141217e-01
-1.963999999999961554e+00,2.814812488844539162e-01
-1.913999999999962842e+00,2.837773297243370019e-01
-1.863999999999963464e+00,2.859281211578915127e-01
-1.813999999999964752e+00,2.879192448753029598e-01
-1.763999999999965373e+00,2.897292086796926514e-01
-1.713999999999966661e+00,2.913284148904787818e-01
-1.663999999999967283e+00,2.926840396158406077e-01
-1.613999999999968571e+00,2.937916584067531978e-01
-1.563999999999969415e+00,2.946470338172947900e-01
-1.513999999999970481e+00,2.952461871390007486e-01
-1.463999999999971546e+00,2.956085201703265164e-01
-1.413999999999972168e+00,2.957226553942274294e-01
-1.363999999999973234e+00,2.956016058347810116e-01
-1.313999999999974744e+00,2.952515580873801282e-01
-1.263999999999975365e+00,2.946727959183615964e-01
-1.213999999999976431e+00,2.938605171351502121e-01
-1.163999999999977053e+00,2.927823495209347371e-01
-1.113999999999978341e+00,2.914100066819124146e-01
-1.063999999999979407e+00,2.897191051892398783e-01
-1.013999999999980250e+00,2.876888873134103575e-01
-9.639999999999812053e-01,2.853019405875502068e-01
-9.139999999999819380e-01,2.825440112120264913e-01
-8.639999999999831148e-01,2.794036582255489121e-01
-8.139999999999840696e-01,2.758720812022868452e-01
-7.639999999999851354e-01,2.719428002672714118e-01
-7.139999999999859792e-01,2.676115098643178647e-01
-6.639999999999869340e-01,2.628987766200768794e-01
-6.139999999999878888e-01,2.577958124079769986e-01
-5.639999999999890656e-01,2.522959402930934347e-01
-5.139999999999900204e-01,2.464225662415861495e-01
-4.639999999999908642e-01,2.402021913293572453e-01
-4.139999999999919300e-01,2.336637630297356549e-01
-3.639999999999928848e-01,2.268379427393554804e-01
-3.139999999999938396e-01,2.197562993046232038e-01
-2.639999999999948499e-01,2.124544779270157169e-01
-2.139999999999958602e-01,2.049437120886050123e-01
-1.639999999999968150e-01,1.972939661147439516e-01
-1.139999999999977698e-01,1.895564667376347379e-01
-6.399999999999873845e-02,1.817624619357141036e-01
-1.399999999999972447e-02,1.739469477224818150e-01
3.599999999999929645e-02,1.661452069809023213e-01
8.599999999999832778e-02,1.583927947631852129e-01
1.359999999999973452e-01,1.507253234274812670e-01
1.859999999999963904e-01,1.431781978980243564e-01
2.359999999999954079e-01,1.357865782916913844e-01
2.859999999999944253e-01,1.285850302838091319e-01
3.359999999999934150e-01,1.216074998527689327e-01
3.859999999999924603e-01,1.148870820856622288e-01
4.359999999999913944e-01,1.084558255679609340e-01
4.859999999999904396e-01,1.023446578178421329e-01
5.359999999999894849e-01,9.658307814446345785e-02
5.859999999999885301e-01,9.119920729801175852e-02
6.359999999999875753e-01,8.621946025957386017e-02
6.859999999999866205e-01,8.166845217332058260e-02
7.359999999999856657e-01,7.756888081270094104e-02
7.859999999999847109e-01,7.394129434415130930e-02
8.359999999999836451e-01,7.080409800901354966e-02
8.859999999999825793e-01,6.820522281365243300e-02
9.359999999999816245e-01,6.616784540986078711e-02
9.859999999999807807e-01,6.473980106004539881e-02
1.035999999999979826e+00,6.396487791342829465e-02
1.085999999999978760e+00,6.385416249518550968e-02
1.135999999999977916e+00,6.444049613807661947e-02
1.185999999999976851e+00,6.572355425943836316e-02
1.235999999999975785e+00,6.766992921696850238e-02
1.285999999999974941e+00,7.026485313370495200e-02
1.335999999999974097e+00,7.348463281161378424e-02
1.385999999999973031e+00,7.730237570499748356e-02
1.435999999999971743e+00,8.166381786676776833e-02
1.485999999999970900e+00,8.654202752044046210e-02
1.535999999999970056e+00,9.193243147069971033e-02
1.585999999999968768e+00,9.779876429817019323e-02
1.635999999999968368e+00,1.041049216969786723e-01
1.685999999999967081e+00,1.108380722779656324e-01
1.735999999999966015e+00,1.179546114294751508e-01
1.785999999999965393e+00,1.254119285374502846e-01
1.835999999999963883e+00,1.331683767469225843e-01
1.885999999999963039e+00,1.411551345670316315e-01
1.935999999999962196e+00,1.493309557181334291e-01
1.985999999999961130e+00,1.576790420621048128e-01
2.035999999999960064e+00,1.661529752429241058e-01
2.085999999999959442e+00,1.747085413712620716e-01
2.135999999999957932e+00,1.833036936510417658e-01
2.185999999999957755e+00,1.919217331083339362e-01
2.235999999999956689e+00,2.005171344990787363e-01
2.285999999999955179e+00,2.090473780380036062e-01
2.335999999999954557e+00,2.174728988878527891e-01
2.385999999999953491e+00,2.257802172416092379e-01
2.435999999999952870e+00,2.339277730865885752e-01
2.485999999999951804e+00,2.418778114340028873e-01
2.535999999999950738e+00,2.496193071643703354e-01
2.585999999999949672e+00,2.570877759405598706e-01
2.635999999999948606e+00,2.642516945117618365e-01
2.685999999999947097e+00,2.710812001630787393e-01
2.735999999999946475e+00,2.775225194455085975e-01
2.785999999999945853e+00,2.835531074995981116e-01
2.835999999999945231e+00,2.891510638066491223e-01
2.885999999999944166e+00,2.943223130761681849e-01
2.935999999999942656e+00,2.990732846723536675e-01
2.985976825749108610e+00,3.034114131237340972e-01
3.035915087680295610e+00,3.073458711182525671e-01
3.085806341230771910e+00,3.108882029037969286e-01
3.135671318919960093e+00,3.140527524519179936e-01
3.185505073025374667e+00,3.168573525561105830e-01
3.235308020340148527e+00,3.193237185893162966e-01
3.285085165643552241e+00,3.214780133185287103e-01
3.334845365149768703e+00,3.233512356112193120e-01
3.384600655892479715e+00,3.249533995333919734e-01
3.434388765793042531e+00,3.263286860857486649e-01
3.484218327821626549e+00,3.275277145348641228e-01
3.534100202178916295e+00,3.285757885342751594e-01
3.584046797096127168e+00,3.294954653332967109e-01
3.634071629776367551e+00,3.303057719314076990e-01
3.684188767627733174e+00,3.310214078008497096e-01
3.734412284309877705e+00,3.316518105279783746e-01
3.784779042673599658e+00,3.322321139323589079e-01
3.835294166391009174e+00,3.327716855647854799e-01
3.885962444834462293e+00,3.332769480848877808e-01
3.936787968470330412e+00,3.337791856893635445e-01
3.987773791433476323e+00,3.343429696255795780e-01
4.038921567555244785e+00,3.350119871118193426e-01
4.090254424652799869e+00,3.358037751024872120e-01
4.141762642211520351e+00,3.367642540940839480e-01
4.193411940383619196e+00,3.379413181272442057e-01
4.245197507100871626e+00,3.393563902693086387e-01
4.297088654125716722e+00,3.410588946974950075e-01
4.349059759269660930e+00,3.430998129742396374e-01
4.401089063489459718e+00,3.455312943441459783e-01
4.453157917325333948e+00,3.484063813223334805e-01
4.505249735894270025e+00,3.517553822057056245e-01
4.557349261999050327e+00,3.555883494303312409e-01
4.609441824095585893e+00,3.599485936261226926e-01
4.661512572900766926e+00,3.648850913044391908e-01
4.713545925253028734e+00,3.704513595551355842e-01
4.765524892658857148e+00,3.766759751523177102e-01
4.817430673423992005e+00,3.836161848739421121e-01
4.869242121203103402e+00,3.913305150965970536e-01
4.920935362544922143e+00,3.998775647013445012e-01
4.972483465061399599e+00,4.092867629164794185e-01
5.023856101814212494e+00,4.196120028086625098e-01
5.075019328433159949e+00,4.309043173344725974e-01
5.125935407007986555e+00,4.431826717026347007e-01
5.176562622346951414e+00,4.565195366146370115e-01
5.226855233753776808e+00,4.709595986771975551e-01
5.276763384266811130e+00,4.865457358716976932e-01
5.326233142924991171e+00,5.033505448820940753e-01
5.375206448730330600e+00,5.213959215610671771e-01
5.423621302792708931e+00,5.407345808964990619e-01
5.471411848127823774e+00,5.613905160026164687e-01
5.518508497587606421e+00,5.833818912319530536e-01
5.564866414165558162e+00,6.067207938798042655e-01
5.610439106570821011e+00,6.313867541280540063e-01
5.655178319418222799e+00,6.573813091123112962e-01
5.699005812974135665e+00,6.846996028901994880e-01
5.741868054587761172e+00,7.133040253459735913e-01
5.783709955627421628e+00,7.431787921810089070e-01
5.824474964461142434e+00,7.743016055856153379e-01
5.864105035991641124e+00,8.066204143921562597e-01
5.902540686176241280e+00,8.401393436997276476e-01
5.939692946657792127e+00,8.748326753040669423e-01
5.975498146866176974e+00,9.106418062243586409e-01
6.009891860744180470e+00,9.475300341343898536e-01
6.042809140388112787e+00,9.854545310425866234e-01
6.074184589526256950e+00,1.024366383066414254e+00
6.103952511676251191e+00,1.064184388253393898e+00
6.132047235090143822e+00,1.104850044168589118e+00
6.158375129493185440e+00,1.146299405128066606e+00
6.182869465944747844e+00,1.188463296926294488e+00
6.205464671861076198e+00,1.231241130376655057e+00
6.226096487711944683e+00,1.274555912999137286e+00
6.244702311966173980e+00,1.318326233504697020e+00
6.261221444585259199e+00,1.362440165530336422e+00
6.275567323903024963e+00,1.406810243380343550e+00
6.287682472671964895e+00,1.451345499309129483e+00
6.297541013386363851e+00,1.495925326100222108e+00
6.305094133796791844e+00,1.540454618269919029e+00
6.310324912795182151e+00,1.584809381186405908e+00
6.313221990984949628e+00,1.628865605177888476e+00
6.313779777412728222e+00,1.672499823733234248e+00
6.311998242157116579e+00,1.715589660264072336e+00
6.307909271716111377e+00,1.758042561349033805e+00
6.301548059321719464e+00,1.799769817889384615e+00
6.292952696233087728e+00,1.840686538064246536e+00
6.282137742780008693e+00,1.880712067770467844e+00
6.269148549185588948e+00,1.919769776370888081e+00
6.254032826519164701e+00,1.957787438854749151e+00
6.236840249518554202e+00,1.994697153095161379e+00
6.217622240526278432e+00,2.030435354254870095e+00
6.196431598926242401e+00,2.064942990260214550e+00
6.173295995628317989e+00,2.098165374844236375e+00
6.148272627171502691e+00,2.130029132596393371e+00
6.121419619447658889e+00,2.160496192484499201e+00
6.092795825862300951e+00,2.189531890280597803e+00
6.062460691906832011e+00,2.217104972502164983e+00
6.030473877165842822e+00,2.243187450995449250e+00
5.996895218804385586e+00,2.267754463317358304e+00
5.961758204557177976e+00,2.290784250334051197e+00
5.925124797662346232e+00,2.312289791320256693e+00
5.887056864979839155e+00,2.332264544111938509e+00
5.847616200955740418e+00,2.350705496681645634e+00
5.806864397653287213e+00,2.367612832884050889e+00
5.764862706040795537e+00,2.382989830800198217e+00
5.721645795986207261e+00,2.396874421866813432e+00
5.677276485333644374e+00,2.409284702280865442e+00
5.631843725293780523e+00,2.420241988855872606e+00
5.585407801490297253e+00,2.429802230628053117e+00
5.538054831774111619e+00,2.438001671951751881e+00
5.489868176176023518e+00,2.444879614056895800e+00
5.440928227796672623e+00,2.450506248589954694e+00
5.391312156741837391e+00,2.454927371831703731e+00
5.341093623320921857e+00,2.458239657070327322e+00
5.290342741353041944e+00,2.460539261591380811e+00
5.239125880495491216e+00,2.461921944120997185e+00
5.187505591972536578e+00,2.462474255226570818e+00
5.135540546739350454e+00,2.462250430836437687e+00
5.083285611089619849e+00,2.461358235294070163e+00
5.030791851955777716e+00,2.459849733855758558e+00
4.978106579356173178e+00,2.457775244037189832e+00
4.925273621372982191e+00,2.455182169969827299e+00
4.872333382386821121e+00,2.452145886067587099e+00
4.819323183831929036e+00,2.448714437858114490e+00
4.766277481936078253e+00,2.444930550046386042e+00
4.713228317424992042e+00,2.440862403995513130e+00
4.660205612516612916e+00,2.436548403972862431e+00
4.607237696595529286e+00,2.432019106797388641e+00
4.554351805318265889e+00,2.427328039457245179e+00
4.501574634193212354e+00,2.422496329248633451e+00
4.448933012593630387e+00,2.417566719336744274e+00
4.396454581689193120e+00,2.412580096989692002e+00
4.344168530702762432e+00,2.407575338059705583e+00
4.292106425037855999e+00,2.402589058166615832e+00
4.240271206641064161e+00,2.397655586695008889e+00
4.188660319939215171e+00,2.392806763392102631e+00
4.137265747831127882e+00,2.388071944279551495e+00
4.086105876735520503e+00,2.383477787560260630e+00
4.035171489320177329e+00,2.379048341208135131e+00
3.984449066003681761e+00,2.374804949874242954e+00
3.933920908446320475e+00,2.370766297220728624e+00
3.883565286371077008e+00,2.366974727105890963e+00
3.833356705406615550e+00,2.363441468481686680e+00
3.783298046705401152e+00,2.360174956941221147e+00
3.733366623887218072e+00,2.357209182767400879e+00
3.683537815443085783e+00,2.354549065935762187e+00
3.633785384923709394e+00,2.352173732474076573e+00
3.584081823212234230e+00,2.350090910824661705e+00
3.534398907585607486e+00,2.348282060046614106e+00
3.484708060023942178e+00,2.346733861582323222e+00
3.435012838886430941e+00,2.345460731205643690e+00
3.385295273211105460e+00,2.344450311467937809e+00
3.335539777684593865e+00,2.343694968991323790e+00
3.285733695780135299e+00,2.343214592108495697e+00
3.235868052662511207e+00,2.343025505741874515e+00
3.185938261931125393e+00,2.343141022877029300e+00
3.135976825749106744e+00,2.343572301456385620e+00
3.085999999999940346e+00,2.344329233663231093e+00
3.035999999999940524e+00,2.345421085256698568e+00
2.985999999999941146e+00,2.346857522050283862e+00
2.935999999999942656e+00,2.348649440621485951e+00
2.885999999999944166e+00,2.350809984189856205e+00
2.835999999999945231e+00,2.353355449545809996e+00
2.785999999999945853e+00,2.356306424245123932e+00
2.735999999999946475e+00,2.359628711023986192e+00
2.685999999999947097e+00,2.363311412262972588e+00
2.635999999999948606e+00,2.367312680876077824e+00
2.585999999999949672e+00,2.371586508980904284e+00
2.535999999999950738e+00,2.376111329633693980e+00
2.485999999999951804e+00,2.380835957779291689e+00
2.435999999999952870e+00,2.385734354458718176e+00
2.385999999999953491e+00,2.390779733040339305e+00
2.335999999999954557e+00,2.395944643865046242e+00
2.285999999999955179e+00,2.401201174273436045e+00
2.235999999999956689e+00,2.406547292192301679e+00
2.185999999999957755e+00,2.411952295997596973e+00
2.135999999999957932e+00,2.417385103195948126e+00
2.085999999999959442e+00,2.422814503159707478e+00
2.035999999999960064e+00,2.428209231126364998e+00
1.985999999999961130e+00,2.433538228634803069e+00
1.935999999999962196e+00,2.438770772724136560e+00
1.885999999999963039e+00,2.443876550046386154e+00
1.835999999999963883e+00,2.448825932274748318e+00
1.785999999999965393e+00,2.453590099413302195e+00
1.735999999999966015e+00,2.458141172846449063e+00
1.685999999999967081e+00,2.462429219597224606e+00
1.635999999999968368e+00,2.466436503159706639e+00
1.585999999999968768e+00,2.470145812045524636e+00
1.535999999999970056e+00,2.473540615370628082e+00
1.485999999999970900e+00,2.476605366237012440e+00
1.435999999999971743e+00,2.479325481415159071e+00
1.385999999999973031e+00,2.481687698566171107e+00
1.335999999999974097e+00,2.483648209404468510e+00
1.285999999999974941e+00,2.485187069333345544e+00
1.235999999999975785e+00,2.486258855625220754e+00
1.185999999999976851e+00,2.486847591247771216e+00
1.135999999999977916e+00,2.486912421323197453e+00
1.085999999999978760e+00,2.486444541348566073e+00
1.035999999999979826e+00,2.485438988561413876e+00
9.859999999999807807e-01,2.483894861084007921e+00
9.359999999999816245e-01,2.481843402115515129e+00
8.859999999999825793e-01,2.479291392126613758e+00
8.359999999999836451e-01,2.476275530430992244e+00
7.859999999999847109e-01,2.472835913180318368e+00
7.359999999999856657e-01,2.468987511291261150e+00
6.859999999999866205e-01,2.464746261410176054e+00
6.359999999999875753e-01,2.460129211443019770e+00
5.859999999999885301e-01,2.455154406985387894e+00
5.359999999999894849e-01,2.449840934630408196e+00
4.859999999999904396e-01,2.444208941923891487e+00
4.359999999999913944e-01,2.438279542730251936e+00
3.859999999999924603e-01,2.432074891028061625e+00
3.359999999999934150e-01,2.425618075290445930e+00
2.859999999999944253e-01,2.418933187071007573e+00
2.359999999999954079e-01,2.412045301637588679e+00
1.859999999999963904e-01,2.404980332465014303e+00
1.359999999999973452e-01,2.397765118756890246e+00
8.599999999999832778e-02,2.390427371741102647e+00
3.599999999999929645e-02,2.382995612697862864e+00
-1.399999999999972447e-02,2.375499167319712335e+00
-6.399999999999873845e-02,2.367968130942896376e+00
-1.139999999999977698e-01,2.360433325511290814e+00
-1.639999999999968150e-01,2.352926200774603682e+00
-2.139999999999958602e-01,2.345502078167069904e+00
-2.639999999999948499e-01,2.338209029037984443e+00
-3.139999999999938396e-01,2.331056857980882580e+00
-3.639999999999928848e-01,2.324071934585108856e+00
-4.139999999999919300e-01,2.317277951391832680e+00
-4.639999999999908642e-01,2.310672550544700776e+00
-5.139999999999900204e-01,2.304304886294095134e+00
-5.639999999999890656e-01,2.298192481664318887e+00
-6.139999999999878888e-01,2.292326356565222767e+00
-6.639999999999869340e-01,2.286725195497022245e+00
-7.139999999999859792e-01,2.281406434324628751e+00
-7.639999999999851354e-01,2.276359485175157626e+00
-8.139999999999840696e-01,2.271573691544498175e+00
-8.639999999999831148e-01,2.267066195338468315e+00
-9.139999999999819380e-01,2.262827036829782479e+00
-9.639999999999812053e-01,2.258821830936104114e+00
-1.013999999999980250e+00,2.255045747242248932e+00
-1.063999999999979407e+00,2.251491379374347623e+00
-1.113999999999978341e+00,2.248148582504656101e+00
-1.163999999999977053e+00,2.245004228566854554e+00
-1.213999999999976431e+00,2.242042103377156259e+00
-1.263999999999975365e+00,2.239242576955266628e+00
-1.313999999999974744e+00,2.236614492581895153e+00
-1.363999999999973234e+00,2.234140780062924936e+00
-1.413999999999972168e+00,2.231833457337608184e+00
-1.463999999999971546e+00,2.229711280414008456e+00
-1.513999999999970481e+00,2.227768715101091868e+00
-1.563999999999969415e+00,2.226031000317064468e+00
-1.613999999999968571e+00,2.224500031325693961e+00
-1.663999999999967283e+00,2.223177523884982687e+00
-1.713999999999966661e+00,2.222065095494758058e+00
-1.763999999999965373e+00,2.221140980497816386e+00
-1.813999999999964752e+00,2.220391226097942816e+00
-1.863999999999963464e+00,2.219808688758479143e+00
-1.913999999999962842e+00,2.219392319803350055e+00
-1.963999999999961554e+00,2.219146406781537184e+00
-2.013999999999961155e+00,2.219079849826679940e+00
-2.063999999999959201e+00,2.219228604860768783e+00
-2.113999999999959023e+00,2.219624221273371667e+00
-2.163999999999957957e+00,2.220294034474123990e+00
-2.213999999999956891e+00,2.221261569593832252e+00
-2.263999999999955826e+00,2.222546743663459612e+00
-2.313999999999955204e+00,2.224166299576391115e+00
-2.363999999999954138e+00,2.226160329316588804e+00
-2.413999999999953072e+00,2.228537689573899527e+00
-2.463999999999952006e+00,2.231304714648079557e+00
-2.513999999999950941e+00,2.234465458855196207e+00
-2.563999999999949875e+00,2.238022038664479130e+00
-2.613999999999948809e+00,2.241974950689666457e+00
-2.663999999999947299e+00,2.246323498493693727e+00
-2.713999999999947565e+00,2.251066083376703109e+00
-2.763999999999946500e+00,2.256172325012979929e+00
-2.813999999999944990e+00,2.261610076762736288e+00
-2.863999999999943924e+00,2.267346128541938732e+00
-2.913999999999942858e+00,2.273346978595167656e+00
-2.963999999999941792e+00,2.279575774853292991e+00
-3.013999999999941615e+00,2.286020790300981709e+00
-3.063999999999939661e+00,2.292612268386555296e+00
-3.113999999999939039e+00,2.299299982898775241e+00
-3.163999999999937529e+00,2.306058083625857957e+00
-3.213999999999937351e+00,2.312830444064373214e+00
-3.263999999999936730e+00,2.319552981902149202e+00
-3.313999999999936108e+00,2.326184942082448082e+00
-3.363999999999934598e+00,2.332685780447982804e+00
-3.413999999999933088e+00,2.339015459308205980e+00
-3.463999999999932022e+00,2.345134524270039655e+00
-3.513999999999931401e+00,2.351032505923078553e+00
-3.563999999999929891e+00,2.356673364945932381e+00
-3.613999999999929713e+00,2.362021669211034514e+00
-3.663999999999929091e+00,2.367042921787536169e+00
-3.713999999999927581e+00,2.371703617613036386e+00
-3.763999999999926960e+00,2.375971435728962078e+00
-3.813999999999925450e+00,2.379815348660172525e+00
-3.863999999999924828e+00,2.383205701986408354e+00
-3.913999999999923318e+00,2.386114429250899338e+00
-3.963999999999923585e+00,2.388515178237286207e+00
-4.013999999999922075e+00,2.390383348614871117e+00
-4.063999999999921009e+00,2.391696303109876798e+00
-4.113999999999919055e+00,2.392433425219097742e+00
-4.163999999999918877e+00,2.392576291626037577e+00
-4.213999999999918700e+00,2.392108750209471335e+00
-4.263999999999916746e+00,2.390990730729981362e+00
-4.313999999999915680e+00,2.389215291150375897e+00
-4.363999999999914614e+00,2.386782280436656745e+00
-4.413999999999912660e+00,2.383698571428524815e+00
-4.463999999999913371e+00,2.380004221363970274e+00
-4.513999999999911417e+00,2.375743957847243681e+00
-4.563999999999911239e+00,2.370940517678723936e+00
-4.613999999999910173e+00,2.365620993408638295e+00
-4.663999999999908219e+00,2.359814674828375924e+00
-4.713999999999908930e+00,2.353529964280005604e+00
-4.763999999999906976e+00,2.346808446623886990e+00
-4.813999999999905910e+00,2.339693036467371368e+00
-4.863999999999905732e+00,2.332227898706607405e+00
-4.913999999999903778e+00,2.324426604271851993e+00
-4.963999999999903601e+00,2.316326257786088583e+00
-5.013999999999902535e+00,2.307990486851299483e+00
-5.063999999999901469e+00,2.299454501392965255e+00
-5.113999999999899515e+00,2.290753402908288550e+00
-5.163999999999899337e+00,2.281922108790642056e+00
-5.213999999999898272e+00,2.272995182246439150e+00
-5.263999999999896318e+00,2.264006926974519551e+00
-5.313999999999896140e+00,2.254991216290245681e+00
-5.363999999999895962e+00,2.245981575686834653e+00
-5.413999999999894897e+00,2.237010914380802795e+00
-5.463999999999893831e+00,2.228111666130559332e+00
-5.513999999999892765e+00,2.219315605676190017e+00
-5.563999999999892587e+00,2.210653747468755981e+00
-5.613999999999890633e+00,2.202156412149722797e+00
-5.663999999999889567e+00,2.193853001064534514e+00
-5.713999999999888502e+00,2.185771976715171760e+00
-5.763999999999887436e+00,2.177940775215704505e+00
-5.813999999999887258e+00,2.170411958866523161e+00
-5.863999999999886192e+00,2.163234508505246900e+00
-5.913999999999884238e+00,2.156453439013299000e+00
-5.963999999999884061e+00,2.150109282769669505e+00
-6.013999999999883883e+00,2.144237772248480223e+00
-6.063999999999882817e+00,2.138869312238061315e+00
-6.113999999999880863e+00,2.134002361774856915e+00
-6.163999999999880686e+00,2.129631676527173667e+00
-6.213999999999879620e+00,2.125748160796352426e+00
-6.263999999999878554e+00,2.122338917755740351e+00
-6.313999999999876600e+00,2.119387091032598036e+00
-6.363999999999875534e+00,2.116872001540197612e+00
-6.413999999999873580e+00,2.114769022831732848e+00
-6.463999999999874291e+00,2.113049489546721116e+00
-6.513999999999871449e+00,2.111657517520174387e+00
-6.563999999999872159e+00,2.110564217468078319e+00
-6.613999999999871093e+00,2.109735688758481054e+00
-6.663999999999870028e+00,2.109133057826863222e+00
-6.713999999999869850e+00,2.108712457541465746e+00
-6.763999999999867896e+00,2.108425059616258146e+00
-6.813999999999866830e+00,2.108249066207573907e+00
-6.863999999999866652e+00,2.108167381730009282e+00
-6.913999999999863810e+00,2.108168732723236793e+00
-6.963999999999865409e+00,2.108248681940659619e+00
-7.013999999999862567e+00,2.108378878728808914e+00
-7.063999999999861501e+00,2.108530359623053574e+00
-7.113999999999860435e+00,2.108705716052417856e+00
-7.163999999999858481e+00,2.108885130082180481e+00
-7.213999999999860080e+00,2.109049785589666826e+00
-7.263999999999858126e+00,2.109210307639996174e+00
-7.313999999999857060e+00,2.109352166617548985e+00
-7.363999999999856882e+00,2.109462266234754857e+00
-7.413999999999854928e+00,2.109529062356977125e+00
-7.463999999999854751e+00,2.109519576026596344e+00
-7.513999999999853685e+00,2.109410832317792028e+00
-7.563976825749021415e+00,2.109157047339649260e+00
-7.613938261931039619e+00,2.108743354957036242e+00
-7.663868052662424546e+00,2.108161916962970395e+00
-7.713756896667949725e+00,2.107411390065418999e+00
-7.763601536840999628e+00,2.106496468436390046e+00
-7.813404062062407007e+00,2.105427324446718984e+00
-7.863171040567016767e+00,2.104219321388892006e+00
-7.912912870212081451e+00,2.102892381503503660e+00
-7.962642991347326671e+00,2.101470930757166844e+00
-8.012377288590752045e+00,2.099983374142069259e+00
-8.062133492581780914e+00,2.098461910847317036e+00
-8.111930560397585310e+00,2.096942329225988999e+00
-8.161788098552468895e+00,2.095463710503028487e+00
-8.211725907585515571e+00,2.094068325805753084e+00
-8.261763524134021708e+00,2.092801596638614647e+00
-8.311919685904388899e+00,2.091711850189091226e+00
-8.362212007655729806e+00,2.090818483884079093e+00
-8.412656567170099464e+00,2.090134045640857252e+00
-8.463267583229352908e+00,2.089663307051081720e+00
-8.514057040408449240e+00,2.089402213594830915e+00
-8.565034516614025151e+00,2.089336837708627659e+00
-8.616206779383283276e+00,2.089442415502009265e+00
-8.667577733855637234e+00,2.089714092187777705e+00
-8.719148073546231004e+00,2.090143673491997589e+00
-8.770915228385522511e+00,2.090745906679611910e+00
-8.822873132075299552e+00,2.091503484065283303e+00
-8.875012220752278580e+00,2.092395319984556856e+00
-8.927296022310635237e+00,2.093396524315345619e+00
-8.979715400982858142e+00,2.094478400575283672e+00
-9.032256569072735886e+00,2.095608650614922297e+00
-9.084901141497930155e+00,2.096779507463321757e+00
-9.137626128768310707e+00,2.097953141543368982e+00
-9.190404124328797053e+00,2.099087889419878117e+00
-9.243203332193075994e+00,2.100138508641151702e+00
-9.295987654850438986e+00,2.101056298149407198e+00
-9.348716888038053341e+00,2.101789239642986029e+00
-9.401346898276109698e+00,2.102282185621377586e+00
-9.453806560963824879e+00,2.102477131622419559e+00
-9.506052116740850266e+00,2.102313416136225133e+00
-9.558035555912743675e+00,2.101727992026958702e+00
-9.609704855964841030e+00,2.100655630048204880e+00
-9.661004321637900460e+00,2.099029342793679920e+00
-9.711874850188944919e+00,2.096780471448915772e+00
-9.762254191533026315e+00,2.093839168316342203e+00
-9.812077421005948707e+00,2.090134658655874222e+00
-9.861277131939376162e+00,2.085595635008679505e+00
-9.909783936736767274e+00,2.080150520940410974e+00
-9.957526713039737132e+00,2.073727859906186133e+00
-1.000440987068770404e+01,2.066256763958373099e+00
-1.005036792645340427e+01,2.057695446669193462e+00
-1.009533396063311272e+01,2.048004954766772023e+00
-1.013926835405085569e+01,2.037149390609034327e+00
-1.018210443722374592e+01,2.025095736483232933e+00
-1.022380329826250289e+01,2.011814002831281645e+00
-1.026432772617706313e+01,1.997277196493653095e+00
-1.030364233864846568e+01,1.981461403769016139e+00
-1.034171355974067552e+01,1.964345764094278524e+00
-1.037850985422073080e+01,1.945912472853254638e+00
-1.041397849305739776e+01,1.926146957824601769e+00
-1.044809994779023299e+01,1.905037763777171822e+00
-1.048085595220709543e+01,1.882602848218495994e+00
-1.051222974094523011e+01,1.858834882307603742e+00
-1.054220610493988453e+01,1.833729405105402499e+00
-1.057077154920815509e+01,1.807284952864129268e+00
-1.059791443862807370e+01,1.779503052979647837e+00
-1.062360181295138872e+01,1.750388295250141280e+00
-1.064783378250902324e+01,1.719948320845285483e+00
-1.067061172350428855e+01,1.688193964733030183e+00
-1.069193839316837824e+01,1.655139245441540563e+00
-1.071181807596980029e+01,1.620801476092291971e+00
-1.073025684078893782e+01,1.585201234320112063e+00
-1.074726246997646051e+01,1.548362500736113034e+00
-1.076282163124851721e+01,1.510312623864610737e+00
-1.077695399071305538e+01,1.471082444313545512e+00
-1.078968060207458279e+01,1.430706410790703265e+00
-1.080102395841334406e+01,1.389190536999678427e+00
-1.081098509787289963e+01,1.346566785181971149e+00
-1.081959780008586236e+01,1.302869797096171567e+00
-1.082692517769350715e+01,1.258136914063714196e+00
-1.083300497703211285e+01,1.212434496070102341e+00
-1.083787601884506202e+01,1.165829268658383988e+00
-1.084160461054589497e+01,1.118388116741014127e+00
-1.084420677931528765e+01,1.070177622822693131e+00
-1.084575693136856245e+01,1.021263913044443195e+00
-1.084632763960657442e+01,9.717122547735885796e-01
-1.084598957045438539e+01,9.215868073115861536e-01
-1.084478809443001524e+01,8.709503610274128560e-01
-1.084279731919161627e+01,8.198640922331037473e-01
-1.084011629291695478e+01,7.683873344809470929e-01
-1.083681422908765057e+01,7.165773345488999357e-01
-1.083295653602552022e+01,6.644890526172603229e-01
-1.082858170826045097e+01,6.121750130920173838e-01
-1.082375532234004467e+01,5.596850506919639479e-01
-1.081851497712271382e+01,5.070662852386138564e-01
-1.081292457208522784e+01,4.543628809712475514e-01
-1.080701910679722744e+01,4.016159977349351706e-01
-1.080085910788445247e+01,3.488636456997825652e-01
-1.079447555120140301e+01,2.961407124510123112e-01
-1.078792420883804404e+01,2.434788361457742856e-01
-1.078125902405469461e+01,1.909063493850333137e-01
-1.077453156719270488e+01,1.384484030442338642e-01
-1.076776253958165874e+01,8.612691157217436388e-02
-1.076097295956852307e+01,3.396053863054589866e-02
-1.075418361940226752e+01,-1.803510885863744001e-02
-1.074741454796236972e+01,-6.984746338535277599e-02
-1.074070767444315244e+01,-1.214668401322769598e-01
-1.073407224349341327e+01,-1.728863437450418039e-01
-1.072751639219440278e+01,-2.241015963894948393e-01
-1.072107291487894898e+01,-2.751105809871064456e-01
-1.071477243375819910e+01,-3.259134338037037448e-01
-1.070861656497295122e+01,-3.765121477496585212e-01
-1.070260404086142003e+01,-4.269421979433199454e-01
-1.069675362078395509e+01,-4.772180922331102915e-01
-1.069104998518631966e+01,-5.273562563817877358e-01
-1.068547564902921287e+01,-5.773746860857437158e-01
-1.068001080094658484e+01,-6.272925336247584527e-01
-1.067466175668737272e+01,-6.771297845251176284e-01
-1.066940623241728758e+01,-7.269066907970593849e-01
-1.066424594756372457e+01,-7.766434049242186832e-01
-1.065915210792975820e+01,-8.263594072572262306e-01
-1.065409395755262700e+01,-8.760730151532140075e-01
-1.064903911787335744e+01,-9.258007050216132683e-01
-1.064395402783734212e+01,-9.755566384062869245e-01
-1.063883267842965630e+01,-1.025328681079959336e+00
-1.063364233357473232e+01,-1.075131920700334476e+00
-1.062835038238671004e+01,-1.124976139233029748e+00
-1.062292507060161917e+01,-1.174864956601485488e+00
-1.061736429137672033e+01,-1.224772000271783234e+00
-1.061164172230380665e+01,-1.274694163559738636e+00
-1.060576011708058886e+01,-1.324618921855508669e+00
-1.059969730856850312e+01,-1.374532225259888607e+00
-1.059343551237832948e+01,-1.424449478651810486e+00
-1.058693041312353245e+01,-1.474383880722071494e+00
-1.058019459036424159e+01,-1.524323245554796147e+00
-1.057318877421891479e+01,-1.574284338943093609e+00
-1.056587145978370756e+01,-1.624281077532868212e+00
-1.055819909832591996e+01,-1.674301510181398056e+00
-1.055015456685295128e+01,-1.724362183945242766e+00
-1.054169261885865794e+01,-1.774476372443282157e+00
-1.053279266010534698e+01,-1.824631006070317030e+00
-1.052340415241547689e+01,-1.874841189494629523e+00
-1.051347527235024337e+01,-1.925095170853209137e+00
-1.050298129355117638e+01,-1.975408756189229731e+00
-1.049187021638068629e+01,-2.025793723413854330e+00
-1.048011759108906027e+01,-2.076234834197789425e+00
-1.046767202332988411e+01,-2.126744213594830235e+00
-1.045453628695986481e+01,-2.177329766699090285e+00
-1.044065805635441180e+01,-2.227995398989740750e+00
-1.042601294967023051e+01,-2.278741402613830846e+00
-1.041055021033298722e+01,-2.329541401050941207e+00
-1.039424754273009555e+01,-2.380396864164487258e+00
-1.037705677340349730e+01,-2.431305477134202864e+00
-1.035895868887157256e+01,-2.482261377222538812e+00
-1.033996322052574257e+01,-2.533232354911726159e+00
-1.032005468203110077e+01,-2.584214259801983271e+00
-1.029922005793995510e+01,-2.635199309452031624e+00
-1.027742098622825218e+01,-2.686153374142057348e+00
-1.025467492677050885e+01,-2.737070321207674795e+00
-1.023097420630119103e+01,-2.787917343994147146e+00
-1.020628253165397226e+01,-2.838689394346361805e+00
-1.018058924208908955e+01,-2.889354481165995026e+00
-1.015388620170312350e+01,-2.939908189698464014e+00
-1.012616803780360364e+01,-2.990342149221895340e+00
-1.009743019411518539e+01,-3.040621244875248763e+00
-1.006766913773791750e+01,-3.090738181816062635e+00
-1.003688438687153273e+01,-3.140681911640066826e+00
-1.000507885127616703e+01,-3.190414920134029053e+00
-9.972285089831965266e+00,-3.239927775442189350e+00
-9.938510715848410726e+00,-3.289207570228027233e+00
-9.903734888626955168e+00,-3.338215251126800176e+00
-9.867962656209462224e+00,-3.386940095834494180e+00
-9.831201906022595693e+00,-3.435368313483817548e+00
-9.793489642392612993e+00,-3.483460237060794107e+00
-9.754837561869839746e+00,-3.531204904301274539e+00
-9.715286519920987018e+00,-3.578593662574394152e+00
-9.674851920133903604e+00,-3.625619958911795671e+00
-9.633578440100379225e+00,-3.672250825114879991e+00
-9.591485315318394100e+00,-3.718481631701664014e+00
-9.548621122290239072e+00,-3.764309549729253135e+00
-9.505009093682568633e+00,-3.809733491653190196e+00
-9.460669897800444872e+00,-3.854748850460863352e+00
-9.415621332555481615e+00,-3.899353000588838825e+00
-9.369909696640739583e+00,-3.943545126911065068e+00
-9.323581432195338081e+00,-3.987297848671466305e+00
-9.276683049581917473e+00,-4.030640048698646005e+00
-9.229261065301415101e+00,-4.073547451833484878e+00
-9.181335630750234955e+00,-4.116023621123840570e+00
-9.132955334639337508e+00,-4.158096630591778364e+00
-9.084168875172531799e+00,-4.199741616797580512e+00
-9.035025123377476319e+00,-4.240961623615400633e+00
-8.985541131010720051e+00,-4.281761367550711128e+00
-8.935756301003246804e+00,-4.322146854084945033e+00
-8.885709122267602567e+00,-4.362125438197836935e+00
-8.835411067339970614e+00,-4.401705606967230011e+00
-8.784901372284592114e+00,-4.440868615483842596e+00
-8.734218860676175922e+00,-4.479628211941292903e+00
-8.683402049808433887e+00,-4.517998699494804704e+00
-8.632457295884222503e+00,-4.555966467870078418e+00
-8.581413066728412531e+00,-4.593544915649188987e+00
-8.530296846859332760e+00,-4.630719717502005395e+00
-8.479135301796025814e+00,-4.667508728872590495e+00
-8.427954345330419983e+00,-4.703929984552218890e+00
-8.376779378377602114e+00,-4.739973416475931067e+00
-8.325635534938340854e+00,-4.775632503567370790e+00
-8.274515906294432455e+00,-4.810981484223784577e+00
-8.223435949624974484e+00,-4.846011333053882986e+00
-8.172410629844229391e+00,-4.880715922059294165e+00
-8.121454615415819589e+00,-4.915119831298461861e+00
-8.070550689958846391e+00,-4.949272796620437731e+00
-8.019727385829646948e+00,-4.983218053681753190e+00
-7.968981974925663181e+00,-5.016966580692557187e+00
-7.918335857074750628e+00,-5.050578284717563093e+00
-7.867780785363049034e+00,-5.084053189471915424e+00
-7.817334240458293948e+00,-5.117386495888821329e+00
-7.766953775963063578e+00,-5.150623635778739384e+00
-7.716623374459066653e+00,-5.183751297696336025e+00
-7.666330664522263305e+00,-5.216729314299203502e+00
-7.616067257559479664e+00,-5.249599872228033703e+00
-7.565797280821615622e+00,-5.282323439217093686e+00
-7.515511997576241221e+00,-5.314864793358749395e+00
-7.465207013499594701e+00,-5.347270384719821301e+00
-7.414882893723382828e+00,-5.379504346734814924e+00
-7.364545524609701133e+00,-5.411560750254712282e+00
-7.314174980543017845e+00,-5.443436807266196276e+00
-7.263780083014196087e+00,-5.475106165258450730e+00
-7.213343975265437358e+00,-5.506599291558024412e+00
-7.162878961516541132e+00,-5.537893759835901264e+00
-7.112371970848577973e+00,-5.569020048087049091e+00
-7.061839398446032590e+00,-5.599952402636417581e+00
-7.011272707150648209e+00,-5.630695188905640691e+00
-6.960693256766722570e+00,-5.661254110579972298e+00
-6.910098053953522168e+00,-5.691607716301503750e+00
-6.859514415116857222e+00,-5.721763728351606737e+00
-6.808945877324380724e+00,-5.751704352578655310e+00
-6.758395037078850365e+00,-5.781466876214524042e+00
-6.707863601553698985e+00,-5.811034246415433202e+00
-6.657351963237995385e+00,-5.840417754920721904e+00
-6.606891205712345005e+00,-5.869628562300277075e+00
-6.556488675077451589e+00,-5.898649316586897839e+00
-6.506151107476825679e+00,-5.927516980339190056e+00
-6.455884513125879742e+00,-5.956190292622592253e+00
-6.405694002649990892e+00,-5.984689813449791451e+00
-6.355583743980488087e+00,-6.013010900427977923e+00
-6.305556909057839832e+00,-6.041174805771246881e+00
-6.255647345330462628e+00,-6.069200602459734029e+00
-6.205865440915868447e+00,-6.097128335205660221e+00
-6.156221234410626408e+00,-6.124966918321926634e+00
-6.106724299213905915e+00,-6.152724193843455147e+00
-6.057383774173702662e+00,-6.180407059072564380e+00
-6.008208219347999979e+00,-6.207995240752785193e+00
-5.959205650501593787e+00,-6.235545795782342360e+00
-5.910383425354931219e+00,-6.263058001879874936e+00
-5.861748196470927041e+00,-6.290505468413657653e+00
-5.813305865953814155e+00,-6.317917320482787424e+00
-5.765061595234207914e+00,-6.345297396498096987e+00
-5.717019672382048334e+00,-6.372618788941867507e+00
-5.669183558155226343e+00,-6.399878166889271469e+00
-5.621555757163132938e+00,-6.427124337561314960e+00
-5.574137841128796289e+00,-6.454349429182868469e+00
-5.526930409363638219e+00,-6.481515438288396602e+00
-5.479904798726931148e+00,-6.508580454279697669e+00
-5.433057913497369107e+00,-6.535504165031923662e+00
-5.386357789394898177e+00,-6.562266210287760693e+00
-5.339798269519024032e+00,-6.588811936306468553e+00
-5.293344670139650709e+00,-6.615116131146669964e+00
-5.246988513760118877e+00,-6.641097087816129729e+00
-5.200721297039469171e+00,-6.666725798749557619e+00
-5.154534602550354450e+00,-6.691976983555556480e+00
-5.108419895105111408e+00,-6.716794328908791023e+00
-5.062368757163143052e+00,-6.741171881061728044e+00
-5.016372652744018446e+00,-6.765082184466106874e+00
-4.970423195247813730e+00,-6.788470692450432331e+00
-4.924511820131730389e+00,-6.811310442841154611e+00
-4.878630111553959203e+00,-6.833575429341413709e+00
-4.832769592923868096e+00,-6.855263454710052606e+00
-4.786921785612264557e+00,-6.876373537882942699e+00
-4.739786556229947045e+00,-6.897029489659880497e+00
-4.692910432603137671e+00,-6.917027094226235739e+00
-4.646274914947020385e+00,-6.936318826179394215e+00
-4.599861527735533251e+00,-6.954916240616865863e+00
-4.553651790912502051e+00,-6.972809294253414336e+00
-4.507627223515734194e+00,-6.989989357244648538e+00
-4.461769303336342141e+00,-7.006475021585856666e+00
-4.416059529366377134e+00,-7.022262800244488901e+00
-4.370479360596983831e+00,-7.037381919522389673e+00
-4.325010299327193941e+00,-7.051834318716028172e+00
-4.279633744501490256e+00,-7.065622533126321159e+00
-4.234331166255098644e+00,-7.078781516274295527e+00
-4.189083959251543199e+00,-7.091341638338215958e+00
-4.143873493578483114e+00,-7.103328949330535380e+00
-4.098681177195325986e+00,-7.114715690162719319e+00
-4.053462065981030094e+00,-7.125531325715053654e+00
-4.008199862918673695e+00,-7.135781273301634364e+00
-3.962852352103027886e+00,-7.145472959138231772e+00
-3.917406120138545500e+00,-7.154619210650157157e+00
-3.871822241772104434e+00,-7.163206760402133000e+00
-3.826090963441906467e+00,-7.171222642347363951e+00
-3.780203464472507768e+00,-7.178686260436110800e+00
-3.734151880336967100e+00,-7.185617889125322399e+00
-3.687929173820399864e+00,-7.192038498538898317e+00
-3.641529181068583476e+00,-7.198001515458873456e+00
-3.594946478900924447e+00,-7.203504473147608778e+00
-3.548176394595504934e+00,-7.208572055561707437e+00
-3.501214960587940794e+00,-7.213261477428566160e+00
-3.454058867358196672e+00,-7.217602555120021357e+00
-3.406705349679428174e+00,-7.221652049808461982e+00
-3.359152221114795278e+00,-7.225438688328019943e+00
-3.311397729778638777e+00,-7.229017588031297237e+00
-3.263440588982699619e+00,-7.232387037101491778e+00
-3.215279861559655838e+00,-7.235571548574005973e+00
-3.166914895422258347e+00,-7.238595400960242010e+00
-3.118345321909834933e+00,-7.241508861650180151e+00
-3.069570902036226290e+00,-7.244365273573437847e+00
-3.020591482796833205e+00,-7.247161135744723204e+00
-2.971407022038946355e+00,-7.249945312124707719e+00
-2.922017369996998681e+00,-7.252738072277826298e+00
-2.872422311173469911e+00,-7.255585421277803704e+00
-2.822621465673006202e+00,-7.258504398151572445e+00
-2.772614118122667115e+00,-7.261537441595363518e+00
-2.722399318489606479e+00,-7.264724579152274764e+00
-2.671975595053063479e+00,-7.268072483295062725e+00
-2.621341078008510905e+00,-7.271614632924726429e+00
-2.570493208589045953e+00,-7.275382866520050840e+00
-2.519428858818950179e+00,-7.279433212371600348e+00
-2.468144069197442114e+00,-7.283764575324327417e+00
-2.416634040952183149e+00,-7.288373381571353171e+00
-2.364893046569525037e+00,-7.293253622981125339e+00
-2.314486075607556703e+00,-7.298182431515860991e+00
-2.264131561530228431e+00,-7.303318400416628720e+00
-2.213832936555711228e+00,-7.308675606604763786e+00
-2.163592386463977224e+00,-7.314239229608682002e+00
-2.113410780062927596e+00,-7.320020186799105488e+00
-2.063287570205400101e+00,-7.325974209608228982e+00
-2.013220628168209458e+00,-7.332079374232568725e+00
-1.963206258692117734e+00,-7.338339318557467905e+00
-1.913238945049680950e+00,-7.344728720220019547e+00
-1.863311354458728086e+00,-7.351215866655952169e+00
-1.813414170536103764e+00,-7.357794239257824387e+00
-1.763536009399951920e+00,-7.364427865274268292e+00
-1.713663274909930534e+00,-7.371019652562769586e+00
-1.663780070918901011e+00,-7.377520500260338565e+00
-1.613868052662543073e+00,-7.383906452830045986e+00
-1.563938261931157037e+00,-7.390155937461633684e+00
-1.513976825749138166e+00,-7.396250362816680024e+00
-1.463999999999971546e+00,-7.402148452920646271e+00
-1.413999999999972168e+00,-7.407841766834891928e+00
-1.363999999999973234e+00,-7.413327073795411337e+00
-1.313999999999974744e+00,-7.418607031076436265e+00
-1.263999999999975365e+00,-7.423667844775501123e+00
-1.213999999999976431e+00,-7.428502195406320396e+00
-1.163999999999977053e+00,-7.433106169516718431e+00
-1.113999999999978341e+00,-7.437479643932899620e+00
-1.063999999999979407e+00,-7.441621433984769496e+00
-1.013999999999980250e+00,-7.445560827629018164e+00
-9.639999999999812053e-01,-7.449303544451598036e+00
-9.139999999999819380e-01,-7.452854822691196368e+00
-8.639999999999831148e-01,-7.456193092006468959e+00
-8.139999999999840696e-01,-7.459324791365455454e+00
-7.639999999999851354e-01,-7.462256006840326528e+00
-7.139999999999859792e-01,-7.464992450021370907e+00
-6.639999999999869340e-01,-7.467571150694094939e+00
-6.139999999999878888e-01,-7.469983261410079400e+00
-5.639999999999890656e-01,-7.472251286189803388e+00
-5.139999999999900204e-01,-7.474397115223302634e+00
-4.639999999999908642e-01,-7.476442047769904953e+00
-4.139999999999919300e-01,-7.478406720423873111e+00
-3.639999999999928848e-01,-7.480288028879330753e+00
-3.139999999999938396e-01,-7.482113209676177767e+00
-2.639999999999948499e-01,-7.483907880654002476e+00
-2.139999999999958602e-01,-7.485646757706710730e+00
-1.639999999999968150e-01,-7.487334334662021362e+00
-1.139999999999977698e-01,-7.488999665020578789e+00
-6.399999999999873845e-02,-7.490646930439955220e+00
-1.399999999999972447e-02,-7.492277825069503017e+00
3.599999999999929645e-02,-7.493858575913238340e+00
8.599999999999832778e-02,-7.495405253142620516e+00
1.359999999999973452e-01,-7.496905394391572663e+00
1.859999999999963904e-01,-7.498349058438322778e+00
2.359999999999954079e-01,-7.499782931391278495e+00
2.859999999999944253e-01,-7.501201239280471000e+00
3.359999999999934150e-01,-7.502623252281898303e+00
3.859999999999924603e-01,-7.504038264060194585e+00
