4.360000000000852083e-01,-7.505436680377670200e+00,2.816150816561224096e-02
6.944149994057227104e-01,-7.512924934826173740e+00,3.855564439971048696e-02
9.528266448845146286e-01,-7.520483709395023197e+00,5.680463569186725015e-02
1.211222257386880274e+00,-7.527737996776131979e+00,8.303234172889553677e-02
1.469677684262120421e+00,-7.532956816384485776e+00,1.161061436103487943e-01
1.728230518918780545e+00,-7.533154678767661316e+00,1.538023641809250774e-01
1.986737669156620090e+00,-7.524656295312581733e+00,1.933160161779603203e-01
2.244533714055314100e+00,-7.503072711099679992e+00,2.314230043450112850e-01
2.500341943284625668e+00,-7.463927925189929979e+00,2.644187875141243427e-01
2.752290991593945968e+00,-7.404187647520426907e+00,2.886170959727010765e-01
2.998273843087770008e+00,-7.322656099955648479e+00,3.014076447520362967e-01
3.236148455521689726e+00,-7.219803253791749142e+00,3.020872716082812492e-01
3.464820265158109258e+00,-7.097706572803321734e+00,2.919733268099320433e-01
3.682342108058613395e+00,-6.955552171639945769e+00,2.739333527122416179e-01
3.888856648220070156e+00,-6.797458738242177390e+00,2.516303062135885060e-01
4.084813933686636922e+00,-6.627301499763718517e+00,2.287405667593132574e-01
4.271669400169145980e+00,-6.447590340423023925e+00,2.083355442266421331e-01
4.450085262975617795e+00,-6.260083241656976938e+00,1.925394776083879100e-01
4.620383592209902801e+00,-6.065569946066498019e+00,1.824665140961547194e-01
4.782551016115849762e+00,-5.864770489986391055e+00,1.783908033049864950e-01
4.936467320157380101e+00,-5.658021783104884683e+00,1.800796678147248975e-01
5.081708035943318436e+00,-5.445437544056439094e+00,1.872055947545501753e-01
5.217240369622905938e+00,-5.227284360296068577e+00,1.997477923371490383e-01
5.341886993065671163e+00,-5.002469071033267767e+00,2.182910199285478248e-01
5.456607969273602698e+00,-4.770971309776355085e+00,2.441459832686234954e-01
5.558410674903829118e+00,-4.533862319854754297e+00,2.792815693285299883e-01
5.645443245373084729e+00,-4.290819877884455735e+00,3.261362576498565424e-01
5.716061799718852754e+00,-4.042556612350657552e+00,3.874186595050789772e-01
5.767501432262980288e+00,-3.789633948381343931e+00,4.660636609922743090e-01
5.794784034092053560e+00,-3.533022173069577665e+00,5.655828875992021665e-01
5.791497180832652525e+00,-3.275043958621237206e+00,6.909701689315604911e-01
5.750953087841102374e+00,-3.020377137523293065e+00,8.498646365124195023e-01
5.667138645821160559e+00,-2.776713062647176322e+00,1.052558041936026756e+00
5.537994607792720458e+00,-2.553825179536120871e+00,1.307062443730566237e+00
5.364481271184260436e+00,-2.363821507104406638e+00,1.602098872239502869e+00
5.150957872709776453e+00,-2.220712781790567192e+00,1.875932018444045335e+00
4.906688528195032539e+00,-2.143001514506043481e+00,2.007171293349957697e+00
4.650427963061826375e+00,-2.150942450930525940e+00,1.897113338973493990e+00
4.412931256722647966e+00,-2.250314704344470229e+00,1.580786284858897828e+00
4.219728157499518240e+00,-2.422472878873777269e+00,1.188694697931732769e+00
4.076553543431026938e+00,-2.638948269808208735e+00,8.250426063002408439e-01
3.973905194419469655e+00,-2.878317940644917972e+00,5.279778440488822611e-01
3.897073460981263615e+00,-3.126678884432315009e+00,2.958459173091216865e-01
3.831298220996671944e+00,-3.377603977276148584e+00,1.149310580018337857e-01
3.764301103273846483e+00,-3.628022620992363390e+00,-2.758381870663878521e-02
3.686700100745290420e+00,-3.874959074345041277e+00,-1.400757330116018107e-01
3.591556136228715168e+00,-4.115525716068420436e+00,-2.271812567267938177e-01
3.475825814882156806e+00,-4.346708121961169624e+00,-2.921797337549214557e-01
3.338238441352358254e+00,-4.565629025397170970e+00,-3.393507436706078573e-01
3.180013394895931711e+00,-4.770124937888036598e+00,-3.749193012123669955e-01
3.003641679340085968e+00,-4.959150586683499284e+00,-4.061494250615292900e-01
2.811715794843404392e+00,-5.132076383890556315e+00,-4.392503113524363068e-01
2.605889398097875453e+00,-5.287711063071494522e+00,-4.771324886835139889e-01
2.386393728410263648e+00,-5.422553817147978350e+00,-5.178352751291246392e-01
2.153232192194212580e+00,-5.531726821070684252e+00,-5.543076521774136234e-01
1.907369442075143695e+00,-5.608511114242125117e+00,-5.761955087449475155e-01
1.652480925699904013e+00,-5.645937403637654839e+00,-5.736642853842316425e-01
1.394451220402774583e+00,-5.640278777895471052e+00,-5.417467949059231458e-01
1.140016187785571011e+00,-5.593508285050054596e+00,-4.825577181833740070e-01
8.938681225157025789e-01,-5.512278941575265101e+00,-4.038476027507694743e-01
6.574679269662728753e-01,-5.405259524747627609e+00,-3.151586472348718582e-01
4.301550714644015727e-01,-5.279994393290388111e+00,-2.243014545800691428e-01
2.099585316324228401e-01,-5.143232636171158667e+00,-1.358127150884403944e-01
-5.951255404356814438e-03,-5.000238452634238939e+00,-5.127667024476745272e-02
-2.204483065427940147e-01,-4.855761376284124964e+00,2.939636110538548439e-02
-4.360030675675572454e-01,-4.713541923156274294e+00,1.064874642520098058e-01
-6.551952833363761108e-01,-4.577558785046754508e+00,1.791939307025128270e-01
-8.802009941082851174e-01,-4.452262178595324471e+00,2.448438837536278112e-01
-1.113341754987087429e+00,-4.342811823490161593e+00,2.989057043414078962e-01
-1.355492454071958841e+00,-4.255686216487372775e+00,3.360041399983904609e-01
-1.606192822319499669e+00,-4.196582204913308800e+00,3.517297124672226771e-01
-1.862444490218247761e+00,-4.166674278480923199e+00,3.444130576009169498e-01
-2.120769673196400529e+00,-4.164258878341652093e+00,3.158190860533920952e-01
-2.378464495077895258e+00,-4.185949105065324360e+00,2.703304016330712600e-01
-2.633831908023872792e+00,-4.227609204664522835e+00,2.131980753431667042e-01
-2.886379894738237972e+00,-4.284069937995323762e+00,1.489305404883600470e-01
-3.136441572817867840e+00,-4.350532390620982071e+00,8.055405492088268948e-02
-3.384873250311740023e+00,-4.422519764719098134e+00,9.799390848764029383e-03
-3.632579736267106618e+00,-4.496541718106044527e+00,-6.217161561360180777e-02
-3.880921646898017663e+00,-4.567826729167711264e+00,-1.339417289500369757e-01
-4.131532151852194801e+00,-4.630082940907001010e+00,-2.032168668707805270e-01
-4.385473896300792873e+00,-4.676810087849573527e+00,-2.665795125226043116e-01
-4.642456220326557137e+00,-4.702754404733317628e+00,-3.197403215913445784e-01
-4.900871967740181745e+00,-4.703877460997150095e+00,-3.583522736845938250e-01
-5.158156487413580571e+00,-4.677868235567561150e+00,-3.792379596955025023e-01
-5.411208804607458234e+00,-4.623477061966457136e+00,-3.815475374170722023e-01
-5.656787837534306362e+00,-4.540597951457828962e+00,-3.672309054095952985e-01
-5.892684369964040769e+00,-4.432579675034091338e+00,-3.405377985058256063e-01
-6.118075478317633653e+00,-4.303740721804822478e+00,-3.068362582721267384e-01
-6.332958559039983726e+00,-4.158341266391769153e+00,-2.713511409370299443e-01
-6.538241732688566898e+00,-3.999729796833859652e+00,-2.382828827258336168e-01
-6.734895499882229686e+00,-3.830790681592218139e+00,-2.104432542532220507e-01
-6.923938099249814293e+00,-3.653683486395197910e+00,-1.893328366090210046e-01
-7.105679114289810805e+00,-3.469594771605676087e+00,-1.755201123364268645e-01
-7.279942469645474645e+00,-3.278866244265246088e+00,-1.691692311857130038e-01
-7.446485539913639151e+00,-3.081773330321523119e+00,-1.705610578696994395e-01
-7.605522355389769729e+00,-2.878496804857377356e+00,-1.804825294453664131e-01
-7.756816722540599507e+00,-2.669349227183869910e+00,-2.004286890942213184e-01
-7.899785901203205896e+00,-2.454493388667764897e+00,-2.326351018192835685e-01
-8.033197268267013413e+00,-2.233598923766556776e+00,-2.799954392648397183e-01
-8.154556461066491124e+00,-2.006064729738400221e+00,-3.458760716689932568e-01
-8.260443874633999428e+00,-1.770908665227290291e+00,-4.336435876705021508e-01
-8.345896796933985229e+00,-1.527983184306297204e+00,-5.453460905193948660e-01
-8.404966839745467766e+00,-1.277600908235821731e+00,-6.786773255234347380e-01
-8.428771205808592626e+00,-1.021743819973101486e+00,-8.219600015213242017e-01
-8.406785391650331007e+00,-7.658594498120717686e-01,-9.498415065856739004e-01
-8.330504822394683373e+00,-5.207397258928777584e-01,-1.026993677344164135e+00
-8.195833970671158042e+00,-3.014370622281815626e-01,-1.025124361571002396e+00
-8.008047738033626572e+00,-1.242915135103471735e-01,-9.425690538359684512e-01
-7.782760664231201275e+00,4.249486167849259033e-03,-8.054338475887675708e-01
-7.537252038065021864e+00,8.867732531026817355e-02,-6.490864325342587948e-01
-7.282668434216089892e+00,1.385085242056640631e-01,-5.002618605752554570e-01
-7.024830311205493949e+00,1.627545826326111111e-01,-3.719187699923369728e-01
-6.766337066196368433e+00,1.690188658619913298e-01,-2.668126482890719187e-01
-6.508192017536547525e+00,1.635750159365541023e-01,-1.826035208169497492e-01
-6.250543418284697950e+00,1.497553677980558717e-01,-1.153465027122630437e-01
-5.993221857705159472e+00,1.304330816019039219e-01,-6.122987663925537338e-02
-5.735937158356270160e+00,1.085211577176750097e-01,-1.726129427544877831e-02
-5.478292519322184084e+00,8.805405417004763535e-02,1.853076017838175757e-02
-5.220261312752144001e+00,7.066753212362186787e-02,4.709982644805103119e-02
-4.962090296102537046e+00,5.714809954561950178e-02,6.850689061781561895e-02
-4.703716073234043726e+00,4.922651327010285627e-02,8.218927843375341269e-02
-4.445208381688872556e+00,4.921107930347545789e-02,8.739781923650473405e-02
-4.186847857737311607e+00,5.873961355360979297e-02,8.373603326189524299e-02
-3.928949611675197851e+00,7.729421232488675741e-02,7.163196099966152863e-02
-3.671654631577478511e+00,1.030067556036922127e-01,5.255794803797141784e-02
-3.414944466988265148e+00,1.339879825051930595e-01,2.889940098953852621e-02
-3.158628366604339988e+00,1.679338063360944489e-01,3.499098194357743406e-03
-2.902298390977413600e+00,2.013116542439625789e-01,-2.097937974932165620e-02
-2.645493562153422129e+00,2.305451373134150828e-01,-4.263705527008758434e-02
-2.388113571617485942e+00,2.542306304903760861e-01,-6.062048436983220184e-02
-2.130279518538040762e+00,2.724970164247775273e-01,-7.494458867038214511e-02
-1.872118013550263083e+00,2.855741386064902798e-01,-8.591581248101595736e-02
-1.613751471564708329e+00,2.937965341043344836e-01,-9.343003053392433255e-02
-1.355246865299294834e+00,2.955565741985921591e-01,-9.650658633794820251e-02
-1.096764432345058715e+00,2.908635124198415411e-01,-9.332671120728232295e-02
-8.385530300666284020e-01,2.776569176637586622e-01,-8.182013853662471747e-02
-5.810287509349061352e-01,2.542206651915082105e-01,-6.058707166830324536e-02
-3.245204779010635310e-01,2.212700487888934475e-01,-2.977730068844155337e-02
-6.885369662102469590e-02,1.825186341812070623e-01,8.420707466673766836e-03
1.866284980070758159e-01,1.430843203261460417e-01,4.982974067466260093e-02
4.426243722362843691e-01,1.076277353416212890e-01,8.883575603933256681e-02
6.996021564477611365e-01,8.050857067184047366e-02,1.193533704685700164e-01
9.575769132248405091e-01,6.547547578732171303e-02,1.361024701331105258e-01
1.216037427394994541e+00,6.680908171713095811e-02,1.359517622652151592e-01
1.473950808471780505e+00,8.532288709891844292e-02,1.188760716235939957e-01
1.730619038780144781e+00,1.171642977160463062e-01,8.809740414081662641e-02
1.986063454485117674e+00,1.576897164902248960e-01,4.935688576168055508e-02
2.240892579995136913e+00,2.013547458752356079e-01,9.673193249140260574e-03
2.495912855246470663e+00,2.434287650913748990e-01,-2.397473146813288575e-02
2.751791060533903099e+00,2.794732191423490164e-01,-4.577671701286787492e-02
3.008881870219942911e+00,3.052668526184385556e-01,-5.189527225865971788e-02
3.266779029396345013e+00,3.207237125197899275e-01,-4.079444670527921507e-02
3.525173264513376647e+00,3.283938947084017457e-01,-1.297335960627097988e-02
3.783858450294162790e+00,3.322205576108530067e-01,2.980088324969107361e-02
4.042827467080135406e+00,3.350680440827531470e-01,8.541792446952559126e-02
4.301655607298644490e+00,3.412247975768689656e-01,1.521403422196617172e-01
4.559911444854180651e+00,3.557904879424640399e-01,2.289718665469156478e-01
4.816958070837238814e+00,3.835547782074781864e-01,3.158255185870787463e-01
5.071224689030625399e+00,4.300328968783557748e-01,4.138110681635433497e-01
5.319630935314635600e+00,5.010225484695931542e-01,5.259276514140853731e-01
5.556989605320629799e+00,6.026247020522548237e-01,6.581659341690880849e-01
5.776694271758360699e+00,7.380345720860970182e-01,8.204510593795365514e-01
5.971743777116563123e+00,9.067783196912440058e-01,1.025721834519355502e+00
6.133538256988454229e+00,1.107105019141201518e+00,1.283027304340377484e+00
6.251438565238010447e+00,1.335619785157960315e+00,1.577784005039013726e+00
6.310355551287941900e+00,1.585143378560355032e+00,1.841126112773505463e+00
6.292910955690313557e+00,1.840800200346313975e+00,1.951667494101494427e+00
6.189445638360340674e+00,2.075409138580669666e+00,1.827620188020081082e+00
6.008874748392146081e+00,2.259287088079230177e+00,1.519825836530185548e+00
5.778561337547219345e+00,2.378188714544723581e+00,1.155296646986395670e+00
5.525840149465649276e+00,2.439882143904108069e+00,8.270204823364099012e-01
5.266961552114160838e+00,2.461281972381589522e+00,5.667893861681743140e-01
5.007630538063779113e+00,2.459004777280156873e+00,3.714826419895166376e-01
4.749242572230858883e+00,2.443653908007995312e+00,2.274480068017802059e-01
4.491757850592906109e+00,2.421585427270649404e+00,1.214676789186297234e-01
4.234859640428456196e+00,2.397144155552723532e+00,4.377948693134855324e-02
3.977939609425030554e+00,2.374274075632685665e+00,-1.198499987540474140e-02
3.720477165851907131e+00,2.356491288151257635e+00,-4.968472180397848909e-02
3.462322481776601180e+00,2.346126233303884590e+00,-7.155409821355195044e-02
3.203750327110599372e+00,2.343064705902792255e+00,-7.893356185715302842e-02
2.945214704917575421e+00,2.348291511093672845e+00,-7.293344161280855553e-02
2.687092189789047847e+00,2.363210106232887853e+00,-5.506633658639404488e-02
2.429549006126166866e+00,2.386377121476641605e+00,-2.773362720197595360e-02
2.172419907859429955e+00,2.413424875160757210e+00,5.579140755371625286e-03
1.915370386200537123e+00,2.440892780710363752e+00,4.044459514507554865e-02
1.657997195865316797e+00,2.464710421107289662e+00,7.194175529979295047e-02
1.400057734673353149e+00,2.481054278516617195e+00,9.536658396847469410e-02
1.141659669347272921e+00,2.486945486283958839e+00,1.071116696161364401e-01
8.832496595020753460e-01,2.479137563141919465e+00,1.054853146430933947e-01
6.254453492677026771e-01,2.459108894107261634e+00,9.113981330960621574e-02
3.685070727785302314e-01,2.429844814036389522e+00,6.688149531465950592e-02
1.123729650684386350e-01,2.394313422268460556e+00,3.691208663236714843e-02
-1.433225798161750220e-01,2.356029209203114760e+00,5.774192220322746198e-03
-3.991761124160313479e-01,2.319269359469149805e+00,-2.268463652223709839e-02
-6.556780949624627652e-01,2.287634832364886961e+00,-4.606170164862045946e-02
-9.129378025307867128e-01,2.262905030638927784e+00,-6.364311505705927408e-02
-1.170754724462669483e+00,2.244593490299985561e+00,-7.603107698201710951e-02
-1.428903624225446922e+00,2.231181411289169247e+00,-8.427481122071617259e-02
-1.687262732862697012e+00,2.222631800933209334e+00,-8.887966789207656093e-02
-1.945752022358076427e+00,2.219222094530163503e+00,-8.916585907995314142e-02
-2.204262933458741802e+00,2.221047804524294733e+00,-8.331619781908533584e-02
-2.462597874328401826e+00,2.231214396389834320e+00,-6.915217039205501237e-02
-2.720377451134866398e+00,2.251696953605663687e+00,-4.533020098563689260e-02
-2.977278037946577527e+00,2.281265095132198439e+00,-1.242762028195794517e-02
-3.233563039542676876e+00,2.315467854773331169e+00,2.655763007098440806e-02
-3.489957124354618578e+00,2.348223109975990042e+00,6.648483583439707134e-02
-3.747044270230543095e+00,2.374569126366700367e+00,1.010305544716817855e-01
-4.004997167370705213e+00,2.390088471939825432e+00,1.240863710448628782e-01
-4.263454211595706589e+00,2.391024075957174144e+00,1.312638300050144591e-01
-4.521537266014887813e+00,2.375054616637760407e+00,1.210714860810994525e-01
-4.778397494606723583e+00,2.344799997251474366e+00,9.533439755614941946e-02
-5.033892054999771659e+00,2.304617851613418367e+00,5.871295934298429581e-02
-5.288518616953030715e+00,2.259589055507035482e+00,1.758992954386766686e-02
-5.543020542717577825e+00,2.214271723372075229e+00,-2.124546778791722157e-02
-5.798105439065488476e+00,2.172773898873968434e+00,-5.185151669434005794e-02
-6.054369651163851174e+00,2.139848502206771919e+00,-7.023746201099403952e-02
-6.311953664681495546e+00,2.119490200701464211e+00,-7.517745942558989869e-02
-6.570254545408849900e+00,2.110446056623052513e+00,-6.843858056462839845e-02
-6.828759338135889756e+00,2.108215849709811351e+00,-5.416874347328902439e-02
-7.087281210058786307e+00,2.108609013143009747e+00,-3.752463687245858465e-02
-7.345802367497899610e+00,2.109423061970815638e+00,-2.297533906191510586e-02
-7.604311510699629295e+00,2.108844945902905721e+00,-1.281244666221947534e-02
-7.862708903507006575e+00,2.104240944929934187e+00,-6.263735964760203459e-03
-8.121123427333971634e+00,2.096666560430939796e+00,5.829097901800974054e-04
-8.379811077235757466e+00,2.090553596845595052e+00,1.406152577015121891e-02
-8.638764230408051858e+00,2.089541869522291151e+00,4.173113577553332065e-02
-8.897751330098854439e+00,2.092816586460255479e+00,9.125837886411085342e-02
-9.156510002626102818e+00,2.098362550164360130e+00,1.698049238856322307e-01
-9.414946070036357639e+00,2.102360746954874848e+00,2.835564703810604104e-01
-9.672767585080409347e+00,2.098565783760260040e+00,4.357193076333597537e-01
-9.929106752868225527e+00,2.077681460397221791e+00,6.204833965304422660e-01
-1.018027998652200239e+01,2.025651779407972253e+00,8.127919115251673876e-01
-1.041540251633617231e+01,1.925308764846688225e+00,9.629761115429632534e-01
-1.061351342146047294e+01,1.762185930112068366e+00,1.014753292198128598e+00
-1.074974922165467106e+01,1.542590403262424692e+00,9.459295384174818411e-01
-1.082139603243791015e+01,1.292676103511766650e+00,7.882753415000680608e-01
-1.084546338414199695e+01,1.033592721129471315e+00,5.993460704064383915e-01
-1.084041219211970564e+01,7.737591349872686708e-01,4.239725982752945987e-01
-1.081936130380605121e+01,5.153165476275919366e-01,2.822367222788486063e-01
-1.078978360195405628e+01,2.582962665684460646e-01,1.773980939829300496e-01
-1.075681996873510116e+01,2.136977929874106508e-03,1.059891875397417499e-01
-1.072375652391441747e+01,-2.537716287153424233e-01,6.324921628541553542e-02
-1.069301197503569156e+01,-5.099453103825828393e-01,4.468467767736202662e-02
-1.066526297389977174e+01,-7.666909884190347135e-01,4.600689503125357516e-02
-1.063898120765868782e+01,-1.023854759313643115e+00,6.286550266698211209e-02
-1.061091160886969931e+01,-1.280964826902228237e+00,9.079542092912984419e-02
-1.057837243141510797e+01,-1.537498518570440398e+00,1.253055299476817375e-01
-1.053843307563248644e+01,-1.793123007168787364e+00,1.620122726280825431e-01
-1.048704057228304620e+01,-2.046852180709507252e+00,1.968281108472046403e-01
-1.042047326311128153e+01,-2.297249347392753549e+00,2.262356381323588905e-01
-1.033640977888415335e+01,-2.542504944751659224e+00,2.476073398413755344e-01
-1.023437781571876926e+01,-2.780730911993862797e+00,2.594640397947039490e-01
-1.011461554942500030e+01,-3.010789301797816897e+00,2.615637513012151194e-01
-9.978153163687323968e+00,-3.231180119193069800e+00,2.547676762769818803e-01
-9.826430531772345489e+00,-3.441539526648957903e+00,2.407139498698332436e-01
-9.661238887807876097e+00,-3.641149212062661178e+00,2.214077412558108637e-01
-9.484633090964180724e+00,-3.830562961724433002e+00,1.988560227129011204e-01
-9.298552365006216291e+00,-4.010542852396487667e+00,1.748256881729274292e-01
-9.104925909669077555e+00,-4.182117011959508801e+00,1.507398083566461044e-01
-8.905391661468200937e+00,-4.346473372837865057e+00,1.276887616187207530e-01
-8.701120524711324578e+00,-4.504670269648658021e+00,1.065098764096375911e-01
-8.493030319059638344e+00,-4.657559149868077952e+00,8.787236880362320202e-02
-8.281845096614757651e+00,-4.805923163106134766e+00,7.230626185851438126e-02
-8.068336248756097007e+00,-4.950755022390680438e+00,6.014047932780854089e-02
-7.853286319665023996e+00,-5.093636543471617983e+00,5.136583125467864691e-02
-7.637512398010791514e+00,-5.235580504450886963e+00,4.550671805896434191e-02
-7.420555192966458158e+00,-5.375883582978335795e+00,4.162797768240353302e-02
-7.202018655194923902e+00,-5.513641549549316068e+00,3.856404803343856103e-02
-6.981682883193900402e+00,-5.648594451549158180e+00,3.534678380010917997e-02
-6.759699975090710744e+00,-5.780694838681625924e+00,3.169587782402839837e-02
-6.536321360160648908e+00,-5.910226874790183160e+00,2.836940441176692002e-02
-6.311757118454298876e+00,-6.037699439332939733e+00,2.717371040458160455e-02
-6.086644631421449958e+00,-6.163987800962786423e+00,3.053293199790928919e-02
-5.861722110931996355e+00,-6.290520209572321164e+00,4.070463843875460341e-02
-5.637317009607123452e+00,-6.418084223436068214e+00,5.889575598860390809e-02
-5.413621163155220017e+00,-6.546650349187828510e+00,8.457929114629968159e-02
-5.188869877163570621e+00,-6.673237088277578444e+00,1.152348095784237747e-01
-4.960709725380377577e+00,-6.793347106252638490e+00,1.466024471941331508e-01
-4.726557239755431183e+00,-6.902724295801478505e+00,1.734192092832100296e-01
-4.487279527382139754e+00,-6.997383161200533941e+00,1.905189473409844847e-01
-4.242119880464443327e+00,-7.076564316216772177e+00,1.940787404991186071e-01
-3.991899133108864017e+00,-7.139331495077005485e+00,1.826652391877867654e-01
-3.737472138644509556e+00,-7.185146189963070640e+00,1.577051248024421426e-01
-3.480375673392870794e+00,-7.215225790283875895e+00,1.232053959989970610e-01
-3.222185608899896359e+00,-7.235130685642107373e+00,8.485838731750908193e-02
-2.963519384320683514e+00,-7.250391602173976935e+00,4.882637734100756660e-02
-2.704934235565292333e+00,-7.265867807199462902e+00,2.046869138661285004e-02
-2.446598295620415975e+00,-7.285658590677652313e+00,3.223046992336605059e-03
-2.189799642623265541e+00,-7.311309076715682309e+00,-2.119951632025308084e-03
-1.933216318857420291e+00,-7.342154441946341592e+00,2.511477809822157490e-03
-1.676945267055893751e+00,-7.375823570360722670e+00,1.319465894922785924e-02
-1.420320989070404938e+00,-7.407142015162807347e+00,2.536437024223263392e-02
-1.163173915900008737e+00,-7.433180301144211022e+00,3.521834698163903848e-02
-9.054932658121851441e-01,-7.453438013134843665e+00,4.053104122739454446e-02
-6.474367231237191378e-01,-7.468389437928600216e+00,4.077858805993186952e-02
-3.891617420329593902e-01,-7.479352206090158717e+00,3.696340416559416864e-02
-1.308042420894568458e-01,-7.488438831746762503e+00,3.125046992543744490e-02
1.275850163310741081e-01,-7.496661744215799672e+00,2.630081045503905590e-02
3.860002950230096985e-01,-7.504038272409616184e+00,2.459760082922327756e-02
