1.836000000000000076e+00,-8.224999999999999645e+00
1.786000000000000032e+00,-8.175000000000000711e+00
1.735999999999999988e+00,-8.175000000000000711e+00
1.685999999999999943e+00,-8.175000000000000711e+00
1.635999999999999899e+00,-8.175000000000000711e+00
1.586000000000000076e+00,-8.175000000000000711e+00
1.536000000000000032e+00,-8.175000000000000711e+00
1.485999999999999988e+00,-8.175000000000000711e+00
1.435999999999999943e+00,-8.175000000000000711e+00
1.385999999999999899e+00,-8.175000000000000711e+00
1.336000000000000076e+00,-8.175000000000000711e+00
1.286000000000000032e+00,-8.175000000000000711e+00
1.235999999999999988e+00,-8.175000000000000711e+00
1.185999999999999943e+00,-8.175000000000000711e+00
1.135999999999999899e+00,-8.175000000000000711e+00
1.086000000000000076e+00,-8.175000000000000711e+00
1.036000000000000032e+00,-8.175000000000000711e+00
9.859999999999999876e-01,-8.175000000000000711e+00
9.360000000000000542e-01,-8.175000000000000711e+00
8.860000000000000098e-01,-8.175000000000000711e+00
8.359999999999999654e-01,-8.175000000000000711e+00
7.860000000000000320e-01,-8.175000000000000711e+00
7.359999999999999876e-01,-8.175000000000000711e+00
6.860000000000000542e-01,-8.175000000000000711e+00
6.360000000000000098e-01,-8.175000000000000711e+00
5.859999999999999654e-01,-8.175000000000000711e+00
5.360000000000000320e-01,-8.175000000000000711e+00
4.859999999999999876e-01,-8.175000000000000711e+00
4.359999999999999987e-01,-8.175000000000000711e+00
3.860000000000000098e-01,-8.175000000000000711e+00
3.360000000000000209e-01,-8.175000000000000711e+00
2.859999999999999765e-01,-8.175000000000000711e+00
2.359999999999999876e-01,-8.175000000000000711e+00
1.859999999999999987e-01,-8.175000000000000711e+00
1.360000000000000098e-01,-8.175000000000000711e+00
8.599999999999999312e-02,-8.175000000000000711e+00
3.599999999999999728e-02,-8.175000000000000711e+00
-1.400000000000000029e-02,-8.175000000000000711e+00
-6.400000000000000133e-02,-8.175000000000000711e+00
-1.140000000000000041e-01,-8.125000000000000000e+00
-1.640000000000000069e-01,-8.125000000000000000e+00
-2.139999999999999958e-01,-8.125000000000000000e+00
-2.640000000000000124e-01,-8.125000000000000000e+00
-3.140000000000000013e-01,-8.125000000000000000e+00
-3.639999999999999902e-01,-8.125000000000000000e+00
-4.139999999999999791e-01,-8.125000000000000000e+00
-4.640000000000000235e-01,-8.125000000000000000e+00
-5.140000000000000124e-01,-8.125000000000000000e+00
-5.639999999999999458e-01,-8.125000000000000000e+00
-6.139999999999999902e-01,-8.125000000000000000e+00
-6.640000000000000346e-01,-8.125000000000000000e+00
-7.139999999999999680e-01,-8.125000000000000000e+00
-7.640000000000000124e-01,-8.125000000000000000e+00
-8.139999999999999458e-01,-8.125000000000000000e+00
-8.639999999999999902e-01,-8.125000000000000000e+00
-9.140000000000000346e-01,-8.125000000000000000e+00
-9.639999999999999680e-01,-8.125000000000000000e+00
-1.014000000000000012e+00,-8.125000000000000000e+00
-1.064000000000000057e+00,-8.074999999999999289e+00
-1.114000000000000101e+00,-8.074999999999999289e+00
-1.163999999999999924e+00,-8.074999999999999289e+00
-1.213999999999999968e+00,-8.074999999999999289e+00
-1.264000000000000012e+00,-8.074999999999999289e+00
-1.314000000000000057e+00,-8.074999999999999289e+00
-1.364000000000000101e+00,-8.074999999999999289e+00
-1.413999999999999924e+00,-8.074999999999999289e+00
-1.463999999999999968e+00,-8.074999999999999289e+00
-1.514000000000000012e+00,-8.074999999999999289e+00
-1.564000000000000057e+00,-8.074999999999999289e+00
-1.614000000000000101e+00,-8.074999999999999289e+00
-1.663999999999999924e+00,-8.074999999999999289e+00
-1.713999999999999968e+00,-8.074999999999999289e+00
-1.764000000000000012e+00,-8.074999999999999289e+00
-1.814000000000000057e+00,-8.074999999999999289e+00
-1.864000000000000101e+00,-8.074999999999999289e+00
-1.913999999999999924e+00,-8.074999999999999289e+00
-1.963999999999999968e+00,-8.074999999999999289e+00
-2.013999999999999790e+00,-8.025000000000000355e+00
-2.064000000000000057e+00,-8.025000000000000355e+00
-2.113999999999999879e+00,-8.025000000000000355e+00
-2.164000000000000146e+00,-8.025000000000000355e+00
-2.213999999999999968e+00,-8.025000000000000355e+00
-2.263999999999999790e+00,-8.025000000000000355e+00
-2.314000000000000057e+00,-8.025000000000000355e+00
-2.363999999999999879e+00,-8.025000000000000355e+00
-2.414000000000000146e+00,-8.025000000000000355e+00
-2.463999999999999968e+00,-8.025000000000000355e+00
-2.513999999999999790e+00,-8.025000000000000355e+00
-2.564000000000000057e+00,-8.025000000000000355e+00
-2.613999999999999879e+00,-7.974999999999999645e+00
-2.664000000000000146e+00,-7.974999999999999645e+00
-2.713999999999999968e+00,-7.974999999999999645e+00
-2.763999999999999790e+00,-7.974999999999999645e+00
-2.814000000000000057e+00,-7.974999999999999645e+00
-2.863999999999999879e+00,-7.974999999999999645e+00
-2.914000000000000146e+00,-7.924999999999999822e+00
-2.963999999999999968e+00,-7.924999999999999822e+00
-3.013999999999999790e+00,-7.924999999999999822e+00
-3.064000000000000057e+00,-7.924999999999999822e+00
-3.113999999999999879e+00,-7.924999999999999822e+00
-3.164000000000000146e+00,-7.875000000000000000e+00
-3.213999999999999968e+00,-7.875000000000000000e+00
-3.263999999999999790e+00,-7.875000000000000000e+00
-3.314000000000000057e+00,-7.875000000000000000e+00
-3.363999999999999879e+00,-7.875000000000000000e+00
-3.414000000000000146e+00,-7.825000000000000178e+00
-3.463999999999999968e+00,-7.825000000000000178e+00
-3.513999999999999790e+00,-7.825000000000000178e+00
-3.564000000000000057e+00,-7.825000000000000178e+00
-3.613999999999999879e+00,-7.825000000000000178e+00
-3.664000000000000146e+00,-7.775000000000000355e+00
-3.713999999999999968e+00,-7.775000000000000355e+00
-3.763999999999999790e+00,-7.775000000000000355e+00
-3.814000000000000057e+00,-7.775000000000000355e+00
-3.863999999999999879e+00,-7.775000000000000355e+00
-3.914000000000000146e+00,-7.775000000000000355e+00
-3.963999999999999968e+00,-7.775000000000000355e+00
-4.014000000000000234e+00,-7.724999999999999645e+00
-4.064000000000000057e+00,-7.724999999999999645e+00
-4.113999999999999879e+00,-7.724999999999999645e+00
-4.163999999999999702e+00,-7.724999999999999645e+00
-4.214000000000000412e+00,-7.674999999999999822e+00
-4.264000000000000234e+00,-7.674999999999999822e+00
-4.314000000000000057e+00,-7.674999999999999822e+00
-4.363999999999999879e+00,-7.674999999999999822e+00
-4.413999999999999702e+00,-7.674999999999999822e+00
-4.464000000000000412e+00,-7.625000000000000000e+00
-4.514000000000000234e+00,-7.625000000000000000e+00
-4.564000000000000057e+00,-7.625000000000000000e+00
-4.613999999999999879e+00,-7.625000000000000000e+00
-4.663999999999999702e+00,-7.575000000000000178e+00
-4.714000000000000412e+00,-7.575000000000000178e+00
-4.764000000000000234e+00,-7.525000000000000355e+00
-4.814000000000000057e+00,-7.525000000000000355e+00
-4.863999999999999879e+00,-7.525000000000000355e+00
-4.913999999999999702e+00,-7.474999999999999645e+00
-4.964000000000000412e+00,-7.474999999999999645e+00
-5.014000000000000234e+00,-7.474999999999999645e+00
-5.064000000000000057e+00,-7.424999999999999822e+00
-5.113999999999999879e+00,-7.424999999999999822e+00
-5.163999999999999702e+00,-7.424999999999999822e+00
-5.214000000000000412e+00,-7.375000000000000000e+00
-5.264000000000000234e+00,-7.375000000000000000e+00
-5.314000000000000057e+00,-7.325000000000000178e+00
-5.363999999999999879e+00,-7.325000000000000178e+00
-5.413999999999999702e+00,-7.275000000000000355e+00
-5.464000000000000412e+00,-7.275000000000000355e+00
-5.514000000000000234e+00,-7.275000000000000355e+00
-5.564000000000000057e+00,-7.224999999999999645e+00
-5.613999999999999879e+00,-7.224999999999999645e+00
-5.663999999999999702e+00,-7.174999999999999822e+00
-5.714000000000000412e+00,-7.174999999999999822e+00
-5.764000000000000234e+00,-7.125000000000000000e+00
-5.814000000000000057e+00,-7.125000000000000000e+00
-5.863999999999999879e+00,-7.075000000000000178e+00
-5.913999999999999702e+00,-7.075000000000000178e+00
-5.964000000000000412e+00,-7.025000000000000355e+00
-6.014000000000000234e+00,-7.025000000000000355e+00
-6.064000000000000057e+00,-7.025000000000000355e+00
-6.113999999999999879e+00,-6.974999999999999645e+00
-6.163999999999999702e+00,-6.974999999999999645e+00
-6.214000000000000412e+00,-6.924999999999999822e+00
-6.264000000000000234e+00,-6.924999999999999822e+00
-6.314000000000000057e+00,-6.875000000000000000e+00
-6.363999999999999879e+00,-6.875000000000000000e+00
-6.413999999999999702e+00,-6.825000000000000178e+00
-6.464000000000000412e+00,-6.775000000000000355e+00
-6.514000000000000234e+00,-6.775000000000000355e+00
-6.564000000000000057e+00,-6.724999999999999645e+00
-6.613999999999999879e+00,-6.724999999999999645e+00
-6.663999999999999702e+00,-6.674999999999999822e+00
-6.714000000000000412e+00,-6.674999999999999822e+00
-6.764000000000000234e+00,-6.625000000000000000e+00
-6.814000000000000057e+00,-6.575000000000000178e+00
-6.863999999999999879e+00,-6.575000000000000178e+00
-6.913999999999999702e+00,-6.525000000000000355e+00
-6.964000000000000412e+00,-6.525000000000000355e+00
-7.014000000000000234e+00,-6.474999999999999645e+00
-7.064000000000000057e+00,-6.474999999999999645e+00
-7.113999999999999879e+00,-6.424999999999999822e+00
-7.163999999999999702e+00,-6.424999999999999822e+00
-7.214000000000000412e+00,-6.375000000000000000e+00
-7.264000000000000234e+00,-6.375000000000000000e+00
-7.314000000000000057e+00,-6.325000000000000178e+00
-7.363999999999999879e+00,-6.275000000000000355e+00
-7.413999999999999702e+00,-6.275000000000000355e+00
-7.464000000000000412e+00,-6.224999999999999645e+00
-7.514000000000000234e+00,-6.224999999999999645e+00
-7.564000000000000057e+00,-6.174999999999999822e+00
-7.613999999999999879e+00,-6.174999999999999822e+00
-7.663999999999999702e+00,-6.125000000000000000e+00
-7.714000000000000412e+00,-6.075000000000000178e+00
-7.764000000000000234e+00,-6.075000000000000178e+00
-7.814000000000000057e+00,-6.025000000000000355e+00
-7.863999999999999879e+00,-5.974999999999999645e+00
-7.913999999999999702e+00,-5.974999999999999645e+00
-7.964000000000000412e+00,-5.924999999999999822e+00
-8.013999999999999346e+00,-5.924999999999999822e+00
-8.064000000000000057e+00,-5.875000000000000000e+00
-8.114000000000000767e+00,-5.825000000000000178e+00
-8.163999999999999702e+00,-5.825000000000000178e+00
-8.214000000000000412e+00,-5.775000000000000355e+00
-8.263999999999999346e+00,-5.724999999999999645e+00
-8.314000000000000057e+00,-5.724999999999999645e+00
-8.364000000000000767e+00,-5.674999999999999822e+00
-8.413999999999999702e+00,-5.625000000000000000e+00
-8.464000000000000412e+00,-5.625000000000000000e+00
-8.513999999999999346e+00,-5.575000000000000178e+00
-8.564000000000000057e+00,-5.525000000000000355e+00
-8.614000000000000767e+00,-5.525000000000000355e+00
-8.663999999999999702e+00,-5.474999999999999645e+00
-8.714000000000000412e+00,-5.424999999999999822e+00
-8.763999999999999346e+00,-5.424999999999999822e+00
-8.814000000000000057e+00,-5.375000000000000000e+00
-8.864000000000000767e+00,-5.375000000000000000e+00
-8.913999999999999702e+00,-5.325000000000000178e+00
-8.964000000000000412e+00,-5.275000000000000355e+00
-9.013999999999999346e+00,-5.275000000000000355e+00
-9.064000000000000057e+00,-5.224999999999999645e+00
-9.114000000000000767e+00,-5.174999999999999822e+00
-9.163999999999999702e+00,-5.174999999999999822e+00
-9.214000000000000412e+00,-5.125000000000000000e+00
-9.263999999999999346e+00,-5.075000000000000178e+00
-9.314000000000000057e+00,-5.075000000000000178e+00
-9.364000000000000767e+00,-5.025000000000000355e+00
-9.413999999999999702e+00,-4.974999999999999645e+00
-9.464000000000000412e+00,-4.974999999999999645e+00
-9.513999999999999346e+00,-4.924999999999999822e+00
-9.564000000000000057e+00,-4.875000000000000000e+00
-9.614000000000000767e+00,-4.825000000000000178e+00
-9.663999999999999702e+00,-4.825000000000000178e+00
-9.714000000000000412e+00,-4.775000000000000355e+00
-9.763999999999999346e+00,-4.724999999999999645e+00
-9.814000000000000057e+00,-4.674999999999999822e+00
-9.864000000000000767e+00,-4.674999999999999822e+00
-9.913999999999999702e+00,-4.625000000000000000e+00
-9.964000000000000412e+00,-4.575000000000000178e+00
-1.001399999999999935e+01,-4.525000000000000355e+00
-1.006400000000000006e+01,-4.474999999999999645e+00
-1.011400000000000077e+01,-4.424999999999999822e+00
-1.016399999999999970e+01,-4.375000000000000000e+00
-1.021400000000000041e+01,-4.325000000000000178e+00
-1.026399999999999935e+01,-4.275000000000000355e+00
-1.031400000000000006e+01,-4.224999999999999645e+00
-1.036400000000000077e+01,-4.174999999999999822e+00
-1.041399999999999970e+01,-4.125000000000000000e+00
-1.046400000000000041e+01,-4.075000000000000178e+00
-1.051399999999999935e+01,-4.025000000000000355e+00
-1.051399999999999935e+01,-3.975000000000000089e+00
-1.056400000000000006e+01,-3.924999999999999822e+00
-1.061400000000000077e+01,-3.875000000000000000e+00
-1.066399999999999970e+01,-3.825000000000000178e+00
-1.071400000000000041e+01,-3.774999999999999911e+00
-1.076399999999999935e+01,-3.725000000000000089e+00
-1.076399999999999935e+01,-3.674999999999999822e+00
-1.081400000000000006e+01,-3.625000000000000000e+00
-1.081400000000000006e+01,-3.575000000000000178e+00
-1.086400000000000077e+01,-3.524999999999999911e+00
-1.091399999999999970e+01,-3.475000000000000089e+00
-1.096400000000000041e+01,-3.424999999999999822e+00
-1.096400000000000041e+01,-3.375000000000000000e+00
-1.101399999999999935e+01,-3.325000000000000178e+00
-1.101399999999999935e+01,-3.274999999999999911e+00
-1.101399999999999935e+01,-3.225000000000000089e+00
-1.101399999999999935e+01,-3.174999999999999822e+00
-1.101399999999999935e+01,-3.125000000000000000e+00
-1.106400000000000006e+01,-3.075000000000000178e+00
-1.106400000000000006e+01,-3.024999999999999911e+00
-1.106400000000000006e+01,-2.975000000000000089e+00
-1.111400000000000077e+01,-2.924999999999999822e+00
-1.111400000000000077e+01,-2.875000000000000000e+00
-1.111400000000000077e+01,-2.825000000000000178e+00
-1.116399999999999970e+01,-2.774999999999999911e+00
-1.116399999999999970e+01,-2.725000000000000089e+00
-1.116399999999999970e+01,-2.674999999999999822e+00
-1.116399999999999970e+01,-2.625000000000000000e+00
-1.121400000000000041e+01,-2.575000000000000178e+00
-1.121400000000000041e+01,-2.524999999999999911e+00
-1.121400000000000041e+01,-2.475000000000000089e+00
-1.126399999999999935e+01,-2.424999999999999822e+00
-1.126399999999999935e+01,-2.375000000000000000e+00
-1.126399999999999935e+01,-2.325000000000000178e+00
-1.126399999999999935e+01,-2.274999999999999911e+00
-1.131400000000000006e+01,-2.225000000000000089e+00
-1.131400000000000006e+01,-2.174999999999999822e+00
-1.131400000000000006e+01,-2.125000000000000000e+00
-1.131400000000000006e+01,-2.075000000000000178e+00
-1.136400000000000077e+01,-2.024999999999999911e+00
-1.136400000000000077e+01,-1.975000000000000089e+00
-1.136400000000000077e+01,-1.925000000000000044e+00
-1.136400000000000077e+01,-1.875000000000000000e+00
-1.136400000000000077e+01,-1.824999999999999956e+00
-1.141399999999999970e+01,-1.774999999999999911e+00
-1.141399999999999970e+01,-1.725000000000000089e+00
-1.141399999999999970e+01,-1.675000000000000044e+00
-1.141399999999999970e+01,-1.625000000000000000e+00
-1.141399999999999970e+01,-1.574999999999999956e+00
-1.141399999999999970e+01,-1.524999999999999911e+00
-1.146400000000000041e+01,-1.475000000000000089e+00
-1.146400000000000041e+01,-1.425000000000000044e+00
-1.146400000000000041e+01,-1.375000000000000000e+00
-1.146400000000000041e+01,-1.324999999999999956e+00
-1.146400000000000041e+01,-1.274999999999999911e+00
-1.146400000000000041e+01,-1.225000000000000089e+00
-1.151399999999999935e+01,-1.175000000000000044e+00
-1.151399999999999935e+01,-1.125000000000000000e+00
-1.151399999999999935e+01,-1.074999999999999956e+00
-1.151399999999999935e+01,-1.024999999999999911e+00
-1.151399999999999935e+01,-9.749999999999999778e-01
-1.151399999999999935e+01,-9.250000000000000444e-01
-1.151399999999999935e+01,-8.750000000000000000e-01
-1.151399999999999935e+01,-8.249999999999999556e-01
-1.156400000000000006e+01,-7.750000000000000222e-01
-1.156400000000000006e+01,-7.249999999999999778e-01
-1.156400000000000006e+01,-6.750000000000000444e-01
-1.161400000000000077e+01,-6.250000000000000000e-01
-1.161400000000000077e+01,-5.749999999999999556e-01
-1.161400000000000077e+01,-5.250000000000000222e-01
-1.161400000000000077e+01,-4.749999999999999778e-01
-1.161400000000000077e+01,-4.249999999999999889e-01
-1.161400000000000077e+01,-3.750000000000000000e-01
-1.166399999999999970e+01,-3.250000000000000111e-01
-1.166399999999999970e+01,-2.750000000000000222e-01
-1.166399999999999970e+01,-2.250000000000000056e-01
-1.166399999999999970e+01,-1.749999999999999889e-01
-1.166399999999999970e+01,-1.250000000000000000e-01
-1.166399999999999970e+01,-7.499999999999999722e-02
-1.166399999999999970e+01,-2.500000000000000139e-02
-1.166399999999999970e+01,2.500000000000000139e-02
-1.166399999999999970e+01,7.499999999999999722e-02
-1.166399999999999970e+01,1.250000000000000000e-01
-1.171400000000000041e+01,1.749999999999999889e-01
-1.171400000000000041e+01,2.250000000000000056e-01
-1.171400000000000041e+01,2.750000000000000222e-01
-1.171400000000000041e+01,3.250000000000000111e-01
-1.171400000000000041e+01,3.750000000000000000e-01
-1.171400000000000041e+01,4.249999999999999889e-01
-1.171400000000000041e+01,4.749999999999999778e-01
-1.171400000000000041e+01,5.250000000000000222e-01
-1.171400000000000041e+01,5.749999999999999556e-01
-1.171400000000000041e+01,6.250000000000000000e-01
-1.171400000000000041e+01,6.750000000000000444e-01
-1.171400000000000041e+01,7.249999999999999778e-01
-1.171400000000000041e+01,7.750000000000000222e-01
-1.176399999999999935e+01,8.249999999999999556e-01
-1.176399999999999935e+01,8.750000000000000000e-01
-1.176399999999999935e+01,9.250000000000000444e-01
-1.176399999999999935e+01,9.749999999999999778e-01
-1.176399999999999935e+01,1.024999999999999911e+00
-1.176399999999999935e+01,1.074999999999999956e+00
-1.176399999999999935e+01,1.125000000000000000e+00
-1.176399999999999935e+01,1.175000000000000044e+00
-1.176399999999999935e+01,1.225000000000000089e+00
-1.176399999999999935e+01,1.274999999999999911e+00
-1.181400000000000006e+01,1.324999999999999956e+00
-1.181400000000000006e+01,1.375000000000000000e+00
-1.181400000000000006e+01,1.425000000000000044e+00
-1.181400000000000006e+01,1.475000000000000089e+00
-1.181400000000000006e+01,1.524999999999999911e+00
-1.181400000000000006e+01,1.574999999999999956e+00
-1.181400000000000006e+01,1.625000000000000000e+00
-1.181400000000000006e+01,1.675000000000000044e+00
-1.181400000000000006e+01,1.725000000000000089e+00
-1.181400000000000006e+01,1.774999999999999911e+00
-1.181400000000000006e+01,1.824999999999999956e+00
-1.181400000000000006e+01,1.875000000000000000e+00
-1.181400000000000006e+01,1.925000000000000044e+00
-1.181400000000000006e+01,1.975000000000000089e+00
-1.181400000000000006e+01,2.024999999999999911e+00
-1.181400000000000006e+01,2.075000000000000178e+00
-1.181400000000000006e+01,2.125000000000000000e+00
-1.181400000000000006e+01,2.174999999999999822e+00
-1.181400000000000006e+01,2.225000000000000089e+00
-1.181400000000000006e+01,2.274999999999999911e+00
-1.181400000000000006e+01,2.325000000000000178e+00
-1.181400000000000006e+01,2.375000000000000000e+00
-1.176399999999999935e+01,2.424999999999999822e+00
-1.176399999999999935e+01,2.475000000000000089e+00
-1.176399999999999935e+01,2.524999999999999911e+00
-1.176399999999999935e+01,2.575000000000000178e+00
-1.176399999999999935e+01,2.625000000000000000e+00
-1.176399999999999935e+01,2.674999999999999822e+00
-1.171400000000000041e+01,2.725000000000000089e+00
-1.166399999999999970e+01,2.725000000000000089e+00
-1.161400000000000077e+01,2.774999999999999911e+00
-1.161400000000000077e+01,2.825000000000000178e+00
-1.156400000000000006e+01,2.875000000000000000e+00
-1.151399999999999935e+01,2.875000000000000000e+00
-1.146400000000000041e+01,2.875000000000000000e+00
-1.141399999999999970e+01,2.875000000000000000e+00
-1.136400000000000077e+01,2.875000000000000000e+00
-1.131400000000000006e+01,2.875000000000000000e+00
-1.126399999999999935e+01,2.875000000000000000e+00
-1.121400000000000041e+01,2.875000000000000000e+00
-1.116399999999999970e+01,2.875000000000000000e+00
-1.111400000000000077e+01,2.875000000000000000e+00
-1.106400000000000006e+01,2.875000000000000000e+00
-1.101399999999999935e+01,2.875000000000000000e+00
-1.096400000000000041e+01,2.875000000000000000e+00
-1.091399999999999970e+01,2.875000000000000000e+00
-1.086400000000000077e+01,2.875000000000000000e+00
-1.081400000000000006e+01,2.875000000000000000e+00
-1.076399999999999935e+01,2.875000000000000000e+00
-1.071400000000000041e+01,2.875000000000000000e+00
-1.066399999999999970e+01,2.875000000000000000e+00
-1.061400000000000077e+01,2.875000000000000000e+00
-1.056400000000000006e+01,2.875000000000000000e+00
-1.051399999999999935e+01,2.875000000000000000e+00
-1.046400000000000041e+01,2.875000000000000000e+00
-1.041399999999999970e+01,2.875000000000000000e+00
-1.036400000000000077e+01,2.875000000000000000e+00
-1.031400000000000006e+01,2.875000000000000000e+00
-1.026399999999999935e+01,2.875000000000000000e+00
-1.021400000000000041e+01,2.875000000000000000e+00
-1.016399999999999970e+01,2.875000000000000000e+00
-1.011400000000000077e+01,2.875000000000000000e+00
-1.006400000000000006e+01,2.875000000000000000e+00
-1.001399999999999935e+01,2.875000000000000000e+00
-9.964000000000000412e+00,2.875000000000000000e+00
-9.913999999999999702e+00,2.875000000000000000e+00
-9.864000000000000767e+00,2.875000000000000000e+00
-9.814000000000000057e+00,2.875000000000000000e+00
-9.763999999999999346e+00,2.875000000000000000e+00
-9.714000000000000412e+00,2.875000000000000000e+00
-9.663999999999999702e+00,2.875000000000000000e+00
-9.614000000000000767e+00,2.875000000000000000e+00
-9.564000000000000057e+00,2.875000000000000000e+00
-9.513999999999999346e+00,2.875000000000000000e+00
-9.464000000000000412e+00,2.924999999999999822e+00
-9.413999999999999702e+00,2.924999999999999822e+00
-9.364000000000000767e+00,2.924999999999999822e+00
-9.314000000000000057e+00,2.924999999999999822e+00
-9.263999999999999346e+00,2.924999999999999822e+00
-9.214000000000000412e+00,2.924999999999999822e+00
-9.163999999999999702e+00,2.924999999999999822e+00
-9.114000000000000767e+00,2.924999999999999822e+00
-9.064000000000000057e+00,2.924999999999999822e+00
-9.013999999999999346e+00,2.875000000000000000e+00
-8.964000000000000412e+00,2.875000000000000000e+00
-8.913999999999999702e+00,2.875000000000000000e+00
-8.864000000000000767e+00,2.875000000000000000e+00
-8.814000000000000057e+00,2.875000000000000000e+00
-8.763999999999999346e+00,2.875000000000000000e+00
-8.714000000000000412e+00,2.924999999999999822e+00
-8.663999999999999702e+00,2.924999999999999822e+00
-8.614000000000000767e+00,2.924999999999999822e+00
-8.564000000000000057e+00,2.924999999999999822e+00
-8.513999999999999346e+00,2.924999999999999822e+00
-8.464000000000000412e+00,2.924999999999999822e+00
-8.413999999999999702e+00,2.924999999999999822e+00
-8.364000000000000767e+00,2.924999999999999822e+00
-8.314000000000000057e+00,2.924999999999999822e+00
-8.263999999999999346e+00,2.924999999999999822e+00
-8.214000000000000412e+00,2.924999999999999822e+00
-8.163999999999999702e+00,2.924999999999999822e+00
-8.114000000000000767e+00,2.924999999999999822e+00
-8.064000000000000057e+00,2.924999999999999822e+00
-8.013999999999999346e+00,2.924999999999999822e+00
-7.964000000000000412e+00,2.924999999999999822e+00
-7.913999999999999702e+00,2.924999999999999822e+00
-7.863999999999999879e+00,2.924999999999999822e+00
-7.814000000000000057e+00,2.924999999999999822e+00
-7.764000000000000234e+00,2.924999999999999822e+00
-7.714000000000000412e+00,2.924999999999999822e+00
-7.663999999999999702e+00,2.924999999999999822e+00
-7.613999999999999879e+00,2.924999999999999822e+00
-7.564000000000000057e+00,2.924999999999999822e+00
-7.514000000000000234e+00,2.924999999999999822e+00
-7.464000000000000412e+00,2.924999999999999822e+00
-7.413999999999999702e+00,2.924999999999999822e+00
-7.363999999999999879e+00,2.924999999999999822e+00
-7.314000000000000057e+00,2.924999999999999822e+00
-7.264000000000000234e+00,2.924999999999999822e+00
-7.214000000000000412e+00,2.924999999999999822e+00
-7.163999999999999702e+00,2.924999999999999822e+00
-7.113999999999999879e+00,2.924999999999999822e+00
-7.064000000000000057e+00,2.924999999999999822e+00
-7.014000000000000234e+00,2.924999999999999822e+00
-6.964000000000000412e+00,2.924999999999999822e+00
-6.913999999999999702e+00,2.924999999999999822e+00
-6.863999999999999879e+00,2.924999999999999822e+00
-6.814000000000000057e+00,2.924999999999999822e+00
-6.764000000000000234e+00,2.924999999999999822e+00
-6.714000000000000412e+00,2.924999999999999822e+00
-6.663999999999999702e+00,2.924999999999999822e+00
-6.613999999999999879e+00,2.924999999999999822e+00
-6.564000000000000057e+00,2.924999999999999822e+00
-6.514000000000000234e+00,2.924999999999999822e+00
-6.464000000000000412e+00,2.924999999999999822e+00
-6.413999999999999702e+00,2.924999999999999822e+00
-6.363999999999999879e+00,2.924999999999999822e+00
-6.314000000000000057e+00,2.924999999999999822e+00
-6.264000000000000234e+00,2.924999999999999822e+00
-6.214000000000000412e+00,2.924999999999999822e+00
-6.163999999999999702e+00,2.924999999999999822e+00
-6.113999999999999879e+00,2.924999999999999822e+00
-6.064000000000000057e+00,2.924999999999999822e+00
-6.014000000000000234e+00,2.924999999999999822e+00
-5.964000000000000412e+00,2.924999999999999822e+00
-5.913999999999999702e+00,2.924999999999999822e+00
-5.863999999999999879e+00,2.924999999999999822e+00
-5.814000000000000057e+00,2.924999999999999822e+00
-5.764000000000000234e+00,2.924999999999999822e+00
-5.714000000000000412e+00,2.924999999999999822e+00
-5.663999999999999702e+00,2.924999999999999822e+00
-5.613999999999999879e+00,2.924999999999999822e+00
-5.564000000000000057e+00,2.924999999999999822e+00
-5.514000000000000234e+00,2.975000000000000089e+00
-5.464000000000000412e+00,2.975000000000000089e+00
-5.413999999999999702e+00,2.975000000000000089e+00
-5.363999999999999879e+00,2.975000000000000089e+00
-5.314000000000000057e+00,2.975000000000000089e+00
-5.264000000000000234e+00,2.975000000000000089e+00
-5.214000000000000412e+00,2.975000000000000089e+00
-5.163999999999999702e+00,2.975000000000000089e+00
-5.113999999999999879e+00,2.975000000000000089e+00
-5.064000000000000057e+00,2.975000000000000089e+00
-5.014000000000000234e+00,2.975000000000000089e+00
-4.964000000000000412e+00,2.975000000000000089e+00
-4.913999999999999702e+00,2.975000000000000089e+00
-4.863999999999999879e+00,2.975000000000000089e+00
-4.814000000000000057e+00,2.975000000000000089e+00
-4.764000000000000234e+00,2.975000000000000089e+00
-4.714000000000000412e+00,3.024999999999999911e+00
-4.663999999999999702e+00,3.024999999999999911e+00
-4.613999999999999879e+00,3.024999999999999911e+00
-4.564000000000000057e+00,3.024999999999999911e+00
-4.514000000000000234e+00,3.024999999999999911e+00
-4.464000000000000412e+00,3.024999999999999911e+00
-4.413999999999999702e+00,3.024999999999999911e+00
-4.363999999999999879e+00,3.024999999999999911e+00
-4.314000000000000057e+00,3.024999999999999911e+00
-4.264000000000000234e+00,3.024999999999999911e+00
-4.214000000000000412e+00,3.024999999999999911e+00
-4.163999999999999702e+00,3.024999999999999911e+00
-4.113999999999999879e+00,3.024999999999999911e+00
-4.064000000000000057e+00,3.024999999999999911e+00
-4.014000000000000234e+00,3.024999999999999911e+00
-3.963999999999999968e+00,3.024999999999999911e+00
-3.914000000000000146e+00,3.024999999999999911e+00
-3.863999999999999879e+00,3.024999999999999911e+00
-3.814000000000000057e+00,3.024999999999999911e+00
-3.763999999999999790e+00,3.024999999999999911e+00
-3.713999999999999968e+00,3.024999999999999911e+00
-3.664000000000000146e+00,3.024999999999999911e+00
-3.613999999999999879e+00,3.024999999999999911e+00
-3.564000000000000057e+00,3.024999999999999911e+00
-3.513999999999999790e+00,3.024999999999999911e+00
-3.463999999999999968e+00,3.024999999999999911e+00
-3.414000000000000146e+00,3.024999999999999911e+00
-3.363999999999999879e+00,3.024999999999999911e+00
-3.314000000000000057e+00,3.024999999999999911e+00
-3.263999999999999790e+00,3.024999999999999911e+00
-3.213999999999999968e+00,3.024999999999999911e+00
-3.164000000000000146e+00,3.024999999999999911e+00
-3.113999999999999879e+00,3.024999999999999911e+00
-3.064000000000000057e+00,3.024999999999999911e+00
-3.013999999999999790e+00,3.024999999999999911e+00
-2.963999999999999968e+00,3.024999999999999911e+00
-2.914000000000000146e+00,3.024999999999999911e+00
-2.863999999999999879e+00,3.024999999999999911e+00
-2.814000000000000057e+00,3.024999999999999911e+00
-2.763999999999999790e+00,3.024999999999999911e+00
-2.713999999999999968e+00,3.024999999999999911e+00
-2.664000000000000146e+00,3.024999999999999911e+00
-2.613999999999999879e+00,3.024999999999999911e+00
-2.564000000000000057e+00,3.024999999999999911e+00
-2.513999999999999790e+00,3.024999999999999911e+00
-2.463999999999999968e+00,3.024999999999999911e+00
-2.414000000000000146e+00,3.024999999999999911e+00
-2.363999999999999879e+00,3.024999999999999911e+00
-2.314000000000000057e+00,3.075000000000000178e+00
-2.263999999999999790e+00,3.075000000000000178e+00
-2.213999999999999968e+00,3.075000000000000178e+00
-2.164000000000000146e+00,3.075000000000000178e+00
-2.113999999999999879e+00,3.075000000000000178e+00
-2.064000000000000057e+00,3.075000000000000178e+00
-2.013999999999999790e+00,3.075000000000000178e+00
-1.963999999999999968e+00,3.075000000000000178e+00
-1.913999999999999924e+00,3.075000000000000178e+00
-1.864000000000000101e+00,3.075000000000000178e+00
-1.814000000000000057e+00,3.075000000000000178e+00
-1.764000000000000012e+00,3.075000000000000178e+00
-1.713999999999999968e+00,3.075000000000000178e+00
-1.663999999999999924e+00,3.075000000000000178e+00
-1.614000000000000101e+00,3.075000000000000178e+00
-1.564000000000000057e+00,3.075000000000000178e+00
-1.514000000000000012e+00,3.075000000000000178e+00
-1.463999999999999968e+00,3.075000000000000178e+00
-1.413999999999999924e+00,3.075000000000000178e+00
-1.364000000000000101e+00,3.075000000000000178e+00
-1.314000000000000057e+00,3.075000000000000178e+00
-1.264000000000000012e+00,3.075000000000000178e+00
-1.213999999999999968e+00,3.075000000000000178e+00
-1.163999999999999924e+00,3.075000000000000178e+00
-1.114000000000000101e+00,3.075000000000000178e+00
-1.064000000000000057e+00,3.075000000000000178e+00
-1.014000000000000012e+00,3.075000000000000178e+00
-9.639999999999999680e-01,3.125000000000000000e+00
-9.140000000000000346e-01,3.125000000000000000e+00
-8.639999999999999902e-01,3.125000000000000000e+00
-8.139999999999999458e-01,3.125000000000000000e+00
-7.640000000000000124e-01,3.125000000000000000e+00
-7.139999999999999680e-01,3.125000000000000000e+00
-6.640000000000000346e-01,3.125000000000000000e+00
-6.139999999999999902e-01,3.125000000000000000e+00
-5.639999999999999458e-01,3.125000000000000000e+00
-5.140000000000000124e-01,3.125000000000000000e+00
-4.640000000000000235e-01,3.125000000000000000e+00
-4.139999999999999791e-01,3.125000000000000000e+00
-3.639999999999999902e-01,3.125000000000000000e+00
-3.140000000000000013e-01,3.125000000000000000e+00
-2.640000000000000124e-01,3.125000000000000000e+00
-2.139999999999999958e-01,3.125000000000000000e+00
-1.640000000000000069e-01,3.125000000000000000e+00
-1.140000000000000041e-01,3.125000000000000000e+00
-6.400000000000000133e-02,3.125000000000000000e+00
-1.400000000000000029e-02,3.125000000000000000e+00
3.599999999999999728e-02,3.125000000000000000e+00
8.599999999999999312e-02,3.125000000000000000e+00
1.360000000000000098e-01,3.125000000000000000e+00
1.859999999999999987e-01,3.125000000000000000e+00
2.359999999999999876e-01,3.125000000000000000e+00
2.859999999999999765e-01,3.125000000000000000e+00
3.360000000000000209e-01,3.125000000000000000e+00
3.860000000000000098e-01,3.125000000000000000e+00
4.359999999999999987e-01,3.125000000000000000e+00
4.859999999999999876e-01,3.125000000000000000e+00
5.360000000000000320e-01,3.125000000000000000e+00
5.859999999999999654e-01,3.125000000000000000e+00
6.360000000000000098e-01,3.125000000000000000e+00
6.860000000000000542e-01,3.125000000000000000e+00
7.359999999999999876e-01,3.125000000000000000e+00
7.860000000000000320e-01,3.125000000000000000e+00
8.359999999999999654e-01,3.125000000000000000e+00
8.860000000000000098e-01,3.125000000000000000e+00
9.360000000000000542e-01,3.125000000000000000e+00
9.859999999999999876e-01,3.125000000000000000e+00
1.036000000000000032e+00,3.125000000000000000e+00
1.086000000000000076e+00,3.125000000000000000e+00
1.135999999999999899e+00,3.125000000000000000e+00
1.185999999999999943e+00,3.125000000000000000e+00
1.235999999999999988e+00,3.125000000000000000e+00
1.286000000000000032e+00,3.125000000000000000e+00
1.336000000000000076e+00,3.125000000000000000e+00
1.385999999999999899e+00,3.125000000000000000e+00
1.435999999999999943e+00,3.125000000000000000e+00
1.485999999999999988e+00,3.125000000000000000e+00
1.536000000000000032e+00,3.125000000000000000e+00
1.586000000000000076e+00,3.125000000000000000e+00
1.635999999999999899e+00,3.174999999999999822e+00
1.685999999999999943e+00,3.174999999999999822e+00
1.735999999999999988e+00,3.174999999999999822e+00
1.786000000000000032e+00,3.174999999999999822e+00
1.836000000000000076e+00,3.174999999999999822e+00
1.885999999999999899e+00,3.174999999999999822e+00
1.935999999999999943e+00,3.174999999999999822e+00
1.985999999999999988e+00,3.174999999999999822e+00
2.036000000000000032e+00,3.174999999999999822e+00
2.085999999999999854e+00,3.174999999999999822e+00
2.136000000000000121e+00,3.174999999999999822e+00
2.185999999999999943e+00,3.174999999999999822e+00
2.236000000000000210e+00,3.174999999999999822e+00
2.286000000000000032e+00,3.174999999999999822e+00
2.335999999999999854e+00,3.174999999999999822e+00
2.386000000000000121e+00,3.174999999999999822e+00
2.435999999999999943e+00,3.174999999999999822e+00
2.486000000000000210e+00,3.174999999999999822e+00
2.536000000000000032e+00,3.174999999999999822e+00
2.585999999999999854e+00,3.174999999999999822e+00
2.636000000000000121e+00,3.174999999999999822e+00
2.685999999999999943e+00,3.174999999999999822e+00
2.736000000000000210e+00,3.174999999999999822e+00
2.786000000000000032e+00,3.174999999999999822e+00
2.835999999999999854e+00,3.174999999999999822e+00
2.886000000000000121e+00,3.174999999999999822e+00
2.935999999999999943e+00,3.174999999999999822e+00
2.986000000000000210e+00,3.174999999999999822e+00
3.036000000000000032e+00,3.174999999999999822e+00
3.085999999999999854e+00,3.174999999999999822e+00
3.136000000000000121e+00,3.174999999999999822e+00
3.185999999999999943e+00,3.174999999999999822e+00
3.236000000000000210e+00,3.174999999999999822e+00
3.286000000000000032e+00,3.174999999999999822e+00
3.335999999999999854e+00,3.174999999999999822e+00
3.386000000000000121e+00,3.174999999999999822e+00
3.435999999999999943e+00,3.174999999999999822e+00
3.486000000000000210e+00,3.174999999999999822e+00
3.536000000000000032e+00,3.174999999999999822e+00
3.585999999999999854e+00,3.174999999999999822e+00
3.636000000000000121e+00,3.174999999999999822e+00
3.685999999999999943e+00,3.174999999999999822e+00
3.736000000000000210e+00,3.174999999999999822e+00
3.786000000000000032e+00,3.174999999999999822e+00
3.835999999999999854e+00,3.174999999999999822e+00
3.886000000000000121e+00,3.174999999999999822e+00
3.935999999999999943e+00,3.225000000000000089e+00
3.986000000000000210e+00,3.225000000000000089e+00
4.035999999999999588e+00,3.225000000000000089e+00
4.086000000000000298e+00,3.225000000000000089e+00
4.136000000000000121e+00,3.225000000000000089e+00
4.185999999999999943e+00,3.225000000000000089e+00
4.235999999999999766e+00,3.225000000000000089e+00
4.285999999999999588e+00,3.225000000000000089e+00
4.336000000000000298e+00,3.225000000000000089e+00
4.386000000000000121e+00,3.225000000000000089e+00
4.435999999999999943e+00,3.225000000000000089e+00
4.485999999999999766e+00,3.225000000000000089e+00
4.535999999999999588e+00,3.225000000000000089e+00
4.586000000000000298e+00,3.225000000000000089e+00
4.636000000000000121e+00,3.225000000000000089e+00
4.685999999999999943e+00,3.225000000000000089e+00
4.735999999999999766e+00,3.225000000000000089e+00
4.785999999999999588e+00,3.225000000000000089e+00
4.836000000000000298e+00,3.225000000000000089e+00
4.886000000000000121e+00,3.225000000000000089e+00
4.935999999999999943e+00,3.225000000000000089e+00
4.985999999999999766e+00,3.225000000000000089e+00
5.035999999999999588e+00,3.225000000000000089e+00
5.086000000000000298e+00,3.225000000000000089e+00
5.136000000000000121e+00,3.225000000000000089e+00
5.185999999999999943e+00,3.225000000000000089e+00
5.235999999999999766e+00,3.225000000000000089e+00
5.285999999999999588e+00,3.225000000000000089e+00
5.336000000000000298e+00,3.225000000000000089e+00
5.386000000000000121e+00,3.225000000000000089e+00
5.435999999999999943e+00,3.225000000000000089e+00
5.485999999999999766e+00,3.225000000000000089e+00
5.535999999999999588e+00,3.225000000000000089e+00
5.586000000000000298e+00,3.274999999999999911e+00
5.636000000000000121e+00,3.274999999999999911e+00
5.685999999999999943e+00,3.274999999999999911e+00
5.735999999999999766e+00,3.274999999999999911e+00
5.785999999999999588e+00,3.274999999999999911e+00
5.836000000000000298e+00,3.274999999999999911e+00
5.886000000000000121e+00,3.274999999999999911e+00
5.935999999999999943e+00,3.274999999999999911e+00
5.985999999999999766e+00,3.274999999999999911e+00
6.035999999999999588e+00,3.274999999999999911e+00
6.086000000000000298e+00,3.274999999999999911e+00
6.136000000000000121e+00,3.274999999999999911e+00
6.185999999999999943e+00,3.274999999999999911e+00
6.235999999999999766e+00,3.274999999999999911e+00
6.285999999999999588e+00,3.274999999999999911e+00
6.336000000000000298e+00,3.274999999999999911e+00
6.386000000000000121e+00,3.274999999999999911e+00
6.435999999999999943e+00,3.274999999999999911e+00
6.485999999999999766e+00,3.274999999999999911e+00
6.535999999999999588e+00,3.274999999999999911e+00
6.586000000000000298e+00,3.274999999999999911e+00
6.636000000000000121e+00,3.274999999999999911e+00
6.685999999999999943e+00,3.274999999999999911e+00
6.735999999999999766e+00,3.274999999999999911e+00
6.785999999999999588e+00,3.274999999999999911e+00
6.836000000000000298e+00,3.274999999999999911e+00
6.886000000000000121e+00,3.274999999999999911e+00
6.935999999999999943e+00,3.274999999999999911e+00
6.985999999999999766e+00,3.274999999999999911e+00
7.035999999999999588e+00,3.274999999999999911e+00
7.086000000000000298e+00,3.274999999999999911e+00
7.136000000000000121e+00,3.274999999999999911e+00
7.136000000000000121e+00,3.225000000000000089e+00
7.136000000000000121e+00,3.174999999999999822e+00
7.136000000000000121e+00,3.125000000000000000e+00
7.136000000000000121e+00,3.075000000000000178e+00
7.136000000000000121e+00,3.024999999999999911e+00
7.136000000000000121e+00,2.975000000000000089e+00
7.136000000000000121e+00,2.924999999999999822e+00
7.136000000000000121e+00,2.875000000000000000e+00
7.136000000000000121e+00,2.825000000000000178e+00
7.136000000000000121e+00,2.774999999999999911e+00
7.136000000000000121e+00,2.725000000000000089e+00
7.136000000000000121e+00,2.674999999999999822e+00
7.136000000000000121e+00,2.625000000000000000e+00
7.136000000000000121e+00,2.575000000000000178e+00
7.136000000000000121e+00,2.524999999999999911e+00
7.136000000000000121e+00,2.475000000000000089e+00
7.136000000000000121e+00,2.424999999999999822e+00
7.136000000000000121e+00,2.375000000000000000e+00
7.136000000000000121e+00,2.325000000000000178e+00
7.136000000000000121e+00,2.274999999999999911e+00
7.136000000000000121e+00,2.225000000000000089e+00
7.136000000000000121e+00,2.174999999999999822e+00
7.136000000000000121e+00,2.125000000000000000e+00
7.136000000000000121e+00,2.075000000000000178e+00
7.136000000000000121e+00,2.024999999999999911e+00
7.136000000000000121e+00,1.975000000000000089e+00
7.086000000000000298e+00,1.925000000000000044e+00
7.086000000000000298e+00,1.875000000000000000e+00
7.086000000000000298e+00,1.824999999999999956e+00
7.086000000000000298e+00,1.774999999999999911e+00
7.035999999999999588e+00,1.725000000000000089e+00
7.035999999999999588e+00,1.675000000000000044e+00
7.035999999999999588e+00,1.625000000000000000e+00
6.985999999999999766e+00,1.574999999999999956e+00
6.985999999999999766e+00,1.524999999999999911e+00
6.985999999999999766e+00,1.475000000000000089e+00
6.935999999999999943e+00,1.425000000000000044e+00
6.935999999999999943e+00,1.375000000000000000e+00
6.886000000000000121e+00,1.324999999999999956e+00
6.886000000000000121e+00,1.274999999999999911e+00
6.886000000000000121e+00,1.225000000000000089e+00
6.836000000000000298e+00,1.175000000000000044e+00
6.836000000000000298e+00,1.125000000000000000e+00
6.836000000000000298e+00,1.074999999999999956e+00
6.785999999999999588e+00,1.024999999999999911e+00
6.785999999999999588e+00,9.749999999999999778e-01
6.785999999999999588e+00,9.250000000000000444e-01
6.735999999999999766e+00,8.750000000000000000e-01
6.735999999999999766e+00,8.249999999999999556e-01
6.735999999999999766e+00,7.750000000000000222e-01
6.685999999999999943e+00,7.249999999999999778e-01
6.685999999999999943e+00,6.750000000000000444e-01
6.636000000000000121e+00,6.250000000000000000e-01
6.636000000000000121e+00,5.749999999999999556e-01
6.586000000000000298e+00,5.250000000000000222e-01
6.535999999999999588e+00,4.749999999999999778e-01
6.535999999999999588e+00,4.249999999999999889e-01
6.485999999999999766e+00,3.750000000000000000e-01
6.435999999999999943e+00,3.250000000000000111e-01
6.435999999999999943e+00,2.750000000000000222e-01
6.386000000000000121e+00,2.250000000000000056e-01
6.336000000000000298e+00,1.749999999999999889e-01
6.285999999999999588e+00,1.250000000000000000e-01
6.235999999999999766e+00,7.499999999999999722e-02
6.185999999999999943e+00,2.500000000000000139e-02
6.136000000000000121e+00,-2.500000000000000139e-02
6.086000000000000298e+00,-7.499999999999999722e-02
6.035999999999999588e+00,-7.499999999999999722e-02
5.985999999999999766e+00,-1.250000000000000000e-01
5.935999999999999943e+00,-1.749999999999999889e-01
5.886000000000000121e+00,-1.749999999999999889e-01
5.836000000000000298e+00,-2.250000000000000056e-01
5.785999999999999588e+00,-2.250000000000000056e-01
5.735999999999999766e+00,-2.750000000000000222e-01
5.685999999999999943e+00,-2.750000000000000222e-01
5.636000000000000121e+00,-2.750000000000000222e-01
5.586000000000000298e+00,-3.250000000000000111e-01
5.535999999999999588e+00,-3.250000000000000111e-01
5.485999999999999766e+00,-3.250000000000000111e-01
5.435999999999999943e+00,-3.750000000000000000e-01
5.386000000000000121e+00,-3.750000000000000000e-01
5.336000000000000298e+00,-3.750000000000000000e-01
5.285999999999999588e+00,-3.750000000000000000e-01
5.235999999999999766e+00,-4.249999999999999889e-01
5.185999999999999943e+00,-4.249999999999999889e-01
5.136000000000000121e+00,-4.249999999999999889e-01
5.086000000000000298e+00,-4.249999999999999889e-01
5.035999999999999588e+00,-4.249999999999999889e-01
4.985999999999999766e+00,-4.249999999999999889e-01
4.935999999999999943e+00,-4.249999999999999889e-01
4.886000000000000121e+00,-4.249999999999999889e-01
4.836000000000000298e+00,-4.249999999999999889e-01
4.785999999999999588e+00,-4.249999999999999889e-01
4.735999999999999766e+00,-4.749999999999999778e-01
4.685999999999999943e+00,-4.749999999999999778e-01
4.636000000000000121e+00,-4.749999999999999778e-01
4.586000000000000298e+00,-4.749999999999999778e-01
4.535999999999999588e+00,-4.749999999999999778e-01
4.485999999999999766e+00,-4.749999999999999778e-01
4.435999999999999943e+00,-4.749999999999999778e-01
4.386000000000000121e+00,-4.749999999999999778e-01
4.336000000000000298e+00,-4.749999999999999778e-01
4.285999999999999588e+00,-4.749999999999999778e-01
4.235999999999999766e+00,-4.749999999999999778e-01
4.185999999999999943e+00,-4.749999999999999778e-01
4.136000000000000121e+00,-4.749999999999999778e-01
4.086000000000000298e+00,-4.749999999999999778e-01
4.035999999999999588e+00,-4.749999999999999778e-01
3.986000000000000210e+00,-4.749999999999999778e-01
3.935999999999999943e+00,-4.749999999999999778e-01
3.886000000000000121e+00,-4.749999999999999778e-01
3.835999999999999854e+00,-4.749999999999999778e-01
3.786000000000000032e+00,-4.749999999999999778e-01
3.736000000000000210e+00,-4.749999999999999778e-01
3.685999999999999943e+00,-4.749999999999999778e-01
3.636000000000000121e+00,-4.749999999999999778e-01
3.585999999999999854e+00,-4.749999999999999778e-01
3.536000000000000032e+00,-4.749999999999999778e-01
3.486000000000000210e+00,-4.749999999999999778e-01
3.435999999999999943e+00,-4.749999999999999778e-01
3.386000000000000121e+00,-4.749999999999999778e-01
3.335999999999999854e+00,-4.749999999999999778e-01
3.286000000000000032e+00,-5.250000000000000222e-01
3.236000000000000210e+00,-5.250000000000000222e-01
3.185999999999999943e+00,-5.250000000000000222e-01
3.136000000000000121e+00,-5.250000000000000222e-01
3.085999999999999854e+00,-5.250000000000000222e-01
3.036000000000000032e+00,-5.250000000000000222e-01
2.986000000000000210e+00,-5.250000000000000222e-01
2.935999999999999943e+00,-5.250000000000000222e-01
2.886000000000000121e+00,-5.250000000000000222e-01
2.835999999999999854e+00,-5.250000000000000222e-01
2.786000000000000032e+00,-5.250000000000000222e-01
2.736000000000000210e+00,-5.250000000000000222e-01
2.685999999999999943e+00,-5.250000000000000222e-01
2.636000000000000121e+00,-5.250000000000000222e-01
2.585999999999999854e+00,-5.250000000000000222e-01
2.536000000000000032e+00,-5.250000000000000222e-01
2.486000000000000210e+00,-5.250000000000000222e-01
2.435999999999999943e+00,-5.250000000000000222e-01
2.386000000000000121e+00,-5.250000000000000222e-01
2.335999999999999854e+00,-5.250000000000000222e-01
2.286000000000000032e+00,-5.250000000000000222e-01
2.236000000000000210e+00,-5.250000000000000222e-01
2.185999999999999943e+00,-5.250000000000000222e-01
2.136000000000000121e+00,-5.250000000000000222e-01
2.085999999999999854e+00,-5.250000000000000222e-01
2.036000000000000032e+00,-5.250000000000000222e-01
1.985999999999999988e+00,-5.250000000000000222e-01
1.935999999999999943e+00,-5.250000000000000222e-01
1.885999999999999899e+00,-5.250000000000000222e-01
1.836000000000000076e+00,-5.250000000000000222e-01
1.786000000000000032e+00,-5.250000000000000222e-01
1.735999999999999988e+00,-5.250000000000000222e-01
1.685999999999999943e+00,-5.250000000000000222e-01
1.635999999999999899e+00,-5.250000000000000222e-01
1.586000000000000076e+00,-5.250000000000000222e-01
1.536000000000000032e+00,-5.250000000000000222e-01
1.485999999999999988e+00,-5.250000000000000222e-01
1.435999999999999943e+00,-5.250000000000000222e-01
1.385999999999999899e+00,-5.250000000000000222e-01
1.336000000000000076e+00,-5.250000000000000222e-01
1.286000000000000032e+00,-5.250000000000000222e-01
1.235999999999999988e+00,-5.250000000000000222e-01
1.185999999999999943e+00,-5.250000000000000222e-01
1.135999999999999899e+00,-5.250000000000000222e-01
1.086000000000000076e+00,-5.749999999999999556e-01
1.036000000000000032e+00,-5.749999999999999556e-01
9.859999999999999876e-01,-5.749999999999999556e-01
9.360000000000000542e-01,-5.749999999999999556e-01
8.860000000000000098e-01,-5.749999999999999556e-01
8.359999999999999654e-01,-5.749999999999999556e-01
7.860000000000000320e-01,-5.749999999999999556e-01
7.359999999999999876e-01,-5.749999999999999556e-01
6.860000000000000542e-01,-5.749999999999999556e-01
6.360000000000000098e-01,-5.749999999999999556e-01
5.859999999999999654e-01,-5.749999999999999556e-01
5.360000000000000320e-01,-5.749999999999999556e-01
4.859999999999999876e-01,-5.749999999999999556e-01
4.359999999999999987e-01,-5.749999999999999556e-01
3.860000000000000098e-01,-5.749999999999999556e-01
3.360000000000000209e-01,-5.749999999999999556e-01
2.859999999999999765e-01,-5.749999999999999556e-01
2.359999999999999876e-01,-5.749999999999999556e-01
1.859999999999999987e-01,-5.749999999999999556e-01
1.360000000000000098e-01,-5.749999999999999556e-01
8.599999999999999312e-02,-5.749999999999999556e-01
3.599999999999999728e-02,-5.749999999999999556e-01
-1.400000000000000029e-02,-5.749999999999999556e-01
-6.400000000000000133e-02,-5.749999999999999556e-01
-1.140000000000000041e-01,-5.749999999999999556e-01
-1.640000000000000069e-01,-5.749999999999999556e-01
-2.139999999999999958e-01,-5.749999999999999556e-01
-2.640000000000000124e-01,-5.749999999999999556e-01
-3.140000000000000013e-01,-5.749999999999999556e-01
-3.639999999999999902e-01,-5.749999999999999556e-01
-4.139999999999999791e-01,-5.749999999999999556e-01
-4.640000000000000235e-01,-5.250000000000000222e-01
-5.140000000000000124e-01,-5.250000000000000222e-01
-5.639999999999999458e-01,-5.250000000000000222e-01
-6.139999999999999902e-01,-5.250000000000000222e-01
-6.640000000000000346e-01,-5.250000000000000222e-01
-7.139999999999999680e-01,-5.250000000000000222e-01
-7.640000000000000124e-01,-5.250000000000000222e-01
-8.139999999999999458e-01,-5.250000000000000222e-01
-8.639999999999999902e-01,-5.250000000000000222e-01
-9.140000000000000346e-01,-5.250000000000000222e-01
-9.639999999999999680e-01,-5.250000000000000222e-01
-1.014000000000000012e+00,-5.250000000000000222e-01
-1.064000000000000057e+00,-5.250000000000000222e-01
-1.114000000000000101e+00,-5.250000000000000222e-01
-1.163999999999999924e+00,-5.250000000000000222e-01
-1.213999999999999968e+00,-5.250000000000000222e-01
-1.264000000000000012e+00,-5.250000000000000222e-01
-1.314000000000000057e+00,-5.250000000000000222e-01
-1.364000000000000101e+00,-5.250000000000000222e-01
-1.413999999999999924e+00,-5.250000000000000222e-01
-1.463999999999999968e+00,-5.250000000000000222e-01
-1.514000000000000012e+00,-5.250000000000000222e-01
-1.564000000000000057e+00,-5.250000000000000222e-01
-1.614000000000000101e+00,-5.250000000000000222e-01
-1.663999999999999924e+00,-5.250000000000000222e-01
-1.713999999999999968e+00,-5.250000000000000222e-01
-1.764000000000000012e+00,-5.749999999999999556e-01
-1.814000000000000057e+00,-5.749999999999999556e-01
-1.864000000000000101e+00,-5.749999999999999556e-01
-1.913999999999999924e+00,-5.749999999999999556e-01
-1.963999999999999968e+00,-5.749999999999999556e-01
-2.013999999999999790e+00,-5.749999999999999556e-01
-2.064000000000000057e+00,-5.749999999999999556e-01
-2.113999999999999879e+00,-5.749999999999999556e-01
-2.164000000000000146e+00,-5.749999999999999556e-01
-2.213999999999999968e+00,-5.749999999999999556e-01
-2.263999999999999790e+00,-5.749999999999999556e-01
-2.314000000000000057e+00,-5.749999999999999556e-01
-2.363999999999999879e+00,-5.749999999999999556e-01
-2.414000000000000146e+00,-5.749999999999999556e-01
-2.463999999999999968e+00,-5.749999999999999556e-01
-2.513999999999999790e+00,-5.749999999999999556e-01
-2.564000000000000057e+00,-5.749999999999999556e-01
-2.613999999999999879e+00,-5.749999999999999556e-01
-2.664000000000000146e+00,-5.749999999999999556e-01
-2.713999999999999968e+00,-5.749999999999999556e-01
-2.763999999999999790e+00,-5.749999999999999556e-01
-2.814000000000000057e+00,-5.749999999999999556e-01
-2.863999999999999879e+00,-5.749999999999999556e-01
-2.914000000000000146e+00,-5.749999999999999556e-01
-2.963999999999999968e+00,-5.749999999999999556e-01
-3.013999999999999790e+00,-5.749999999999999556e-01
-3.064000000000000057e+00,-5.749999999999999556e-01
-3.113999999999999879e+00,-5.749999999999999556e-01
-3.164000000000000146e+00,-5.749999999999999556e-01
-3.213999999999999968e+00,-5.749999999999999556e-01
-3.263999999999999790e+00,-5.749999999999999556e-01
-3.314000000000000057e+00,-5.749999999999999556e-01
-3.363999999999999879e+00,-5.749999999999999556e-01
-3.414000000000000146e+00,-5.749999999999999556e-01
-3.463999999999999968e+00,-5.749999999999999556e-01
-3.513999999999999790e+00,-5.749999999999999556e-01
-3.564000000000000057e+00,-5.749999999999999556e-01
-3.613999999999999879e+00,-5.749999999999999556e-01
-3.664000000000000146e+00,-5.749999999999999556e-01
-3.713999999999999968e+00,-5.749999999999999556e-01
-3.763999999999999790e+00,-5.749999999999999556e-01
-3.814000000000000057e+00,-5.749999999999999556e-01
-3.863999999999999879e+00,-5.749999999999999556e-01
-3.914000000000000146e+00,-5.749999999999999556e-01
-3.963999999999999968e+00,-5.749999999999999556e-01
-4.014000000000000234e+00,-5.749999999999999556e-01
-4.064000000000000057e+00,-5.749999999999999556e-01
-4.113999999999999879e+00,-5.749999999999999556e-01
-4.163999999999999702e+00,-5.749999999999999556e-01
-4.214000000000000412e+00,-5.749999999999999556e-01
-4.264000000000000234e+00,-5.749999999999999556e-01
-4.314000000000000057e+00,-5.749999999999999556e-01
-4.363999999999999879e+00,-5.749999999999999556e-01
-4.413999999999999702e+00,-5.749999999999999556e-01
-4.464000000000000412e+00,-5.749999999999999556e-01
-4.514000000000000234e+00,-5.749999999999999556e-01
-4.564000000000000057e+00,-5.749999999999999556e-01
-4.613999999999999879e+00,-5.749999999999999556e-01
-4.663999999999999702e+00,-5.749999999999999556e-01
-4.714000000000000412e+00,-5.749999999999999556e-01
-4.764000000000000234e+00,-5.749999999999999556e-01
-4.814000000000000057e+00,-5.749999999999999556e-01
-4.863999999999999879e+00,-5.749999999999999556e-01
-4.913999999999999702e+00,-5.749999999999999556e-01
-4.964000000000000412e+00,-5.749999999999999556e-01
-5.014000000000000234e+00,-5.749999999999999556e-01
-5.064000000000000057e+00,-5.749999999999999556e-01
-5.113999999999999879e+00,-5.749999999999999556e-01
-5.163999999999999702e+00,-5.749999999999999556e-01
-5.214000000000000412e+00,-5.749999999999999556e-01
-5.264000000000000234e+00,-5.749999999999999556e-01
-5.314000000000000057e+00,-5.749999999999999556e-01
-5.363999999999999879e+00,-5.749999999999999556e-01
-5.413999999999999702e+00,-5.749999999999999556e-01
-5.464000000000000412e+00,-5.749999999999999556e-01
-5.514000000000000234e+00,-5.749999999999999556e-01
-5.564000000000000057e+00,-5.749999999999999556e-01
-5.613999999999999879e+00,-5.749999999999999556e-01
-5.663999999999999702e+00,-5.749999999999999556e-01
-5.714000000000000412e+00,-5.749999999999999556e-01
-5.764000000000000234e+00,-5.749999999999999556e-01
-5.814000000000000057e+00,-5.749999999999999556e-01
-5.863999999999999879e+00,-5.749999999999999556e-01
-5.913999999999999702e+00,-5.749999999999999556e-01
-5.964000000000000412e+00,-5.749999999999999556e-01
-6.014000000000000234e+00,-5.749999999999999556e-01
-6.064000000000000057e+00,-5.749999999999999556e-01
-6.113999999999999879e+00,-5.749999999999999556e-01
-6.163999999999999702e+00,-5.749999999999999556e-01
-6.214000000000000412e+00,-5.749999999999999556e-01
-6.264000000000000234e+00,-5.749999999999999556e-01
-6.314000000000000057e+00,-5.749999999999999556e-01
-6.363999999999999879e+00,-5.749999999999999556e-01
-6.413999999999999702e+00,-5.749999999999999556e-01
-6.464000000000000412e+00,-5.749999999999999556e-01
-6.514000000000000234e+00,-5.749999999999999556e-01
-6.564000000000000057e+00,-5.749999999999999556e-01
-6.613999999999999879e+00,-5.749999999999999556e-01
-6.663999999999999702e+00,-5.749999999999999556e-01
-6.714000000000000412e+00,-5.749999999999999556e-01
-6.764000000000000234e+00,-5.749999999999999556e-01
-6.814000000000000057e+00,-5.749999999999999556e-01
-6.863999999999999879e+00,-5.749999999999999556e-01
-6.913999999999999702e+00,-5.749999999999999556e-01
-6.964000000000000412e+00,-5.749999999999999556e-01
-7.014000000000000234e+00,-5.749999999999999556e-01
-7.064000000000000057e+00,-5.749999999999999556e-01
-7.113999999999999879e+00,-6.250000000000000000e-01
-7.163999999999999702e+00,-6.250000000000000000e-01
-7.214000000000000412e+00,-6.750000000000000444e-01
-7.264000000000000234e+00,-7.249999999999999778e-01
-7.314000000000000057e+00,-7.750000000000000222e-01
-7.363999999999999879e+00,-8.249999999999999556e-01
-7.363999999999999879e+00,-8.750000000000000000e-01
-7.363999999999999879e+00,-9.250000000000000444e-01
-7.413999999999999702e+00,-9.749999999999999778e-01
-7.413999999999999702e+00,-1.024999999999999911e+00
-7.413999999999999702e+00,-1.074999999999999956e+00
-7.363999999999999879e+00,-1.125000000000000000e+00
-7.363999999999999879e+00,-1.175000000000000044e+00
-7.363999999999999879e+00,-1.225000000000000089e+00
-7.314000000000000057e+00,-1.274999999999999911e+00
-7.314000000000000057e+00,-1.324999999999999956e+00
-7.314000000000000057e+00,-1.375000000000000000e+00
-7.264000000000000234e+00,-1.425000000000000044e+00
-7.264000000000000234e+00,-1.475000000000000089e+00
-7.264000000000000234e+00,-1.524999999999999911e+00
-7.264000000000000234e+00,-1.574999999999999956e+00
-7.264000000000000234e+00,-1.625000000000000000e+00
-7.214000000000000412e+00,-1.675000000000000044e+00
-7.214000000000000412e+00,-1.725000000000000089e+00
-7.214000000000000412e+00,-1.774999999999999911e+00
-7.163999999999999702e+00,-1.824999999999999956e+00
-7.163999999999999702e+00,-1.875000000000000000e+00
-7.113999999999999879e+00,-1.925000000000000044e+00
-7.113999999999999879e+00,-1.975000000000000089e+00
-7.064000000000000057e+00,-2.024999999999999911e+00
-7.064000000000000057e+00,-2.075000000000000178e+00
-7.014000000000000234e+00,-2.125000000000000000e+00
-7.014000000000000234e+00,-2.174999999999999822e+00
-6.964000000000000412e+00,-2.225000000000000089e+00
-6.964000000000000412e+00,-2.274999999999999911e+00
-6.913999999999999702e+00,-2.325000000000000178e+00
-6.913999999999999702e+00,-2.375000000000000000e+00
-6.863999999999999879e+00,-2.424999999999999822e+00
-6.863999999999999879e+00,-2.475000000000000089e+00
-6.814000000000000057e+00,-2.524999999999999911e+00
-6.814000000000000057e+00,-2.575000000000000178e+00
-6.764000000000000234e+00,-2.625000000000000000e+00
-6.764000000000000234e+00,-2.674999999999999822e+00
-6.714000000000000412e+00,-2.725000000000000089e+00
-6.663999999999999702e+00,-2.774999999999999911e+00
-6.663999999999999702e+00,-2.825000000000000178e+00
-6.613999999999999879e+00,-2.875000000000000000e+00
-6.564000000000000057e+00,-2.924999999999999822e+00
-6.564000000000000057e+00,-2.975000000000000089e+00
-6.514000000000000234e+00,-3.024999999999999911e+00
-6.514000000000000234e+00,-3.075000000000000178e+00
-6.464000000000000412e+00,-3.125000000000000000e+00
-6.464000000000000412e+00,-3.174999999999999822e+00
-6.413999999999999702e+00,-3.225000000000000089e+00
-6.363999999999999879e+00,-3.274999999999999911e+00
-6.363999999999999879e+00,-3.325000000000000178e+00
-6.314000000000000057e+00,-3.375000000000000000e+00
-6.264000000000000234e+00,-3.424999999999999822e+00
-6.214000000000000412e+00,-3.475000000000000089e+00
-6.163999999999999702e+00,-3.524999999999999911e+00
-6.113999999999999879e+00,-3.575000000000000178e+00
-6.064000000000000057e+00,-3.625000000000000000e+00
-6.014000000000000234e+00,-3.674999999999999822e+00
-5.964000000000000412e+00,-3.725000000000000089e+00
-5.913999999999999702e+00,-3.774999999999999911e+00
-5.863999999999999879e+00,-3.825000000000000178e+00
-5.814000000000000057e+00,-3.825000000000000178e+00
-5.764000000000000234e+00,-3.875000000000000000e+00
-5.714000000000000412e+00,-3.924999999999999822e+00
-5.663999999999999702e+00,-3.975000000000000089e+00
-5.613999999999999879e+00,-3.975000000000000089e+00
-5.564000000000000057e+00,-4.025000000000000355e+00
-5.514000000000000234e+00,-4.025000000000000355e+00
-5.464000000000000412e+00,-4.075000000000000178e+00
-5.413999999999999702e+00,-4.075000000000000178e+00
-5.363999999999999879e+00,-4.125000000000000000e+00
-5.314000000000000057e+00,-4.125000000000000000e+00
-5.264000000000000234e+00,-4.174999999999999822e+00
-5.214000000000000412e+00,-4.174999999999999822e+00
-5.163999999999999702e+00,-4.174999999999999822e+00
-5.113999999999999879e+00,-4.174999999999999822e+00
-5.064000000000000057e+00,-4.174999999999999822e+00
-5.014000000000000234e+00,-4.174999999999999822e+00
-4.964000000000000412e+00,-4.174999999999999822e+00
-4.913999999999999702e+00,-4.174999999999999822e+00
-4.863999999999999879e+00,-4.125000000000000000e+00
-4.814000000000000057e+00,-4.125000000000000000e+00
-4.764000000000000234e+00,-4.125000000000000000e+00
-4.714000000000000412e+00,-4.125000000000000000e+00
-4.663999999999999702e+00,-4.075000000000000178e+00
-4.613999999999999879e+00,-4.075000000000000178e+00
-4.564000000000000057e+00,-4.075000000000000178e+00
-4.514000000000000234e+00,-4.075000000000000178e+00
-4.464000000000000412e+00,-4.025000000000000355e+00
-4.413999999999999702e+00,-4.025000000000000355e+00
-4.363999999999999879e+00,-4.025000000000000355e+00
-4.314000000000000057e+00,-3.975000000000000089e+00
-4.264000000000000234e+00,-3.975000000000000089e+00
-4.214000000000000412e+00,-3.924999999999999822e+00
-4.163999999999999702e+00,-3.924999999999999822e+00
-4.113999999999999879e+00,-3.875000000000000000e+00
-4.064000000000000057e+00,-3.875000000000000000e+00
-4.014000000000000234e+00,-3.825000000000000178e+00
-3.963999999999999968e+00,-3.825000000000000178e+00
-3.914000000000000146e+00,-3.825000000000000178e+00
-3.863999999999999879e+00,-3.774999999999999911e+00
-3.814000000000000057e+00,-3.774999999999999911e+00
-3.763999999999999790e+00,-3.725000000000000089e+00
-3.713999999999999968e+00,-3.725000000000000089e+00
-3.664000000000000146e+00,-3.725000000000000089e+00
-3.613999999999999879e+00,-3.674999999999999822e+00
-3.564000000000000057e+00,-3.674999999999999822e+00
-3.513999999999999790e+00,-3.625000000000000000e+00
-3.463999999999999968e+00,-3.625000000000000000e+00
-3.414000000000000146e+00,-3.575000000000000178e+00
-3.363999999999999879e+00,-3.524999999999999911e+00
-3.314000000000000057e+00,-3.524999999999999911e+00
-3.263999999999999790e+00,-3.475000000000000089e+00
-3.213999999999999968e+00,-3.475000000000000089e+00
-3.164000000000000146e+00,-3.424999999999999822e+00
-3.113999999999999879e+00,-3.424999999999999822e+00
-3.064000000000000057e+00,-3.375000000000000000e+00
-3.013999999999999790e+00,-3.375000000000000000e+00
-2.963999999999999968e+00,-3.325000000000000178e+00
-2.914000000000000146e+00,-3.325000000000000178e+00
-2.863999999999999879e+00,-3.274999999999999911e+00
-2.814000000000000057e+00,-3.225000000000000089e+00
-2.763999999999999790e+00,-3.225000000000000089e+00
-2.713999999999999968e+00,-3.174999999999999822e+00
-2.664000000000000146e+00,-3.174999999999999822e+00
-2.613999999999999879e+00,-3.125000000000000000e+00
-2.564000000000000057e+00,-3.125000000000000000e+00
-2.513999999999999790e+00,-3.075000000000000178e+00
-2.463999999999999968e+00,-3.024999999999999911e+00
-2.414000000000000146e+00,-2.975000000000000089e+00
-2.363999999999999879e+00,-2.975000000000000089e+00
-2.314000000000000057e+00,-2.975000000000000089e+00
-2.263999999999999790e+00,-2.975000000000000089e+00
-2.213999999999999968e+00,-2.975000000000000089e+00
-2.164000000000000146e+00,-2.975000000000000089e+00
-2.113999999999999879e+00,-2.975000000000000089e+00
-2.064000000000000057e+00,-2.975000000000000089e+00
-2.013999999999999790e+00,-2.975000000000000089e+00
-1.963999999999999968e+00,-2.975000000000000089e+00
-1.913999999999999924e+00,-3.024999999999999911e+00
-1.864000000000000101e+00,-3.075000000000000178e+00
-1.814000000000000057e+00,-3.075000000000000178e+00
-1.764000000000000012e+00,-3.125000000000000000e+00
-1.713999999999999968e+00,-3.125000000000000000e+00
-1.663999999999999924e+00,-3.174999999999999822e+00
-1.614000000000000101e+00,-3.174999999999999822e+00
-1.564000000000000057e+00,-3.225000000000000089e+00
-1.514000000000000012e+00,-3.225000000000000089e+00
-1.463999999999999968e+00,-3.225000000000000089e+00
-1.413999999999999924e+00,-3.274999999999999911e+00
-1.364000000000000101e+00,-3.274999999999999911e+00
-1.314000000000000057e+00,-3.325000000000000178e+00
-1.264000000000000012e+00,-3.325000000000000178e+00
-1.213999999999999968e+00,-3.375000000000000000e+00
-1.163999999999999924e+00,-3.375000000000000000e+00
-1.114000000000000101e+00,-3.424999999999999822e+00
-1.064000000000000057e+00,-3.424999999999999822e+00
-1.014000000000000012e+00,-3.424999999999999822e+00
-9.639999999999999680e-01,-3.475000000000000089e+00
-9.140000000000000346e-01,-3.524999999999999911e+00
-8.639999999999999902e-01,-3.524999999999999911e+00
-8.139999999999999458e-01,-3.575000000000000178e+00
-7.640000000000000124e-01,-3.575000000000000178e+00
-7.139999999999999680e-01,-3.625000000000000000e+00
-6.640000000000000346e-01,-3.625000000000000000e+00
-6.139999999999999902e-01,-3.625000000000000000e+00
-5.639999999999999458e-01,-3.674999999999999822e+00
-5.140000000000000124e-01,-3.674999999999999822e+00
-4.640000000000000235e-01,-3.725000000000000089e+00
-4.139999999999999791e-01,-3.774999999999999911e+00
-3.639999999999999902e-01,-3.774999999999999911e+00
-3.140000000000000013e-01,-3.825000000000000178e+00
-2.640000000000000124e-01,-3.875000000000000000e+00
-2.139999999999999958e-01,-3.875000000000000000e+00
-1.640000000000000069e-01,-3.924999999999999822e+00
-1.140000000000000041e-01,-3.975000000000000089e+00
-6.400000000000000133e-02,-3.975000000000000089e+00
-1.400000000000000029e-02,-4.025000000000000355e+00
3.599999999999999728e-02,-4.075000000000000178e+00
8.599999999999999312e-02,-4.125000000000000000e+00
1.360000000000000098e-01,-4.125000000000000000e+00
1.859999999999999987e-01,-4.174999999999999822e+00
2.359999999999999876e-01,-4.224999999999999645e+00
2.859999999999999765e-01,-4.275000000000000355e+00
3.360000000000000209e-01,-4.325000000000000178e+00
3.860000000000000098e-01,-4.325000000000000178e+00
4.359999999999999987e-01,-4.375000000000000000e+00
4.859999999999999876e-01,-4.424999999999999822e+00
5.360000000000000320e-01,-4.474999999999999645e+00
5.859999999999999654e-01,-4.474999999999999645e+00
6.360000000000000098e-01,-4.525000000000000355e+00
6.860000000000000542e-01,-4.525000000000000355e+00
7.359999999999999876e-01,-4.575000000000000178e+00
7.860000000000000320e-01,-4.625000000000000000e+00
8.359999999999999654e-01,-4.625000000000000000e+00
8.860000000000000098e-01,-4.674999999999999822e+00
9.360000000000000542e-01,-4.674999999999999822e+00
9.859999999999999876e-01,-4.674999999999999822e+00
1.036000000000000032e+00,-4.724999999999999645e+00
1.086000000000000076e+00,-4.724999999999999645e+00
1.135999999999999899e+00,-4.724999999999999645e+00
1.185999999999999943e+00,-4.775000000000000355e+00
1.235999999999999988e+00,-4.775000000000000355e+00
1.286000000000000032e+00,-4.775000000000000355e+00
1.336000000000000076e+00,-4.825000000000000178e+00
1.385999999999999899e+00,-4.825000000000000178e+00
1.435999999999999943e+00,-4.825000000000000178e+00
1.485999999999999988e+00,-4.875000000000000000e+00
1.536000000000000032e+00,-4.875000000000000000e+00
1.586000000000000076e+00,-4.924999999999999822e+00
1.635999999999999899e+00,-4.924999999999999822e+00
1.685999999999999943e+00,-4.924999999999999822e+00
1.735999999999999988e+00,-4.974999999999999645e+00
1.786000000000000032e+00,-4.974999999999999645e+00
1.836000000000000076e+00,-4.974999999999999645e+00
1.885999999999999899e+00,-4.974999999999999645e+00
1.935999999999999943e+00,-4.924999999999999822e+00
1.985999999999999988e+00,-4.924999999999999822e+00
2.036000000000000032e+00,-4.924999999999999822e+00
2.085999999999999854e+00,-4.924999999999999822e+00
2.136000000000000121e+00,-4.875000000000000000e+00
2.185999999999999943e+00,-4.875000000000000000e+00
2.236000000000000210e+00,-4.825000000000000178e+00
2.286000000000000032e+00,-4.825000000000000178e+00
2.335999999999999854e+00,-4.775000000000000355e+00
2.386000000000000121e+00,-4.775000000000000355e+00
2.435999999999999943e+00,-4.724999999999999645e+00
2.486000000000000210e+00,-4.674999999999999822e+00
2.486000000000000210e+00,-4.625000000000000000e+00
2.536000000000000032e+00,-4.575000000000000178e+00
2.585999999999999854e+00,-4.525000000000000355e+00
2.636000000000000121e+00,-4.474999999999999645e+00
2.685999999999999943e+00,-4.424999999999999822e+00
2.685999999999999943e+00,-4.375000000000000000e+00
2.736000000000000210e+00,-4.325000000000000178e+00
2.786000000000000032e+00,-4.275000000000000355e+00
2.786000000000000032e+00,-4.224999999999999645e+00
2.835999999999999854e+00,-4.174999999999999822e+00
2.886000000000000121e+00,-4.125000000000000000e+00
2.886000000000000121e+00,-4.075000000000000178e+00
2.935999999999999943e+00,-4.025000000000000355e+00
2.935999999999999943e+00,-3.975000000000000089e+00
2.986000000000000210e+00,-3.924999999999999822e+00
3.036000000000000032e+00,-3.875000000000000000e+00
3.036000000000000032e+00,-3.825000000000000178e+00
3.036000000000000032e+00,-3.774999999999999911e+00
3.085999999999999854e+00,-3.725000000000000089e+00
3.085999999999999854e+00,-3.674999999999999822e+00
3.136000000000000121e+00,-3.625000000000000000e+00
3.136000000000000121e+00,-3.575000000000000178e+00
3.185999999999999943e+00,-3.524999999999999911e+00
3.185999999999999943e+00,-3.475000000000000089e+00
3.185999999999999943e+00,-3.424999999999999822e+00
3.236000000000000210e+00,-3.375000000000000000e+00
3.236000000000000210e+00,-3.325000000000000178e+00
3.236000000000000210e+00,-3.274999999999999911e+00
3.286000000000000032e+00,-3.225000000000000089e+00
3.286000000000000032e+00,-3.174999999999999822e+00
3.335999999999999854e+00,-3.125000000000000000e+00
3.335999999999999854e+00,-3.075000000000000178e+00
3.335999999999999854e+00,-3.024999999999999911e+00
3.386000000000000121e+00,-2.975000000000000089e+00
3.386000000000000121e+00,-2.924999999999999822e+00
3.386000000000000121e+00,-2.875000000000000000e+00
3.386000000000000121e+00,-2.825000000000000178e+00
3.435999999999999943e+00,-2.774999999999999911e+00
3.435999999999999943e+00,-2.725000000000000089e+00
3.435999999999999943e+00,-2.674999999999999822e+00
3.435999999999999943e+00,-2.625000000000000000e+00
3.486000000000000210e+00,-2.575000000000000178e+00
3.486000000000000210e+00,-2.524999999999999911e+00
3.486000000000000210e+00,-2.475000000000000089e+00
3.486000000000000210e+00,-2.424999999999999822e+00
3.486000000000000210e+00,-2.375000000000000000e+00
3.486000000000000210e+00,-2.325000000000000178e+00
3.486000000000000210e+00,-2.274999999999999911e+00
3.486000000000000210e+00,-2.225000000000000089e+00
3.486000000000000210e+00,-2.174999999999999822e+00
3.486000000000000210e+00,-2.125000000000000000e+00
3.486000000000000210e+00,-2.075000000000000178e+00
3.486000000000000210e+00,-2.024999999999999911e+00
3.486000000000000210e+00,-1.975000000000000089e+00
3.486000000000000210e+00,-1.925000000000000044e+00
3.486000000000000210e+00,-1.875000000000000000e+00
3.486000000000000210e+00,-1.824999999999999956e+00
3.486000000000000210e+00,-1.774999999999999911e+00
3.486000000000000210e+00,-1.725000000000000089e+00
3.486000000000000210e+00,-1.675000000000000044e+00
3.486000000000000210e+00,-1.625000000000000000e+00
3.486000000000000210e+00,-1.574999999999999956e+00
3.486000000000000210e+00,-1.524999999999999911e+00
3.486000000000000210e+00,-1.475000000000000089e+00
3.486000000000000210e+00,-1.425000000000000044e+00
3.486000000000000210e+00,-1.375000000000000000e+00
3.486000000000000210e+00,-1.324999999999999956e+00
3.486000000000000210e+00,-1.274999999999999911e+00
3.486000000000000210e+00,-1.225000000000000089e+00
3.536000000000000032e+00,-1.225000000000000089e+00
3.585999999999999854e+00,-1.225000000000000089e+00
3.636000000000000121e+00,-1.225000000000000089e+00
3.685999999999999943e+00,-1.225000000000000089e+00
3.736000000000000210e+00,-1.225000000000000089e+00
3.786000000000000032e+00,-1.225000000000000089e+00
3.835999999999999854e+00,-1.225000000000000089e+00
3.886000000000000121e+00,-1.225000000000000089e+00
3.935999999999999943e+00,-1.225000000000000089e+00
3.986000000000000210e+00,-1.225000000000000089e+00
4.035999999999999588e+00,-1.225000000000000089e+00
4.086000000000000298e+00,-1.225000000000000089e+00
4.136000000000000121e+00,-1.225000000000000089e+00
4.185999999999999943e+00,-1.225000000000000089e+00
4.235999999999999766e+00,-1.225000000000000089e+00
4.285999999999999588e+00,-1.225000000000000089e+00
4.336000000000000298e+00,-1.225000000000000089e+00
4.386000000000000121e+00,-1.225000000000000089e+00
4.435999999999999943e+00,-1.225000000000000089e+00
4.485999999999999766e+00,-1.225000000000000089e+00
4.535999999999999588e+00,-1.225000000000000089e+00
4.586000000000000298e+00,-1.225000000000000089e+00
4.636000000000000121e+00,-1.225000000000000089e+00
4.685999999999999943e+00,-1.225000000000000089e+00
4.735999999999999766e+00,-1.225000000000000089e+00
4.785999999999999588e+00,-1.274999999999999911e+00
4.836000000000000298e+00,-1.274999999999999911e+00
4.886000000000000121e+00,-1.274999999999999911e+00
4.935999999999999943e+00,-1.274999999999999911e+00
4.985999999999999766e+00,-1.274999999999999911e+00
5.035999999999999588e+00,-1.274999999999999911e+00
5.086000000000000298e+00,-1.274999999999999911e+00
5.136000000000000121e+00,-1.324999999999999956e+00
5.185999999999999943e+00,-1.324999999999999956e+00
5.235999999999999766e+00,-1.324999999999999956e+00
5.285999999999999588e+00,-1.324999999999999956e+00
5.336000000000000298e+00,-1.375000000000000000e+00
5.386000000000000121e+00,-1.375000000000000000e+00
5.435999999999999943e+00,-1.375000000000000000e+00
5.485999999999999766e+00,-1.375000000000000000e+00
5.535999999999999588e+00,-1.425000000000000044e+00
5.586000000000000298e+00,-1.425000000000000044e+00
5.636000000000000121e+00,-1.425000000000000044e+00
5.685999999999999943e+00,-1.475000000000000089e+00
5.735999999999999766e+00,-1.475000000000000089e+00
5.785999999999999588e+00,-1.524999999999999911e+00
5.836000000000000298e+00,-1.524999999999999911e+00
5.886000000000000121e+00,-1.574999999999999956e+00
5.935999999999999943e+00,-1.574999999999999956e+00
5.985999999999999766e+00,-1.574999999999999956e+00
6.035999999999999588e+00,-1.625000000000000000e+00
6.086000000000000298e+00,-1.625000000000000000e+00
6.136000000000000121e+00,-1.675000000000000044e+00
6.185999999999999943e+00,-1.725000000000000089e+00
6.235999999999999766e+00,-1.725000000000000089e+00
6.285999999999999588e+00,-1.774999999999999911e+00
6.336000000000000298e+00,-1.774999999999999911e+00
6.386000000000000121e+00,-1.824999999999999956e+00
6.435999999999999943e+00,-1.875000000000000000e+00
6.485999999999999766e+00,-1.925000000000000044e+00
6.535999999999999588e+00,-1.975000000000000089e+00
6.586000000000000298e+00,-2.024999999999999911e+00
6.586000000000000298e+00,-2.075000000000000178e+00
6.636000000000000121e+00,-2.125000000000000000e+00
6.636000000000000121e+00,-2.174999999999999822e+00
6.685999999999999943e+00,-2.225000000000000089e+00
6.685999999999999943e+00,-2.274999999999999911e+00
6.685999999999999943e+00,-2.325000000000000178e+00
6.735999999999999766e+00,-2.375000000000000000e+00
6.735999999999999766e+00,-2.424999999999999822e+00
6.735999999999999766e+00,-2.475000000000000089e+00
6.735999999999999766e+00,-2.524999999999999911e+00
6.735999999999999766e+00,-2.575000000000000178e+00
6.735999999999999766e+00,-2.625000000000000000e+00
6.735999999999999766e+00,-2.674999999999999822e+00
6.735999999999999766e+00,-2.725000000000000089e+00
6.735999999999999766e+00,-2.774999999999999911e+00
6.735999999999999766e+00,-2.825000000000000178e+00
6.735999999999999766e+00,-2.875000000000000000e+00
6.735999999999999766e+00,-2.924999999999999822e+00
6.735999999999999766e+00,-2.975000000000000089e+00
6.735999999999999766e+00,-3.024999999999999911e+00
6.735999999999999766e+00,-3.075000000000000178e+00
6.735999999999999766e+00,-3.125000000000000000e+00
6.735999999999999766e+00,-3.174999999999999822e+00
6.735999999999999766e+00,-3.225000000000000089e+00
6.735999999999999766e+00,-3.274999999999999911e+00
6.735999999999999766e+00,-3.325000000000000178e+00
6.735999999999999766e+00,-3.375000000000000000e+00
6.735999999999999766e+00,-3.424999999999999822e+00
6.735999999999999766e+00,-3.475000000000000089e+00
6.735999999999999766e+00,-3.524999999999999911e+00
6.735999999999999766e+00,-3.575000000000000178e+00
6.735999999999999766e+00,-3.625000000000000000e+00
6.735999999999999766e+00,-3.674999999999999822e+00
6.735999999999999766e+00,-3.725000000000000089e+00
6.685999999999999943e+00,-3.774999999999999911e+00
6.685999999999999943e+00,-3.825000000000000178e+00
6.685999999999999943e+00,-3.875000000000000000e+00
6.685999999999999943e+00,-3.924999999999999822e+00
6.685999999999999943e+00,-3.975000000000000089e+00
6.636000000000000121e+00,-4.025000000000000355e+00
6.636000000000000121e+00,-4.075000000000000178e+00
6.636000000000000121e+00,-4.125000000000000000e+00
6.636000000000000121e+00,-4.174999999999999822e+00
6.586000000000000298e+00,-4.224999999999999645e+00
6.586000000000000298e+00,-4.275000000000000355e+00
6.586000000000000298e+00,-4.325000000000000178e+00
6.586000000000000298e+00,-4.375000000000000000e+00
6.586000000000000298e+00,-4.424999999999999822e+00
6.586000000000000298e+00,-4.474999999999999645e+00
6.586000000000000298e+00,-4.525000000000000355e+00
6.586000000000000298e+00,-4.575000000000000178e+00
6.586000000000000298e+00,-4.625000000000000000e+00
6.535999999999999588e+00,-4.674999999999999822e+00
6.535999999999999588e+00,-4.724999999999999645e+00
6.535999999999999588e+00,-4.775000000000000355e+00
6.535999999999999588e+00,-4.825000000000000178e+00
6.485999999999999766e+00,-4.875000000000000000e+00
6.485999999999999766e+00,-4.924999999999999822e+00
6.485999999999999766e+00,-4.974999999999999645e+00
6.485999999999999766e+00,-5.025000000000000355e+00
6.435999999999999943e+00,-5.075000000000000178e+00
6.435999999999999943e+00,-5.125000000000000000e+00
6.386000000000000121e+00,-5.174999999999999822e+00
6.386000000000000121e+00,-5.224999999999999645e+00
6.336000000000000298e+00,-5.275000000000000355e+00
6.336000000000000298e+00,-5.325000000000000178e+00
6.285999999999999588e+00,-5.375000000000000000e+00
6.235999999999999766e+00,-5.424999999999999822e+00
6.235999999999999766e+00,-5.474999999999999645e+00
6.185999999999999943e+00,-5.525000000000000355e+00
6.185999999999999943e+00,-5.575000000000000178e+00
6.136000000000000121e+00,-5.625000000000000000e+00
6.086000000000000298e+00,-5.674999999999999822e+00
6.035999999999999588e+00,-5.724999999999999645e+00
6.035999999999999588e+00,-5.775000000000000355e+00
5.985999999999999766e+00,-5.825000000000000178e+00
5.935999999999999943e+00,-5.875000000000000000e+00
5.935999999999999943e+00,-5.924999999999999822e+00
5.886000000000000121e+00,-5.974999999999999645e+00
5.836000000000000298e+00,-6.025000000000000355e+00
5.785999999999999588e+00,-6.075000000000000178e+00
5.735999999999999766e+00,-6.125000000000000000e+00
5.685999999999999943e+00,-6.174999999999999822e+00
5.636000000000000121e+00,-6.224999999999999645e+00
5.586000000000000298e+00,-6.275000000000000355e+00
5.535999999999999588e+00,-6.325000000000000178e+00
5.485999999999999766e+00,-6.375000000000000000e+00
5.435999999999999943e+00,-6.424999999999999822e+00
5.386000000000000121e+00,-6.474999999999999645e+00
5.336000000000000298e+00,-6.525000000000000355e+00
5.336000000000000298e+00,-6.575000000000000178e+00
5.285999999999999588e+00,-6.625000000000000000e+00
5.235999999999999766e+00,-6.674999999999999822e+00
5.185999999999999943e+00,-6.724999999999999645e+00
5.185999999999999943e+00,-6.775000000000000355e+00
5.136000000000000121e+00,-6.825000000000000178e+00
5.136000000000000121e+00,-6.875000000000000000e+00
5.086000000000000298e+00,-6.924999999999999822e+00
5.035999999999999588e+00,-6.974999999999999645e+00
4.985999999999999766e+00,-7.025000000000000355e+00
4.935999999999999943e+00,-7.075000000000000178e+00
4.935999999999999943e+00,-7.125000000000000000e+00
4.886000000000000121e+00,-7.174999999999999822e+00
4.836000000000000298e+00,-7.224999999999999645e+00
4.785999999999999588e+00,-7.275000000000000355e+00
4.735999999999999766e+00,-7.325000000000000178e+00
4.685999999999999943e+00,-7.375000000000000000e+00
4.636000000000000121e+00,-7.424999999999999822e+00
4.586000000000000298e+00,-7.474999999999999645e+00
4.535999999999999588e+00,-7.525000000000000355e+00
4.485999999999999766e+00,-7.575000000000000178e+00
4.435999999999999943e+00,-7.625000000000000000e+00
4.386000000000000121e+00,-7.674999999999999822e+00
4.336000000000000298e+00,-7.724999999999999645e+00
4.285999999999999588e+00,-7.724999999999999645e+00
4.235999999999999766e+00,-7.775000000000000355e+00
4.185999999999999943e+00,-7.825000000000000178e+00
4.136000000000000121e+00,-7.825000000000000178e+00
4.086000000000000298e+00,-7.875000000000000000e+00
4.035999999999999588e+00,-7.875000000000000000e+00
3.986000000000000210e+00,-7.924999999999999822e+00
3.935999999999999943e+00,-7.924999999999999822e+00
3.886000000000000121e+00,-7.974999999999999645e+00
3.835999999999999854e+00,-7.974999999999999645e+00
3.786000000000000032e+00,-8.025000000000000355e+00
3.736000000000000210e+00,-8.025000000000000355e+00
3.685999999999999943e+00,-8.025000000000000355e+00
3.636000000000000121e+00,-8.074999999999999289e+00
3.585999999999999854e+00,-8.074999999999999289e+00
3.536000000000000032e+00,-8.074999999999999289e+00
3.486000000000000210e+00,-8.125000000000000000e+00
3.435999999999999943e+00,-8.125000000000000000e+00
3.386000000000000121e+00,-8.125000000000000000e+00
3.335999999999999854e+00,-8.125000000000000000e+00
3.286000000000000032e+00,-8.125000000000000000e+00
3.236000000000000210e+00,-8.175000000000000711e+00
3.185999999999999943e+00,-8.175000000000000711e+00
3.136000000000000121e+00,-8.175000000000000711e+00
3.085999999999999854e+00,-8.175000000000000711e+00
3.036000000000000032e+00,-8.175000000000000711e+00
2.986000000000000210e+00,-8.224999999999999645e+00
2.935999999999999943e+00,-8.224999999999999645e+00
2.886000000000000121e+00,-8.224999999999999645e+00
2.835999999999999854e+00,-8.224999999999999645e+00
2.786000000000000032e+00,-8.224999999999999645e+00
2.736000000000000210e+00,-8.224999999999999645e+00
2.685999999999999943e+00,-8.224999999999999645e+00
2.636000000000000121e+00,-8.224999999999999645e+00
2.585999999999999854e+00,-8.224999999999999645e+00
2.536000000000000032e+00,-8.224999999999999645e+00
2.486000000000000210e+00,-8.224999999999999645e+00
2.435999999999999943e+00,-8.224999999999999645e+00
2.386000000000000121e+00,-8.224999999999999645e+00
2.335999999999999854e+00,-8.224999999999999645e+00
2.286000000000000032e+00,-8.224999999999999645e+00
2.236000000000000210e+00,-8.224999999999999645e+00
2.185999999999999943e+00,-8.224999999999999645e+00
2.136000000000000121e+00,-8.224999999999999645e+00
2.085999999999999854e+00,-8.224999999999999645e+00
2.036000000000000032e+00,-8.224999999999999645e+00
1.985999999999999988e+00,-8.224999999999999645e+00
1.935999999999999943e+00,-8.224999999999999645e+00
1.885999999999999899e+00,-8.224999999999999645e+00
