0.000000000000000000e+00,4.657472569349835334e-01,-8.035237812889185413e-04,6.999999109949030185e+00,1.971436421176389897e-01,6.598675299907053211e-03,7.093030062230053723e+00
2.585234725755113372e-01,4.657574160925698759e-01,8.830211738667602915e-04,6.999999588377561643e+00,2.698894041547996170e-01,-6.978621928057097273e-03,7.127998442441149329e+00
5.170462926247021418e-01,4.657562892469101490e-01,-8.918824533278729445e-04,6.999999585081831732e+00,3.976322817552085942e-01,7.130280835579657674e-03,7.190229540395153052e+00
7.755560452000818117e-01,4.657580570571139278e-01,9.059054628590486498e-04,6.999999579881801104e+00,5.812261572039525426e-01,-7.284374611592678989e-03,7.281597809722275549e+00
1.034056806951223484e+00,4.657578361013031687e-01,-9.076804585594888935e-04,6.999999572778479617e+00,8.127427051923458157e-01,7.428350430071735400e-03,7.400178715574043942e+00
1.292575124936639730e+00,4.657583812474966334e-01,9.121310426291732477e-04,6.999999564030375154e+00,1.076616193323471915e+00,-7.590647340771238330e-03,7.540132052543796704e+00
1.551138427934747543e+00,4.657582880025397110e-01,-9.129067014810490332e-04,6.999999554134086033e+00,1.353211718786097917e+00,7.755737953213851996e-03,7.692629764946134152e+00
1.809727829345058048e+00,4.657585210492720673e-01,9.148844831754273255e-04,6.999999543789557244e+00,1.619960625545431521e+00,-7.921454585370401105e-03,7.845658455665473596e+00
2.068318860386502589e+00,4.657584476959023001e-01,-9.155194007166324571e-04,6.999999533947806718e+00,1.850931135977966768e+00,8.068108089888229723e-03,7.983165630944453639e+00
2.326967129611581697e+00,4.657585814194197815e-01,9.166971212755306965e-04,6.999999525762739871e+00,2.020319364816062446e+00,-8.181819242555399274e-03,8.087114086712182015e+00
2.585759471773494411e+00,4.657585002783038441e-01,-9.174210627113573444e-04,6.999999520339994064e+00,2.109853305662951595e+00,8.245647785212306680e-03,8.143159081277596911e+00
2.844658897250492924e+00,4.657586011560503891e-01,9.183273106288976362e-04,6.999999518345029870e+00,2.114610800526119494e+00,-8.257405741441598002e-03,8.146159071168710852e+00
3.103631798203802195e+00,4.657584909250131466e-01,-9.193179734860808163e-04,6.999999519761519018e+00,2.043813278305967707e+00,8.220804284693700864e-03,8.101745251092598465e+00
3.362918034814348367e+00,4.657585956600457933e-01,9.202540889684935038e-04,6.999999523924977041e+00,1.917533520640961386e+00,-8.152704021113833105e-03,8.023717052335411992e+00
3.622704300963526247e+00,4.657584234813493818e-01,-9.217782245071647540e-04,6.999999529775616125e+00,1.761412222048910348e+00,8.069047242511831128e-03,7.929302343682827825e+00
3.882382984152746186e+00,4.657585743927800670e-01,9.230983542600022101e-04,6.999999536179567272e+00,1.601184043122746870e+00,-7.989498889821972441e-03,7.834687558979744004e+00
4.141686618357594440e+00,4.657582833091846730e-01,-9.256143342046471972e-04,6.999999542169742739e+00,1.458348861512692052e+00,7.925798870192084580e-03,7.752226092242755939e+00
4.400661710348836131e+00,4.657585503832893381e-01,9.278984515799788401e-04,6.999999547073882056e+00,1.347776358688768550e+00,-7.888543288451668398e-03,7.689573729340127173e+00
4.659283620400437087e+00,4.657580783836152150e-01,-9.319026086057827099e-04,6.999999550519411251e+00,1.277265571836010416e+00,7.881324439493801043e-03,7.650146113741543630e+00
4.917549785743708490e+00,4.657585402670772479e-01,9.358007965091366199e-04,6.999999552381616752e+00,1.248735552373100965e+00,-7.903349404352725399e-03,7.634308591792057008e+00
5.175427871380390954e+00,4.657579252753735188e-01,-9.409805117005441396e-04,6.999999552689019744e+00,1.260557559602763611e+00,7.954081750359094302e-03,7.640862590155396816e+00
5.432981284313681769e+00,4.657585510658988626e-01,9.462556277276473271e-04,6.999999551521574936e+00,1.310439001626696909e+00,-8.026273045198879796e-03,7.668645617862403618e+00
5.690065041440688809e+00,4.657579687526044454e-01,-9.511821730653163788e-04,6.999999548905917024e+00,1.398234331101796624e+00,8.120867468753957888e-03,7.718037230646696223e+00
5.946927922089954244e+00,4.657585772510404731e-01,9.563633282710881601e-04,6.999999544720369116e+00,1.528036856125069676e+00,-8.236660909268177927e-03,7.792240571270223626e+00
6.204570333115944969e+00,4.657581628582420086e-01,-9.599257248976826064e-04,6.999999538627457163e+00,1.709021506824318637e+00,8.380988602052729525e-03,7.898114484567255289e+00
6.462676315246751457e+00,4.657586123149011215e-01,9.638419774632444627e-04,6.999999530024447303e+00,1.954970479242089665e+00,-8.565509471602816491e-03,8.046692276368240471e+00
6.720651197283457279e+00,4.657583762802076643e-01,-9.659373542622938080e-04,6.999999518015706634e+00,2.282953112180291733e+00,8.806610188707155243e-03,8.253745995658375634e+00
6.978641107639242058e+00,4.657586510529151402e-01,9.684393275569181964e-04,6.999999501339884134e+00,2.711929656432527036e+00,-9.130542812343329928e-03,8.541201255376288159e+00
7.236558505714064893e+00,4.657585343406936418e-01,-9.695391088527055513e-04,6.999999478222433069e+00,3.262461347889043406e+00,9.574431016537321426e-03,8.940804608251010421e+00
7.494348408056162647e+00,4.657587739549775008e-01,9.719025500512090817e-04,6.999999937544087558e+00,3.959082652555644621e+00,-1.018943230158921888e-02,9.503442906638971621e+00
7.751922986339193855e+00,4.657587793734010440e-01,-9.718457407393695175e-04,7.000000004463858616e+00,3.918745464117185495e+00,-1.432283725441850335e-02,1.032182115143989165e+01
8.009180680256939411e+00,4.653670623400424367e-01,-3.488016968341325127e-03,6.977123271426217244e+00,3.655408529485550506e+00,-2.918548924368686431e-02,1.154188485350270099e+01
8.265987381450909055e+00,4.644625257716051281e-01,-8.061034784690815705e-03,6.926365673601995177e+00,3.332705862050619583e+00,-4.032289430324469126e-02,1.355074379810148066e+01
8.522415755332477971e+00,4.630395430442201810e-01,-1.340904247671867618e-02,6.850972995688755063e+00,3.049421537380556213e+00,-4.822105615635369213e-02,1.735241096387882820e+01
8.778384954192725687e+00,4.614114167422584400e-01,-1.835622336049150261e-02,6.762906504723521728e+00,2.847667643698677864e+00,-5.368871672594097144e-02,2.592967693616416369e+01
9.033708916951539436e+00,4.600429079083604433e-01,-2.200112070998587813e-02,6.682974500609221380e+00,2.730042008986029778e+00,-5.721319804383968172e-02,4.877231270914099781e+01
9.287842575025761604e+00,4.592214330627907848e-01,-2.404493177843906870e-02,6.630668663102022187e+00,2.674332964027122728e+00,-5.912966442248469845e-02,8.469741579579613244e+01
9.540527205306524650e+00,4.587185369479733210e-01,-2.525284819966274255e-02,6.597963484340477969e+00,2.644885040894286110e+00,-6.024107705632368581e-02,5.083163884162072321e+01
9.793169424583684446e+00,4.578297710735260151e-01,-2.729338454444906262e-02,6.547394845067587177e+00,2.612252256881252510e+00,-6.175153390805288717e-02,2.369052216372758934e+01
1.004774313483793158e+01,4.557045948933170498e-01,-3.174534788832308885e-02,6.462488839264279861e+00,2.571017266865338158e+00,-6.411242650066506510e-02,1.409370079718990176e+01
1.030473827788754093e+01,4.514575669882614495e-01,-3.941072625192053314e-02,6.368411866061040705e+00,2.532737711662439217e+00,-6.669638795564081235e-02,1.014052603111872308e+01
1.056368984165892932e+01,4.441269605976619350e-01,-5.032734094509642986e-02,6.298928102994345579e+00,2.507740325910312595e+00,-6.861664268108588760e-02,8.217980274330530577e+00
1.082354280606273456e+01,4.327364153853697770e-01,-6.402598355691201115e-02,6.273207109633778700e+00,2.497914191869987643e+00,-6.935309209147083598e-02,7.179496369354393615e+00
1.108316912177617120e+01,4.164257520395863166e-01,-7.979554055022985981e-02,6.296274163646520705e+00,2.498025748852605421e+00,-6.884550323321050880e-02,6.591721005446913750e+00
1.134248265842590797e+01,3.945572313379551166e-01,-9.688733790258331757e-02,6.365589247788977723e+00,2.496904188680282299e+00,-6.737816442915400827e-02,6.267523289521365726e+00
1.160145693753516660e+01,3.667739697819218936e-01,-1.146466398769457745e-01,6.475199125322076199e+00,2.473086066969082619e+00,-6.551524568889857680e-02,6.118353828195277622e+00
1.186005899250967666e+01,3.330134571372489471e-01,-1.326092494442817349e-01,6.616984185555248921e+00,2.371965074108274951e+00,-6.427723203866150814e-02,6.097580004639470808e+00
1.211842652547628774e+01,2.934560916332082381e-01,-1.506473930952726970e-01,6.779888596342637186e+00,1.966321962889292063e+00,-6.620964227831427351e-02,6.173751136291184771e+00
1.237667197248657125e+01,2.483390680888701296e-01,-1.694209246504562449e-01,6.943750433881011652e+00,-9.810068684009740636e-01,-7.025740690287869683e-02,6.312365214416280956e+00
1.263492900909339411e+01,1.978153141155894745e-01,-1.893485908654176098e-01,6.999999612543634342e+00,-3.295160805797074488e+00,4.046898901609455312e-02,6.400218206645653218e+00
1.289319931920778117e+01,1.466055198364199785e-01,-1.779954377914397534e-01,6.972878004531833263e+00,-3.283381215847259504e+00,4.109106790194417408e-02,6.477043231240041443e+00
1.315139109457435218e+01,9.928556317674873399e-02,-1.666492885718178496e-01,6.954847049056319896e+00,-3.315916176571827023e+00,4.044673345078541454e-02,6.571887402071112660e+00
1.340934402820648330e+01,5.575523845450253146e-02,-1.556709022362963990e-01,6.944571255561397649e+00,-3.357946416501046638e+00,3.941440473764432073e-02,6.682815158959470203e+00
1.366686878401977268e+01,1.583830685641878996e-02,-1.451663787703858510e-01,6.942849736079288903e+00,-3.408361933370542385e+00,3.798496249726712043e-02,6.813938384309711438e+00
1.392398852081978511e+01,-2.066070771434030257e-02,-1.352405078733447397e-01,6.949945698243097603e+00,-3.466916535893378892e+00,3.612630337216984899e-02,6.966265654942612073e+00
1.418091476667714801e+01,-5.397368852986576815e-02,-1.259965406654001974e-01,6.964263170552300153e+00,-3.532602820234836294e+00,3.383814146917500654e-02,7.130821216187607448e+00
1.443772008596879530e+01,-8.439586706919596781e-02,-1.175175657176335264e-01,6.981691502924062931e+00,-3.603170300432594786e+00,3.117054931971601980e-02,7.286302635597744271e+00
1.469467060969736139e+01,-1.122936834795614375e-01,-1.098493376877306693e-01,6.995980387296209635e+00,-3.675268393933555089e+00,2.821652334649337596e-02,7.404248556802535575e+00
1.495224046433949461e+01,-1.380809925866606225e-01,-1.029974758516890576e-01,6.999999927638999253e+00,-3.377904831614102932e+00,3.823792151382852250e-02,7.459976583493983959e+00
1.521058490301982324e+01,-1.617901238056334290e-01,-9.376291394243847777e-02,6.999999898456573000e+00,-2.826935160373120315e+00,5.049122076599542319e-02,7.456445612858078498e+00
1.546956869584049876e+01,-1.829619242983612781e-01,-8.154096866096142981e-02,6.999999829492676184e+00,-2.206112075172310671e+00,5.951214875970772811e-02,7.403651034795045938e+00
1.572888795133804862e+01,-2.010647021443668914e-01,-6.700528502934448294e-02,6.999999773484073984e+00,-1.570111438763480693e+00,6.560135147551039714e-02,7.314153449128109941e+00
1.598817676195717929e+01,-2.156171635978308965e-01,-5.075939256160452717e-02,6.999999727109894820e+00,-9.506900632979181642e-01,6.927067886795014451e-02,7.201880502880285029e+00
1.624723858598156667e+01,-2.261830974759017621e-01,-3.331517333909002343e-02,6.999999687693251538e+00,-3.589376182820916417e-01,7.102060755355338317e-02,7.078207855314475161e+00
1.650602893143953764e+01,-2.323801162071868487e-01,-1.510256448435243898e-02,6.999999653187977344e+00,2.057736795313735156e-01,7.121315792344307116e-02,6.951713306316501750e+00
1.676445661047158353e+01,-2.338930066581313139e-01,3.498961222918214788e-03,6.999999621987058163e+00,7.454114563076185140e-01,7.006215381850877666e-02,6.829847980913437588e+00
1.702252715102316571e+01,-2.304925086953465152e-01,2.212546713270167192e-02,6.999999593485151550e+00,1.254356805328193047e+00,6.772119350915491165e-02,6.720702078594184670e+00
1.728019889125718933e+01,-2.220625828439420912e-01,4.041356860216041569e-02,6.999999569042487657e+00,1.713909821199876005e+00,-8.914378639525205941e-03,6.633610152722786424e+00
1.753759174539559140e+01,-2.113673069889821787e-01,3.798050965777706456e-02,6.999999675383620001e+00,2.092339953209690684e+00,-6.080129421775259252e-02,6.579279843302889397e+00
1.779476098966532760e+01,-2.032232441186385130e-01,2.123208420511422598e-02,6.999999680066523844e+00,2.352028479005410677e+00,-5.771078169245775352e-02,6.551088388682011932e+00
1.805180440813768783e+01,-1.995612236882457757e-01,5.257238400690136468e-03,6.999999664626505691e+00,2.462106939571250486e+00,-5.623428454708261776e-02,6.540794052717536999e+00
1.830915800344020639e+01,-2.002663191914314800e-01,-1.034525138709967845e-02,6.999999628068980684e+00,2.410890167266808159e+00,-5.693456214374671004e-02,6.547982318485918718e+00
1.856695352943854616e+01,-2.053205015434663439e-01,-2.613809720063697828e-02,6.999999584514037920e+00,2.210732750094331234e+00,-5.945746627824911867e-02,6.571486194587898844e+00
1.882514346163731034e+01,-2.148126143331571813e-01,-4.258545759874394349e-02,6.999999556229601794e+00,1.892312569083984375e+00,-6.284679134655982158e-02,6.609818516599109905e+00
1.908362272611097055e+01,-2.288877732347692207e-01,-5.988162090968640605e-02,6.999999551449751500e+00,1.492386715024141219e+00,-6.617366758095652446e-02,6.662341165107677377e+00
1.934227584858729188e+01,-2.476716057662962378e-01,-7.795793504586007172e-02,6.999999562441389322e+00,1.042514149926438760e+00,-6.885025823023087355e-02,6.730479721771875035e+00
1.960098736011606846e+01,-2.712038415314956263e-01,-9.657712267560744634e-02,6.999999579044098752e+00,5.638787615304580170e-01,-7.059636759199650058e-02,6.818420852029072776e+00
1.985966862155124346e+01,-2.993906728670626127e-01,-1.154169606515511315e-01,6.999999594662779323e+00,6.859545641816733319e-02,-6.320075445542544523e-02,6.933086958149288215e+00
2.011825700148324358e+01,-3.316906443486961065e-01,-1.319840001674058849e-01,6.999999584359667182e+00,-4.352023183258253991e-01,7.088401750243225607e-02,7.085228590197242937e+00
2.037670338164414119e+01,-3.629942227352230821e-01,-1.138560793249783626e-01,6.999999546571797460e+00,-9.375932657079447674e-01,6.932651522268432065e-02,7.310094659346766832e+00
2.063496041020550109e+01,-3.889789787474494664e-01,-9.668423064595545180e-02,6.999999503234862530e+00,-1.422519150724806947e+00,6.665955976538368022e-02,7.565324417593128459e+00
2.089305455235472664e+01,-4.101419416833577691e-01,-8.073714772067246137e-02,6.999999462704415087e+00,-1.866057137615604544e+00,6.309518263180327602e-02,7.833697954161874755e+00
2.115108776019872394e+01,-4.270703701447076672e-01,-6.616267648205460816e-02,6.999999439759697850e+00,-2.238181705604539662e+00,5.913049008940986923e-02,8.089289321256213583e+00
2.140914192831684915e+01,-4.403681880000917537e-01,-5.293495104197044193e-02,6.999999451515352966e+00,-2.508464217430252496e+00,5.557976351586816494e-02,8.299990470581816382e+00
2.166729212049640907e+01,-4.505763786091478429e-01,-4.081394996680128007e-02,6.999999498517279761e+00,-2.654663695802786716e+00,5.337932149497871120e-02,8.435610680953093521e+00
2.192560777586208332e+01,-4.580993712627895453e-01,-2.935474438888857618e-02,6.999999554971228832e+00,-2.670831287351453476e+00,5.312229303034722572e-02,8.479000166280625805e+00
2.218419835681138252e+01,-4.631543605483943726e-01,-1.800213598652247379e-02,6.999999595000250707e+00,-2.570616850544331644e+00,5.466923711837126665e-02,8.433227429932522057e+00
2.244316772390575920e+01,-4.657587252128106980e-01,-6.247159244641921697e-03,6.999999574589217843e+00,-2.383766177853305468e+00,5.728145455468595243e-02,8.319388266011030098e+00
2.270243960571052710e+01,-4.657587054943153060e-01,6.247340364387858093e-03,6.999999520354283966e+00,-2.147853606258726789e+00,-5.419052723300420149e-02,8.167026173458342697e+00
2.296178882314772807e+01,-4.657084150627007202e-01,-5.794252139024662178e-03,6.999999522090231352e+00,-1.899457551574840641e+00,4.921972847751165253e-02,8.012414981368831235e+00
2.322109671148406562e+01,-4.657586526304162700e-01,5.350137998851475091e-03,6.999999532000948044e+00,-1.667979809233274491e+00,-4.277207689756395287e-02,7.873745890251934831e+00
2.348034692364220177e+01,-4.656612783909973574e-01,-4.504338199997907216e-03,6.999999540531763209e+00,-1.473102484347299734e+00,3.498385734297209532e-02,7.760412261054106864e+00
2.373943654913247414e+01,-4.657586160906616035e-01,3.670935498956542919e-03,6.999999547186880555e+00,-1.325329632787262346e+00,-2.587326900005790589e-02,7.676930187217729795e+00
2.399825259099626251e+01,-4.656133290007670178e-01,-2.440486288035952252e-03,6.999999551848693713e+00,-1.228640630027681979e+00,1.538638736938632845e-02,7.622961447854225803e+00
2.425672264571185011e+01,-4.657585891580345305e-01,1.218835376587021693e-03,6.999999554495168752e+00,-1.184184523783869292e+00,-7.798745962678336509e-03,7.598712262157979680e+00
2.451486722248337813e+01,-4.656897570874646841e-01,-6.418177892052404770e-04,6.999999555149751806e+00,-1.193927372309564250e+00,2.962186270079036725e-03,7.603970359026051895e+00
2.477288754630160028e+01,-4.657585883659217107e-01,6.439512180833751448e-05,6.999999553677707098e+00,-1.263377657931460618e+00,-4.323901154664841918e-04,7.642432237570778497e+00
2.503095686051754143e+01,-4.657554782336112420e-01,-3.817264211639387637e-05,6.999999552577506279e+00,-3.703963643937378869e+00,2.115540099168736925e-04,7.720736132774485228e+00
2.528901205390413054e+01,-4.657586095154798711e-01,1.150130928323467070e-05,6.922122813846175227e+00,-3.999967713227536859e+00,-8.144041158915143932e-05,7.763289182218600537e+00
2.554701618806883445e+01,-4.657581250009883433e-01,-7.304929557174084435e-06,6.841625685014041558e+00,-3.999983790890997426e+00,4.469139871505521054e-05,7.867646674040719823e+00
2.580489033388527886e+01,-4.657586367874872457e-01,2.759907036895473640e-06,6.772345293800259292e+00,-3.999988944044730044e+00,-2.097837185482488085e-05,8.072837112609388299e+00
2.606263211137412839e+01,-4.657585322810488537e-01,-1.797870129057923219e-06,6.718658932797234584e+00,-3.999991234665126516e+00,1.054435497143395322e-05,8.419089359638892489e+00
2.632010691024414939e+01,-4.657586786575231286e-01,3.813738226557064955e-07,6.684928310757698888e+00,-3.999992367310305941e+00,-2.591284320010399818e-06,8.961025997619653793e+00
2.657712803318571204e+01,-4.657586533375658311e-01,-1.192626343205479422e-07,6.674596890338938771e+00,-3.999992856473633118e+00,-2.626875973792097968e-06,9.759607108266484587e+00
2.683361704934760894e+01,-4.657587156643205328e-01,-5.845279161877903985e-07,6.688770704475186513e+00,-3.999992937567714346e+00,8.467594995642863904e-06,1.083789761223599513e+01
2.708948939418029056e+01,-4.657587009311887072e-01,7.688831324568976906e-07,6.724820634549414144e+00,-3.999992819829324198e+00,-1.403255004782914178e-05,1.206022920551246358e+01
2.734476443428135184e+01,-4.657587362143526533e-01,-1.257539979562841005e-06,6.776417399432657085e+00,-3.999992789104185320e+00,2.181429894916815296e-05,1.298988630913953024e+01
2.759980788945235375e+01,-4.657587070264946338e-01,1.689624845954535944e-06,6.835764814065477424e+00,-3.999993141169009725e+00,-2.887216096010532869e-05,1.308181694481270085e+01
2.785532195773232900e+01,-4.657587427503742106e-01,-2.217585020259425897e-06,6.895648926215370622e+00,-3.999992093651882463e+00,9.296795088356496820e-05,1.229192354743807947e+01
2.811226252593999675e+01,-4.657580837495567949e-01,1.128935759590914024e-05,6.948635768012922043e+00,-3.999983166981106120e+00,-1.910773452472758096e-04,1.112026057959499781e+01
2.837062482844247668e+01,-4.657587588061896100e-01,-1.963226060964960460e-05,6.986070630207234622e+00,-3.999970187812893041e+00,2.661711718761570751e-04,1.001325465830922923e+01
2.862952525709040685e+01,-4.657579611610413450e-01,2.846130626687794140e-05,7.000000017370027194e+00,-3.501849907574316134e+00,3.450503020240112961e-02,9.126478007838857209e+00
2.888839948630707610e+01,-4.650710879683324639e-01,6.886289152892366601e-03,6.999999535021902197e+00,-2.603430687106933483e+00,5.417441270711775836e-02,8.463806971908814702e+00
2.914701549632438926e+01,-4.623499797723252813e-01,1.850805786937737354e-02,6.999999551338444093e+00,-1.867687863161265893e+00,6.307944137085055858e-02,7.983673154092513435e+00
2.940533496887532294e+01,-4.565123500079862340e-01,3.286461376904616094e-02,6.999999569442824310e+00,-1.278224235289185051e+00,6.757934268556206603e-02,7.632467968924887991e+00
2.966341159004803174e+01,-4.467858527725054318e-01,4.896008504813307433e-02,6.999999580750277062e+00,-8.074252552931570071e-01,6.984327141548724027e-02,7.371503229210184749e+00
2.992142934783235830e+01,-4.326165924726821377e-01,6.618677880626101795e-02,6.999999588340696910e+00,-4.286089492284418379e-01,7.089669620427963004e-02,7.174724483274720122e+00
3.017955715669769390e+01,-4.136180635334794076e-01,8.415258329383425162e-02,6.999999594203405451e+00,-1.208289127740814206e-01,7.127232867787190729e-02,7.025386751377274308e+00
3.043789230988711125e+01,-3.895338312989041762e-01,1.025944041568668808e-01,6.999999599376833359e+00,1.297154453481556002e-01,7.126357349722907408e-02,6.913289662481729714e+00
3.069642396883343238e+01,-3.602137444443687664e-01,1.213277720698164724e-01,6.999999604305917167e+00,3.296988753642562386e-01,7.101913683487133533e-02,6.832619031186828451e+00
3.095498726538195200e+01,-3.256017814998461990e-01,1.402108075768684903e-01,6.999999608430385045e+00,4.795482377506730676e-01,-7.072673191200347376e-02,6.780069516909930094e+00
3.121348228552658099e+01,-2.908241565911702797e-01,1.213148441879002420e-01,6.999999609581552207e+00,5.753248911743502614e-01,-7.053667347415706890e-02,6.786340857939797466e+00
3.147195371031966005e+01,-2.610636905699180166e-01,1.024844117179184166e-01,6.999999608601782164e+00,6.117846507846039783e-01,-7.044602266841439031e-02,6.807938454940010153e+00
3.173043158716204104e+01,-2.363557235650923516e-01,8.373191896950116231e-02,6.999999606719421230e+00,5.861521397955937740e-01,-7.051044247552760991e-02,6.840099554686345229e+00
3.198894260238979115e+01,-2.166898013050984062e-01,6.504244216822355207e-02,6.999999604450835911e+00,5.014236374236402671e-01,-7.068815316724434694e-02,6.878431574151929517e+00
3.224748836243347228e+01,-2.020277067820576700e-01,4.640131545774842797e-02,6.999999602150698053e+00,3.679055535869806270e-01,-7.055920417917389831e-02,6.918998126299745977e+00
3.250604951203927584e+01,-1.923030518932553334e-01,2.789509743707007869e-02,6.999999599842431586e+00,2.022957316867187993e-01,-2.592560956187919471e-02,6.958604252433703508e+00
3.276460872695391657e+01,-1.859174296368875656e-01,2.114062791070986033e-02,6.999999597474291235e+00,2.449362705128468876e-02,-8.183068407144972189e-03,6.993885588595370351e+00
3.302313265042412382e+01,-1.807130303447045394e-01,1.901953196144674438e-02,6.999999595293424193e+00,-1.468557020801424529e-01,3.428197835049405506e-02,7.025368443514351746e+00
3.328160291288464379e+01,-1.746627318318449973e-01,2.787071876997357714e-02,6.999999593363466666e+00,-2.984594135611693955e-01,7.102732403576915432e-02,7.049781510092262060e+00
3.354005331746314766e+01,-1.651397102346933710e-01,4.617547479242329472e-02,6.999999591744698435e+00,-4.243433897457751236e-01,7.088487535475086754e-02,7.063247412268025549e+00
3.379851292305920651e+01,-1.509422583800608120e-01,6.441566106995255669e-02,6.999999590866420540e+00,-5.246120854251814514e-01,7.068256970988646970e-02,7.065407843651959396e+00
3.405698624443209610e+01,-1.320727830088586907e-01,8.260604952164123105e-02,6.999999591035678037e+00,-6.014106163540230421e-01,7.049196195602874804e-02,7.056197678621593639e+00
3.431546975104492958e+01,-1.085062197105688547e-01,1.007794329349599727e-01,6.999999592356899392e+00,-6.540101095668149345e-01,7.034470973396454718e-02,7.035809141261550437e+00
3.457395351886924573e+01,-8.018779967857446456e-02,1.189759526060047284e-01,6.999999594799150238e+00,-6.755459758419071203e-01,7.028038042551242037e-02,7.004721636131293394e+00
3.483245119842231929e+01,-4.703303310616901989e-02,1.372446089984842021e-01,6.999999598120131061e+00,-6.532868438168494274e-01,7.034609935193429642e-02,6.964748062132798623e+00
3.509095309255053508e+01,-8.934761455754058890e-03,1.556418510734105809e-01,6.999999601749223643e+00,-5.727408547304639885e-01,7.056504424737633507e-02,6.920444419541948555e+00
3.534947097942328043e+01,3.421362817609857609e-02,1.742179074669672478e-01,6.999999604849172385e+00,-4.241094364160898356e-01,7.088572965531590719e-02,6.879775344963166006e+00
3.560802897275715395e+01,8.247357220537603062e-02,1.929870518547350255e-01,6.999999606411337894e+00,-2.084411354584168041e-01,1.948274919289834026e-02,6.853219267093424882e+00
3.586661380773033869e+01,1.339427648251938219e-01,1.981479849602636456e-01,6.999999604807653597e+00,5.894485994551981051e-02,-7.128385146397192562e-02,6.870778962915671251e+00
3.612516084586227549e+01,1.833473186535211630e-01,1.793460456610433407e-01,6.999999601460573651e+00,3.488080305276858861e-01,-7.103094148399279051e-02,6.951231009474154732e+00
3.638362673415849002e+01,2.273720638833933438e-01,1.608409948007456236e-01,6.999999596473987395e+00,6.218500762603462739e-01,-7.044003279534248596e-02,7.052093857284814860e+00
3.664201486212628822e+01,2.661206394055435909e-01,1.427611488968515974e-01,6.999999589889402962e+00,8.354733227481730973e-01,-6.973736790549769915e-02,7.156082369821666234e+00
3.690035230252939158e+01,2.998380437639519003e-01,1.251247610959068113e-01,6.999999581914146951e+00,9.527170212727130716e-01,-6.925980632436491702e-02,7.240760324063651332e+00
3.715866077368159637e+01,3.288403334272541056e-01,1.078110480253679643e-01,6.999999574346770004e+00,9.516621626483442453e-01,-6.926438751410959882e-02,7.285046036725450591e+00
3.741703836531265637e+01,3.534197603300570645e-01,9.059341181238346474e-02,6.999999570267304350e+00,8.321325001299717528e-01,-6.974997885881659143e-02,7.277024888856947094e+00
3.767555813368348794e+01,3.737603669150846852e-01,7.322448863789014772e-02,6.999999572034042217e+00,6.166819925875806074e-01,-7.045434157232566275e-02,7.218941965185247334e+00
3.793415836580003742e+01,3.898933315108033537e-01,5.552637970597438383e-02,6.999999579234665426e+00,3.454984451107855348e-01,-7.103587569806477098e-02,7.126350142702940538e+00
3.819274448222227392e+01,4.017045846160774980e-01,3.743897473070966625e-02,6.999999588868981881e+00,6.771257854216321259e-02,-7.127976804773422659e-02,7.022381625559830809e+00
3.845124863881929400e+01,4.089877659229835261e-01,1.901249657367385520e-02,6.999999597338666391e+00,-1.678229677129322583e-01,-5.099875523975134356e-02,6.930775640485145495e+00
3.870966678508731462e+01,4.122145177324574861e-01,5.661973215107349300e-03,6.999999602680889055e+00,-3.204369270561852612e-01,6.407762117008994340e-02,6.870247025137550700e+00
3.896800820617182382e+01,4.159432362798737848e-01,2.259622754333134170e-02,6.999999605467447594e+00,-3.632668905444601526e-01,4.636180027446013679e-02,6.850344590882881057e+00
3.922632691013891559e+01,4.235497674576466642e-01,3.487838609760845338e-02,6.999999605270286196e+00,-2.855612047646871599e-01,3.891956804961928945e-02,6.876919574334001695e+00
3.948473146887254615e+01,4.340991863312997356e-01,4.514750503157209660e-02,6.999999601728778664e+00,-9.081370725091432450e-02,2.170198456575454446e-02,6.953705417994188842e+00
3.974333507720152170e+01,4.466050119628375836e-01,5.080742038315262665e-02,6.999999594456491003e+00,2.086058696103983146e-01,-6.516479795766602634e-02,7.085266051181160485e+00
4.000218369015168918e+01,4.574605360053061731e-01,3.411963595063711996e-02,6.999999583464477482e+00,5.979250114889581580e-01,-7.045221143044945455e-02,7.280409870182106502e+00
4.026112141053020821e+01,4.637656900185342934e-01,1.655735420441504374e-02,6.999999568405382178e+00,1.064981764942164677e+00,-6.867809487630882614e-02,7.530363480788436092e+00
4.051987093214819424e+01,4.657583819134871184e-01,2.775929922301471186e-06,6.999999549033156576e+00,1.602802290317892675e+00,-1.702621625226989160e-05,7.835635312387174700e+00
4.077839001083927428e+01,4.657585684652604807e-01,-1.163290703622466929e-06,6.999999526897938473e+00,2.210777584170003696e+00,1.086431782240173413e-05,8.207277213285040673e+00
4.103672756567540603e+01,4.657585765484959506e-01,1.236480060077522809e-06,6.999999498748619153e+00,2.896676066578822706e+00,-8.277038189034309124e-06,8.671264874415363977e+00
4.129483543350021080e+01,4.657586541654701873e-01,-4.939692486431231000e-07,6.999999463035972980e+00,3.681513370045449651e+00,5.561279410964890035e-06,9.270974253535012366e+00
4.155259282190615977e+01,4.657586638964063552e-01,5.934968648347128202e-07,7.000000020211125218e+00,3.999995860925800173e+00,-4.146415243264609854e-06,1.009440413828306760e+01
4.181002319737682171e+01,4.657587036160150684e-01,-1.511639726881314131e-07,6.984536420218756980e+00,3.999995069451406593e+00,3.021230586960736708e-06,1.130425742629340213e+01
4.206718581428731341e+01,4.657587181069105520e-01,3.322818382255649319e-07,6.945151041711580042e+00,3.999993847340224118e+00,-2.742084045322122828e-06,1.329823505121974137e+01
4.232387172385596585e+01,4.657587379679315465e-01,-3.860107157447714270e-08,6.884657374218329906e+00,3.999991656382653638e+00,2.726601423150308164e-06,1.710818927609461682e+01
4.257986692742721857e+01,4.657587487525793324e-01,2.455624459311807059e-07,6.811815998398397021e+00,3.999986927533695003e+00,-3.329243026691671266e-06,2.569204283610819317e+01
4.283471248293071909e+01,4.657587577656228661e-01,1.696144049361676825e-08,6.744001127134377604e+00,3.999975205926906696e+00,-4.742300951469015758e-06,4.733316996066668025e+01
4.308815242209762886e+01,4.657587551629975287e-01,-1.580270725510620191e-07,6.698025167222414034e+00,3.999960363756486004e+00,4.995621816763001961e-05,7.360970557047117779e+01
4.334063000649496189e+01,4.657587653103611447e-01,1.019225381119080949e-06,6.666139477153946835e+00,3.999974152326885246e+00,-9.692599843039276285e-05,4.480839520074241022e+01
4.359351725521497656e+01,4.657587326385985160e-01,-2.715199223348915848e-06,6.618924957945951704e+00,3.999986249505194991e+00,8.159454119371949620e-05,2.265763117583416886e+01
4.384871393440362652e+01,4.657587607329465862e-01,3.457889199791046884e-06,6.549902532696600055e+00,3.999990192858166260e+00,-9.126391021569895204e-05,1.418002626697811586e+01
4.410655933282507846e+01,4.657585213745238928e-01,-7.459662796356591613e-06,6.485118252201679923e+00,3.999990890272215882e+00,1.119631310969193430e-04,1.054819802712258436e+01
4.436571123323924581e+01,4.657587528759066786e-01,1.036753628368523765e-05,6.451898442028356939e+00,3.999892209056129744e+00,-6.075509924951882435e-04,8.766012927705233437e+00
4.462499239166408671e+01,4.657496917897653299e-01,-1.054401770202040983e-04,6.461940563153928174e+00,3.997571417263339200e+00,-2.918246281028555236e-03,7.813882223674302629e+00
4.488400189476434576e+01,4.656601767883157827e-01,-7.304606614137079245e-04,6.514338225187047193e+00,3.993727044380894320e+00,-4.615602048514777164e-03,7.286024713115051732e+00
4.514261591093205084e+01,4.653672874509946489e-01,-1.799253755853870386e-03,6.602674619169841108e+00,3.989188924081707999e+00,-5.896991044918110762e-03,6.998254874616724130e+00
4.540085657272017983e+01,4.647515883746574650e-01,-3.240208394902055131e-03,6.719331766681425400e+00,3.980758901574139585e+00,-7.592123665990256967e-03,6.858850689781839094e+00
4.565885247818704329e+01,4.636851154550157283e-01,-5.166517236879242594e-03,6.857011448318131031e+00,3.721058148451325653e+00,-2.730018013188595383e-02,6.819024796756389506e+00
4.591684568826216406e+01,4.614136276328421604e-01,-1.227801323818784873e-02,6.999999520881362791e+00,-3.477906885214589461e-01,-7.102643689444078368e-02,6.842603790630416682e+00
4.617503811812417069e+01,4.556638306182180242e-01,-3.112840181077479104e-02,6.999999609546184054e+00,-5.008786142171570699e-01,-1.216155923856123344e-03,6.775689711735531695e+00
4.643348874154499839e+01,4.472955040109475311e-01,-3.145369789623963380e-02,6.999999611281020329e+00,-5.525348992735485965e-01,7.053763787416165998e-02,6.757937251949810431e+00
4.669204489662353552e+01,4.414022696723221562e-01,-1.250936880944750196e-02,6.999999611397775823e+00,-5.105341264370473198e-01,7.054416477267506924e-02,6.781146562641893638e+00
4.695057026675915779e+01,4.405829353133844939e-01,6.379008543324535783e-03,6.999999608969930343e+00,-3.854644523571246206e-01,6.130827977370026383e-02,6.834054229041027995e+00
4.720910538363318665e+01,4.444357815968899561e-01,2.266559398412498760e-02,6.999999604500919403e+00,-1.941355441619037892e-01,2.603362011609374263e-02,6.912993343637329424e+00
4.746766344326637466e+01,4.512755597352554604e-01,2.949540771974053580e-02,6.999999598325855388e+00,3.905378222628245327e-02,-3.755732027011736505e-03,7.014615800185323380e+00
4.772619371726263182e+01,4.587716628027914689e-01,2.852479977533073363e-02,6.999999590912546310e+00,2.831119391781546923e-01,-5.412096295156797882e-02,7.129437489784163695e+00
4.798468014526147840e+01,4.642719829167287759e-01,1.475350015599675643e-02,6.999999583281379500e+00,5.035920677822172120e-01,-7.061198637738030914e-02,7.241094234636428872e+00
4.824311779476809647e+01,4.657490953208329731e-01,-2.951397680239242673e-03,6.999999576519444489e+00,6.675659314860628024e-01,2.415120730541477079e-02,7.325337891013318448e+00
4.850152582454570194e+01,4.657584182424133745e-01,3.026740183745425545e-03,6.999999572428498240e+00,7.497816292883953126e-01,-6.788333110219743616e-02,7.367519514108745504e+00
4.875993163928293939e+01,4.644447982925973273e-01,-1.370344253142344489e-02,6.999999571999493853e+00,7.383972002889707120e-01,-7.005728275344853817e-02,7.359920331855555276e+00
4.901841379539783361e+01,4.589378942335488598e-01,-3.099549322370859228e-02,6.999999573508150164e+00,6.379787957544535981e-01,-7.037012662316600997e-02,7.302064527049913600e+00
4.927696248795942324e+01,4.490640185017040209e-01,-4.850830038571096736e-02,6.999999578520896826e+00,4.681706409828771953e-01,-7.076243278710159235e-02,7.208258874173955277e+00
4.953553632876641899e+01,4.346147110117339896e-01,-6.635182875333558994e-02,6.999999585775565691e+00,2.583847902290232756e-01,-6.418253039342117217e-02,7.098473781202472743e+00
4.979409886317159817e+01,4.155713365996522302e-01,-8.278120989525482309e-02,6.999999593041162704e+00,4.041950571863363317e-02,-1.546937004877198219e-03,6.992808602505030002e+00
5.005261098572905354e+01,3.940815053212500252e-01,-8.318228153557055693e-02,6.999999599060212851e+00,-1.587923362846134223e-01,1.785314737184418368e-02,6.913987783849718127e+00
5.031106115727276773e+01,3.729166008088276030e-01,-7.850265451615345835e-02,6.999999603190852682e+00,-3.224318313112152778e-01,6.819720945041100879e-02,6.860595704788366334e+00
5.056948329825242894e+01,3.545897719249159752e-01,-6.047360831699057776e-02,6.999999605528950397e+00,-4.455017478356008143e-01,7.080933334921492295e-02,6.833002097098005656e+00
5.082791921457601347e+01,3.410584343385128503e-01,-4.167367403053886393e-02,6.999999606759480741e+00,-5.322174860334871749e-01,7.065350010809895442e-02,6.817146358444889920e+00
5.108638928885043384e+01,3.324843912705507942e-01,-2.286644276242290677e-02,6.999999607631709253e+00,-5.899236239427287920e-01,7.051603296613059846e-02,6.807425170737753106e+00
5.134487663793216683e+01,3.289000515828711668e-01,-4.062642856250773399e-03,6.999999608452043276e+00,-6.221576199289438058e-01,7.043049980046423020e-02,6.801127689574248514e+00
5.160337000917677130e+01,3.303235191227873457e-01,1.474287091391449089e-02,6.999999609234595077e+00,-6.241609672665826558e-01,7.042439537277049577e-02,6.798984455209332367e+00
5.186187132274257294e+01,3.367653423354561304e-01,3.356009511294065495e-02,6.999999609671679224e+00,-5.832133657746823019e-01,7.053138814078960261e-02,6.805119892346594312e+00
5.212036380329221430e+01,3.482201125962874344e-01,5.239588487766295294e-02,6.999999609154325064e+00,-4.840652224659452996e-01,7.075275656107550548e-02,6.826021357604418860e+00
5.237887568198227939e+01,3.646446465040451557e-01,7.123829503360303017e-02,6.999999606996078150e+00,-3.173115007854308001e-01,7.094406308726038113e-02,6.868709240750026979e+00
5.263742971079764743e+01,3.859265827391029635e-01,9.001638260652525259e-02,6.999999602775846874e+00,-8.699351753205390725e-02,-2.394982734556704886e-03,6.938380918526840802e+00
5.289599603497057956e+01,4.093357284365763404e-01,8.939054425345084598e-02,6.999999596036363236e+00,1.859031757317791134e-01,-7.117575068013506923e-02,7.048676947341170340e+00
5.315451258250284639e+01,4.299266691502592330e-01,7.107295419740465581e-02,6.999999587817501201e+00,4.653935832199569966e-01,-7.080981670074497358e-02,7.187779907649135325e+00
5.341294822950838039e+01,4.455707735208325193e-01,5.320417129705205805e-02,6.999999579182529352e+00,7.072136082746985908e-01,-7.017919270506393914e-02,7.319595347284976405e+00
5.367131761355106079e+01,4.565790889415058396e-01,3.581204049150447238e-02,6.999999571049538183e+00,8.686043713329862914e-01,-6.960408780060720058e-02,7.415646544546592445e+00
5.392965363161029302e+01,4.632463335875073307e-01,1.878134261946999214e-02,6.999999565033839133e+00,9.188467506284965225e-01,-6.939738664459396689e-02,7.451896097914175066e+00
5.418803304754381145e+01,4.657582735921051431e-01,1.877113003515054048e-03,6.999999564953723663e+00,8.475004894888026330e-01,-6.968148211611747966e-02,7.418305842746437229e+00
5.444653993825001237e+01,4.641326078086784324e-01,-1.518067776456160853e-02,6.999999569817226153e+00,6.673409648038509667e-01,-7.029663299220204054e-02,7.323229827377635281e+00
5.470512685190905700e+01,4.582142039059921568e-01,-3.261907349402121820e-02,6.999999577690920738e+00,4.109909748286127984e-01,-7.089803083528417593e-02,7.189701231181170549e+00
5.496372135303815298e+01,4.477267982593849949e-01,-5.053733864858098862e-02,6.999999587924666145e+00,1.231297496066577624e-01,-6.520474225380973321e-02,7.046557454031880496e+00
5.522226256826989044e+01,4.325626619324121624e-01,-6.734647473503577175e-02,6.999999597117193773e+00,-1.487180884158751659e-01,3.313927861422975851e-02,6.920531522542852976e+00
5.548072707293731298e+01,4.160763359061625533e-01,-5.866626444979769484e-02,6.999999603760728384e+00,-3.629604916597674036e-01,4.829647919806250717e-02,6.840381321939825732e+00
5.573909537911931267e+01,4.022408527405870182e-01,-4.586569555307599272e-02,6.999999607724092243e+00,-4.916621666236926091e-01,6.940541691445979711e-02,6.800507580361759175e+00
5.599739711714078538e+01,3.924917571083427204e-01,-2.734744283033648318e-02,6.999999609244544452e+00,-5.262421984835462530e-01,6.995985321802701551e-02,6.796831256569103807e+00
5.625575816679634045e+01,3.876914082918331284e-01,-8.664591934189986785e-03,6.999999608791395822e+00,-4.790700863674761667e-01,6.820293873684390995e-02,6.818812944786437846e+00
5.651422248498403889e+01,3.878018356098577035e-01,9.495351289147127213e-03,6.999999606920841444e+00,-3.791812509104585671e-01,5.299147868707462100e-02,6.855668803954281465e+00
5.677273744910013420e+01,3.921681813381523440e-01,2.352399655200343442e-02,6.999999604353075000e+00,-2.626725123159616704e-01,3.695881410997089306e-02,6.896573115923763986e+00
5.703125966844176276e+01,3.996305371672145279e-01,3.324613713124505848e-02,6.999999601757396661e+00,-1.608274207081840657e-01,2.268180405456814847e-02,6.932479805534844886e+00
5.728977484567756306e+01,4.091002566523536110e-01,3.917977172267077951e-02,6.999999599648160320e+00,-8.968716119075967330e-02,1.280442607256772336e-02,6.958155898886895230e+00
5.754824110135998438e+01,4.197412333560398001e-01,4.251645013343272744e-02,6.999999598170552062e+00,-4.384618407214389141e-02,5.026562943538171249e-03,6.975334592859847582e+00
5.780671879394097346e+01,4.309581293641504551e-01,4.382293224361476919e-02,6.999999596876932628e+00,4.080310784171249823e-03,2.018171536306571229e-03,6.995036321096973708e+00
5.806536043867968289e+01,4.423796720242122449e-01,4.434597675151671914e-02,6.999999594747634113e+00,9.843054814825744070e-02,-1.273909217789772653e-02,7.036890956797435592e+00
5.832420535471423051e+01,4.533765383770943513e-01,4.106440061272213782e-02,6.999999590092278012e+00,2.921176875892569913e-01,-7.058751511621701169e-02,7.128978102541812412e+00
5.858317795300306585e+01,4.615284534180510434e-01,2.309349862327797487e-02,6.999999581176539643e+00,6.388081515908879959e-01,-7.033632352456307968e-02,7.305843050701833263e+00
5.884208840521417727e+01,4.650892063971868162e-01,5.617638304835484431e-03,6.999999564823205844e+00,1.188633656647277936e+00,-2.356789799852494413e-02,7.600102967860451919e+00
5.910072980272169474e+01,4.657585896638787859e-01,-4.582129391603103689e-06,6.999999539795667580e+00,1.984893928522821316e+00,3.641274658182969994e-05,8.065155438152860512e+00
5.935885861395043861e+01,4.657584795814999623e-01,3.602652666044443256e-06,6.999999500361545834e+00,3.050052218008261651e+00,-2.524134132756077366e-05,8.782273817233782864e+00
5.961623493131235563e+01,4.657586854783700159e-01,-1.607756163194756376e-06,7.000000006739948155e+00,3.999994668756754912e+00,1.690575280014203544e-05,9.845226455254023179e+00
5.987259663362360840e+01,4.657586760376642432e-01,1.505216065752561822e-06,6.991034673269687083e+00,3.999993375434120146e+00,-1.508331586860088224e-05,1.124982238705690918e+01
6.012740097420487473e+01,4.657587229454512867e-01,-9.222935902526127352e-07,6.952562297548623427e+00,3.999991926526991648e+00,1.246974220787945453e-05,1.260697262094261006e+01
6.038092881433973957e+01,4.657587184033887828e-01,8.586901479639908055e-07,6.897524055988109026e+00,3.999990840183802465e+00,-1.168941408563664056e-05,1.307910305582383614e+01
6.063502577597598275e+01,4.657587266563689155e-01,-7.378372226606594170e-07,6.838476210647095321e+00,3.999990516249146921e+00,8.675852951418082254e-06,1.222411484012582150e+01
6.089176234194440696e+01,4.657587108128444786e-01,5.191257956667512059e-07,6.786497917987927231e+00,3.999990509775261049e+00,-7.387523015339451151e-06,1.072364094011336455e+01
6.115072172163424113e+01,4.657586966731301348e-01,-6.916693736106286466e-07,6.754135094953237051e+00,3.999990085040575405e+00,4.915089660379920468e-06,9.369690136276716430e+00
6.141035436333771713e+01,4.657586531977772615e-01,2.259115027000742512e-07,6.752817125207939419e+00,3.999988531325612495e+00,-4.556958618846539312e-06,8.414399365668593589e+00
6.166982088845107768e+01,4.657586017263065092e-01,-7.212092147552687247e-07,6.787495471159957106e+00,3.999984424361353152e+00,1.440176980025883553e-06,7.814781124552793834e+00
6.192879251955221065e+01,4.657584759336908520e-01,-3.972599562816165885e-07,6.855903478343527979e+00,3.999970747139450555e+00,-1.820389586755944180e-06,7.473389814837474887e+00
6.218728076365027135e+01,4.657583301748747240e-01,-8.297536591218892193e-07,6.951411062186856782e+00,2.116055253449432794e+00,-8.284538623047173881e-06,7.312389718052671128e+00
6.244543435379324592e+01,4.657578748179759809e-01,-2.869378811633872775e-06,6.999999578150075230e+00,4.427446410760660367e-01,1.619494139771581471e-05,7.212470450936907085e+00
6.270345553996953214e+01,4.657576651744893548e-01,1.201252180854917772e-06,6.999999583664931357e+00,3.127927798597190390e-01,-3.363526535199874826e-05,7.148781680390757565e+00
6.296157749029154616e+01,4.657568882839950297e-01,-7.328358798129033444e-06,6.999999585645759304e+00,3.220481876631526297e-01,8.270759527194129692e-05,7.153280277461938397e+00
6.321994846656595968e+01,4.657576871035806754e-01,1.363237825724397040e-05,6.999999583529828762e+00,4.400583453590830585e-01,-1.053103301845454288e-04,7.211142492133976845e+00
6.347851743793958690e+01,4.657577863959174169e-01,-1.284245768306770778e-05,6.999999578251821397e+00,6.355676950860734697e-01,1.171299161676988442e-04,7.309091361445283042e+00
6.373712106087495499e+01,4.657582039208001956e-01,1.620919581061214690e-05,6.999999570712347463e+00,8.771384004856297434e-01,-1.302427216644105803e-04,7.433854786944740667e+00
6.399575165622002260e+01,4.657582839754612070e-01,-1.555265105514043233e-05,6.999999561835621442e+00,1.134085566761364738e+00,1.349108391121521251e-04,7.571320487774890751e+00
6.425449026061980362e+01,4.657584273525131047e-01,1.675025945604979521e-05,6.999999552603584974e+00,1.377796431823127943e+00,-1.415165436353483044e-04,7.706486723298022312e+00
6.451336179453076625e+01,4.657584520837652620e-01,-1.653999483537469862e-05,6.999999544027359022e+00,1.583649152049742881e+00,1.450060908788010534e-04,7.824473384898076311e+00
6.477237979507445687e+01,4.657585119513267813e-01,1.705678021797423996e-05,6.999999537045852094e+00,1.733251121123476901e+00,-1.490002110089740637e-04,7.912511742124326730e+00
6.503140968661661248e+01,4.657585091447675185e-01,-1.708127943834795393e-05,6.999999532379880485e+00,1.816248096139006618e+00,1.510840497575999827e-04,7.962213840014157107e+00
6.529048637375552744e+01,4.657585361107635102e-01,1.731815149132467869e-05,6.999999530401102454e+00,1.830946157286719833e+00,-1.531514342629359659e-04,7.971080835475986781e+00
6.554959810668894704e+01,4.657585139322034662e-01,-1.751318725095723914e-05,6.999999531080771220e+00,1.783373705799852216e+00,1.538282308906547722e-04,7.942452665351245500e+00
6.580872952151970878e+01,4.657585236333899870e-01,1.759819196508720447e-05,6.999999534046337679e+00,1.684997679710660945e+00,-1.547044679568328445e-04,7.883899574501644025e+00
6.606781894399991018e+01,4.657584802612086960e-01,-1.797543048166434977e-05,6.999999538718188141e+00,1.549854260432064867e+00,1.547110827899177740e-04,7.804856065420146649e+00
6.632674206173031450e+01,4.657584784705644521e-01,1.796001213707264184e-05,6.999999544463199719e+00,1.391992255111530241e+00,-1.555681886132556820e-04,7.714508686635716650e+00
6.658558234807550491e+01,4.657584035454549465e-01,-1.859768704091373535e-05,6.999999550710220397e+00,1.223779924506328332e+00,1.560017247021513293e-04,7.620511373552141698e+00
6.684431376951661719e+01,4.657583936017858917e-01,1.851408934269803731e-05,6.999999557007333451e+00,1.055178767207839652e+00,-1.582998376049705275e-04,7.528567730958717341e+00
6.710287935760334221e+01,4.657582623420836176e-01,-1.960429248011727796e-05,6.999999563028460159e+00,8.938214345572015329e-01,1.606044983693951864e-04,7.442628262191131938e+00
6.736128765515141481e+01,4.657582515421332947e-01,1.951561534799310955e-05,6.999999568549695184e+00,7.455692275870237085e-01,-1.665697342768946419e-04,7.365380275150522849e+00
6.761955894535974210e+01,4.657580094443996566e-01,-2.148281996108326275e-05,6.999999573416602061e+00,6.151066599948737945e-01,1.736531831892772096e-04,7.298716016815963492e+00
6.787769901897388536e+01,4.657580301433059677e-01,2.164948995914464579e-05,6.999999577521077043e+00,5.061438942406137897e-01,-1.873863330730856302e-04,7.243955887102535129e+00
6.813573432325185308e+01,4.657575801478428534e-01,-2.524572076485389805e-05,6.999999580798059284e+00,4.209833981425016858e-01,2.058973354311548275e-04,7.201726299408732324e+00
6.839382423711036552e+01,4.657577486134986677e-01,2.658419976642669935e-05,6.999999583242879631e+00,3.595608443245519870e-01,-2.330424304929949665e-04,7.171572525126245878e+00
6.865205608332701104e+01,4.657570229519763516e-01,-3.232552448382840406e-05,6.999999584936735353e+00,3.185470385044875674e-01,2.703471752918470018e-04,7.151577798557204879e+00
6.891037740422605395e+01,4.657575147071895127e-01,3.620536984074528534e-05,6.999999586057692014e+00,2.913958485168344770e-01,-3.150974874998363115e-04,7.138402814441598743e+00
6.916872443093286904e+01,4.657565482088649178e-01,-4.381679145176735926e-05,6.999999586854219302e+00,2.699483400946023348e-01,3.689749363434349652e-04,7.128029379727188086e+00
6.942707502708167056e+01,4.657573376068793181e-01,5.002446805332124005e-05,6.999999587572855120e+00,2.474274935577646106e-01,-4.354809566186596372e-04,7.117169714028470651e+00
6.968541747133228625e+01,4.657559524829701925e-01,-6.090022701815347864e-05,6.999999588355970914e+00,2.218711534865588919e-01,5.115383110393048475e-04,7.104885762392762594e+00
6.994368013369826542e+01,4.657570653155366780e-01,6.962291816656357728e-05,6.999999589148901080e+00,1.985858333149427835e-01,-6.044208939953474129e-04,7.093730814726833422e+00
7.020189717785275718e+01,4.657551205664746119e-01,-8.484247141637877795e-05,6.999999589662971644e+00,1.902159550208931127e-01,7.197013123225821842e-04,7.089729267892749931e+00
7.046006561512848521e+01,4.657569546359403567e-01,9.918775034412258046e-05,6.999999589419780399e+00,2.137304691240406451e-01,-7.988680508309754921e-04,7.100982091746040226e+00
7.071815951754581420e+01,4.657562430942466247e-01,-1.047619487887491000e-04,6.999999587876992280e+00,2.849323620967318949e-01,8.669957783562291494e-04,7.135273194464415880e+00
7.097625848288616623e+01,4.657576093671614847e-01,1.155169780201990441e-04,6.999999584605545166e+00,4.122701243444088504e-01,-9.143597665720046633e-04,7.197433387661955173e+00
7.123432684002139581e+01,4.657577010055980460e-01,-1.147893338466985242e-04,6.999999579461520405e+00,5.920548120016169147e-01,9.378146624507575826e-04,7.287062094778822718e+00
7.149230349353565828e+01,4.657581650036789478e-01,1.185195335353932692e-04,6.999999572702981787e+00,8.066433988573279423e-01,-9.651341757367048980e-04,7.397008458412781096e+00
7.175017364516898510e+01,4.657582266096669255e-01,-1.180167941583907311e-04,6.999999565052559269e+00,1.026216851756666326e+00,9.838219918405790264e-04,7.512996664029295779e+00
7.200824212112274836e+01,4.657583907712786742e-01,1.193774493616991695e-04,6.999999557665534944e+00,1.213934219784432722e+00,-1.002898246487513457e-03,7.615080625850572993e+00
7.226600502773236201e+01,4.657583910183262788e-01,-1.193753738789409512e-04,6.999999551952270416e+00,1.333632465014328972e+00,1.014003105479127469e-03,7.681635566908274981e+00
7.252334716758454647e+01,4.657584564708334152e-01,1.199300547221328160e-04,6.999999549229788620e+00,1.358551127625773791e+00,-1.020132430104437942e-03,7.695637531177316859e+00
7.278100540271427121e+01,4.657584030752950910e-01,-1.203833838380615845e-04,6.999999550290323391e+00,1.278656734316752530e+00,1.016663934532811278e-03,7.650923800852988954e+00
7.303910391425115733e+01,4.657584184454480192e-01,1.205131182711449830e-04,6.999999555087165426e+00,1.103936026949105642e+00,-1.010124410992308810e-03,7.554927755991379001e+00
7.329766541268274693e+01,4.657582550874918015e-01,-1.218746713104070764e-04,6.999999562727917457e+00,8.624379781288517011e-01,9.970267217257111278e-04,7.426140647756804825e+00
7.355651800468470469e+01,4.657582117539231237e-01,1.215196528398505518e-04,6.999999571776137408e+00,5.940089256779806925e-01,-1.000197644690967256e-03,7.288048643070827559e+00
7.381554361050359603e+01,4.657574959548468896e-01,-1.272749292193037446e-04,6.999999580674684196e+00,3.417848268792506028e-01,1.001070732868417816e-03,7.162892665744748477e+00
7.407462552508765441e+01,4.657573457468631717e-01,1.260879449978226298e-04,6.999999588115027649e+00,1.432809663017939883e-01,-1.721570601048065877e-03,7.067375960977980043e+00
7.433368689446814415e+01,4.657330503605298100e-01,-3.155165590378147984e-04,6.999999593061157377e+00,2.256140947253487336e-02,4.085586003513765226e-04,7.010522596437983367e+00
7.459225437010110227e+01,4.656651203043613574e-01,-2.098663334951692103e-04,6.999999596084212072e+00,-1.483966902129091672e-02,1.116802316381324640e-03,6.993095944805490127e+00
7.485049497267729635e+01,4.656482418888229780e-01,7.965020378235199356e-05,6.999999595771138061e+00,1.758029897206650483e-02,2.425860522637779144e-03,7.008195414405567369e+00
7.510894309630603516e+01,4.657500084816920682e-01,7.071691909700298338e-04,6.999999594120052571e+00,9.236253753622523932e-02,-5.341979229957240921e-03,7.043281715429692724e+00
7.536744116399218285e+01,4.657550732844707997e-01,-6.678140483407199630e-04,6.999999591555862821e+00,1.775505134581292221e-01,5.269251163722787033e-03,7.083681700294111039e+00
7.562592268936425910e+01,4.657567241900316679e-01,6.807156804395803626e-04,6.999999589075390105e+00,2.465283670790219261e-01,-5.341551433076913678e-03,7.116735067262947467e+00
7.588437524983883975e+01,4.657568196391760895e-01,-6.799662747470818034e-04,6.999999587354484909e+00,2.837172545115642652e-01,5.368083035896894020e-03,7.134683738052915558e+00
7.614284407548608158e+01,4.657573368496710220e-01,6.840373135529112525e-04,6.999999586724970690e+00,2.854501110044799228e-01,-5.406284300173098099e-03,7.135522402110035856e+00
7.640133478510864506e+01,4.657566418398276786e-01,-6.895084928780775705e-04,6.999999587139791757e+00,2.587438439599892837e-01,5.436053565229821867e-03,7.122620610551281928e+00
7.665984547088976342e+01,4.657572268819633599e-01,6.941056588801842271e-04,6.999999588232108216e+00,2.187533098759756323e-01,-5.508883790548891983e-03,7.103388663132591319e+00
7.691836376443485790e+01,4.657549639509800388e-01,-7.118394254254645226e-04,6.999999589444249715e+00,1.841056828985510874e-01,5.626885459974218309e-03,7.086809338336957254e+00
7.717688372117370932e+01,4.657569777575514824e-01,7.275840340238581448e-04,6.999999590193455745e+00,1.721700588585895753e-01,-5.980488900195881329e-03,7.081122648894528027e+00
