4.494905892060774288e-01,-7.039884845083967946e+00,-2.977304780643491230e-02,6.999999109949030185e+00
7.079694418214063090e-01,-7.047364790767399967e+00,-2.822302402816885894e-02,6.999999588377561643e+00
9.661709707706075401e-01,-7.054918622710360410e+00,-2.954668011135121522e-02,6.999999585081831732e+00
1.222459071618149595e+00,-7.062115508359227078e+00,-2.322229677578040510e-02,6.999999579881801104e+00
1.474557149096342501e+00,-7.067224540594306603e+00,-1.138427090528119391e-02,6.999999572778479617e+00
1.720754521333019760e+00,-7.067456300885167408e+00,1.696405613091425332e-02,6.999999564030375154e+00
1.959646601842235158e+00,-7.059686557679234475e+00,5.728544893678631789e-02,6.999999554134086033e+00
2.189843580874466067e+00,-7.040536237659297036e+00,1.186080525657737528e-01,6.999999543789557244e+00
2.411308767360095473e+00,-7.006758344853608378e+00,1.914256406279103706e-01,6.999999533947806718e+00
2.625164809331403948e+00,-6.956114004076426660e+00,2.773689858058595581e-01,6.999999525762739871e+00
2.832420638625130493e+00,-6.887427774647003176e+00,3.631657420765453392e-01,6.999999520339994064e+00
3.033864400488317514e+00,-6.800265132007689672e+00,4.501914871753237568e-01,6.999999518345029870e+00
3.227481818549409631e+00,-6.696955485930041974e+00,5.337703698142366449e-01,6.999999519761519018e+00
3.413191987368889180e+00,-6.575434713524792585e+00,6.170424341090195997e-01,6.999999523924977041e+00
3.594482243740434679e+00,-6.436522983528001340e+00,6.832512584441546855e-01,6.999999529775616125e+00
3.770598888662234582e+00,-6.283499296308435511e+00,7.413874197193767168e-01,6.999999536179567272e+00
3.941454350952426022e+00,-6.119126035297004940e+00,7.871305038880247462e-01,6.999999542169742739e+00
4.106090307063245959e+00,-5.946079264672626152e+00,8.318736076120384348e-01,6.999999547073882056e+00
4.263929413758168252e+00,-5.765785012749466532e+00,8.706071324357289587e-01,6.999999550519411251e+00
4.414510752049052300e+00,-5.579328058211855179e+00,9.120635964792237482e-01,6.999999552381616752e+00
4.557307827235940856e+00,-5.387524973725589916e+00,9.501848545610825925e-01,6.999999552689019744e+00
4.691524618330159768e+00,-5.191099327284517173e+00,9.940730491323714890e-01,6.999999551521574936e+00
4.815632913350487598e+00,-4.991398929370483017e+00,1.038776652958947277e+00,6.999999548905917024e+00
4.929432156253684916e+00,-4.786108122908817819e+00,1.088643761192395587e+00,6.999999544720369116e+00
5.033802155688736235e+00,-4.575610335505843729e+00,1.137000084864036697e+00,6.999999538627457163e+00
5.124967963634047052e+00,-4.363396777903886914e+00,1.197057902427484777e+00,6.999999530024447303e+00
5.201957396897972430e+00,-4.148513281840965128e+00,1.259327638588713771e+00,6.999999518015706634e+00
5.263529934488978768e+00,-3.932347574689479153e+00,1.332876478294406031e+00,6.999999501339884134e+00
5.307204090358700554e+00,-3.718518764720988745e+00,1.416540397225834358e+00,6.999999478222433069e+00
5.329530816329216769e+00,-3.511327038191667249e+00,1.525171172806819353e+00,6.999999937544087558e+00
5.327431515056657574e+00,-3.314721388115632550e+00,1.655116652397840671e+00,7.000000004463858616e+00
5.299432967738068712e+00,-3.133054037787467827e+00,1.811863511912461311e+00,6.977123271426217244e+00
5.244611494222696457e+00,-2.969576340666159719e+00,1.990941564752943593e+00,6.926365673601995177e+00
5.164541242980411617e+00,-2.827573609180867642e+00,2.189931711860277019e+00,6.850972995688755063e+00
5.063487463714301917e+00,-2.713540284645498790e+00,2.412578191304767028e+00,6.762906504723521728e+00
4.951089283304779265e+00,-2.635070144565788919e+00,2.670156870244606573e+00,6.682974500609221380e+00
4.843289279718358209e+00,-2.597825502304440537e+00,2.979047229655105156e+00,6.630668663102022187e+00
4.747851405546511749e+00,-2.599196139140809603e+00,-2.952833837976875486e+00,6.597963484340477969e+00
4.657093769695019425e+00,-2.637603700496250259e+00,-2.606384302907795103e+00,6.547394845067587177e+00
4.564291287000783903e+00,-2.720705887769801379e+00,-2.315988344254428011e+00,6.462488839264279861e+00
4.473914925447038726e+00,-2.853232816318883369e+00,-2.104773928120022397e+00,6.368411866061040705e+00
4.390706896028730100e+00,-3.031696878786181770e+00,-1.973734634896459061e+00,6.298928102994345579e+00
4.313170051864298138e+00,-3.245525139131803627e+00,-1.913036455914114642e+00,6.273207109633778700e+00
4.233846512969083875e+00,-3.484212042598749282e+00,-1.909481534374169343e+00,6.296274163646520705e+00
4.143170871279902912e+00,-3.738173007701211858e+00,-1.950618167704128325e+00,6.365589247788977723e+00
4.032411671907482287e+00,-3.997460725248850988e+00,-2.025984598205863296e+00,6.475199125322076199e+00
3.895578045336299589e+00,-4.251425095820802191e+00,-2.123766250108319209e+00,6.616984185555248921e+00
3.731562284810179264e+00,-4.490636352914625817e+00,-2.234060288913082282e+00,6.779888596342637186e+00
3.541816510050867617e+00,-4.707855122454756014e+00,-2.350024319221703184e+00,6.943750433881011652e+00
3.330717111522583540e+00,-4.898262708641094143e+00,-2.464791556799361683e+00,6.999999612543634342e+00
3.106402659664507127e+00,-5.063713292125118670e+00,-2.542880106124153272e+00,6.972878004531833263e+00
2.874946926733388253e+00,-5.208623408752634631e+00,-2.617821629473464640e+00,6.954847049056319896e+00
2.637334216879999360e+00,-5.333753108930446629e+00,-2.698066454616384835e+00,6.944571255561397649e+00
2.393909286144360493e+00,-5.436495422364865604e+00,-2.792342939793075907e+00,6.942849736079288903e+00
2.145755320086829343e+00,-5.512466467316216701e+00,-2.906540277852267540e+00,6.949945698243097603e+00
1.895367419634004902e+00,-5.555888775726611328e+00,-3.043346558992567452e+00,6.964263170552300153e+00
1.647263852234003956e+00,-5.561702942027142882e+00,3.085931219506639511e+00,6.981691502924062931e+00
1.405880078907913777e+00,-5.528568203003577430e+00,2.929790280053786500e+00,6.995980387296209635e+00
1.174223125895615061e+00,-5.459731433917831112e+00,2.788257661206642091e+00,6.999999927638999253e+00
9.526686943659179452e-01,-5.361552245495473379e+00,2.675874849227017460e+00,6.999999898456573000e+00
7.394117607502979084e-01,-5.241673847355823312e+00,2.595665921662831277e+00,6.999999829492676184e+00
5.317490395566681904e-01,-5.106484508570033221e+00,2.544880994260581009e+00,6.999999773484073984e+00
3.263789703656971852e-01,-4.961746981963654157e+00,2.520466845372816511e+00,6.999999727109894820e+00
1.196738715328251601e-01,-4.812150385320524748e+00,2.519417447374007413e+00,6.999999687693251538e+00
-9.154846677751393713e-02,-4.662408461341129851e+00,2.538495017367504936e+00,6.999999653187977344e+00
-3.099335820975852585e-01,-4.516533234523214091e+00,2.575836312265030514e+00,6.999999621987058163e+00
-5.383353130881127768e-01,-4.378886834539771122e+00,2.632016053099937469e+00,6.999999593485151550e+00
-7.789384381361701415e-01,-4.254632005146742557e+00,2.708500498089125408e+00,6.999999569042487657e+00
-1.032558899619775650e+00,-4.147490885691678564e+00,2.787406142276308341e+00,6.999999675383620001e+00
-1.297686543984799323e+00,-4.060857666964723833e+00,2.874396890987772402e+00,6.999999680066523844e+00
-1.571681294997434586e+00,-4.000027793917655394e+00,2.973039029006282252e+00,6.999999664626505691e+00
-1.849889435952934980e+00,-3.966801896159403817e+00,3.068514472364679779e+00,6.999999628068980684e+00
-2.128433637913711429e+00,-3.959081462433194254e+00,-3.130395241343220114e+00,6.999999584514037920e+00
-2.404788558719876512e+00,-3.972755524134709226e+00,-3.061324999443210793e+00,6.999999556229601794e+00
-2.677246537513497948e+00,-4.002876513044792084e+00,-3.010641629575767197e+00,6.999999551449751500e+00
-2.945218758675605564e+00,-4.043488948735125099e+00,-2.979689119155020993e+00,6.999999562441389322e+00
-3.209017616127959549e+00,-4.089219854375796714e+00,-2.967261197202920364e+00,6.999999579044098752e+00
-3.469397216183892851e+00,-4.135308215172372570e+00,-2.970798014660830155e+00,6.999999594662779323e+00
-3.725823372793005461e+00,-4.178226924551175614e+00,-2.988619566445551712e+00,6.999999584359667182e+00
-3.974771352835890781e+00,-4.217174424976617431e+00,-2.993934858695808554e+00,6.999999546571797460e+00
-4.213657680172064879e+00,-4.249872415663958236e+00,-3.025544965668971908e+00,6.999999503234862530e+00
-4.443229282763913268e+00,-4.270755008257788532e+00,-3.081042156443801527e+00,6.999999462704415087e+00
-4.664853985015421145e+00,-4.276271765939567260e+00,3.127899187020863003e+00,6.999999439759697850e+00
-4.879645802597207371e+00,-4.264021131139539733e+00,3.040438068243046743e+00,6.999999451515352966e+00
-5.088035842610428183e+00,-4.232781538245652619e+00,2.944519256252735584e+00,6.999999498517279761e+00
-5.289620016236116662e+00,-4.181808407323916121e+00,2.843598267821410008e+00,6.999999554971228832e+00
-5.486082402047802731e+00,-4.110049910014884844e+00,2.746118793156992144e+00,6.999999595000250707e+00
-5.679937965354512563e+00,-4.018248699318322181e+00,2.660980277732110988e+00,6.999999574589217843e+00
-5.871826564462710785e+00,-3.908402076882508513e+00,2.590765935586212265e+00,6.999999520354283966e+00
-6.059961761799602442e+00,-3.781038898844589990e+00,2.509441869869031283e+00,6.999999522090231352e+00
-6.244009535587244031e+00,-3.638677810703012661e+00,2.463164088959283404e+00,6.999999532000948044e+00
-6.423921320587263395e+00,-3.484185018042759818e+00,2.405823005079632537e+00,6.999999540531763209e+00
-6.598938717523940234e+00,-3.320057212938673175e+00,2.372962999939909334e+00,6.999999547186880555e+00
-6.768077328916548119e+00,-3.148937935321210357e+00,2.328017603142911174e+00,6.999999551848693713e+00
-6.930078123090539499e+00,-2.971415431314343270e+00,2.292977238443250521e+00,6.999999554495168752e+00
-7.085180770924878857e+00,-2.787960781640972829e+00,2.252891751060784209e+00,6.999999555149751806e+00
-7.233354768032324245e+00,-2.598456897777771335e+00,2.215932115333947738e+00,6.999999553677707098e+00
-7.374181691467549982e+00,-2.403795845544044685e+00,2.177454149423334595e+00,6.999999552577506279e+00
-7.506469615647029414e+00,-2.205027194857691164e+00,2.136040874794479905e+00,6.922122813846175227e+00
-7.628233655652049805e+00,-2.003522624547635189e+00,2.087453055824492587e+00,6.841625685014041558e+00
-7.736498538575786732e+00,-1.800738936948270918e+00,2.027335195848316118e+00,6.772345293800259292e+00
-7.828031537798812778e+00,-1.597846302637009330e+00,1.951495125762225724e+00,6.718658932797234584e+00
-7.898925033605229906e+00,-1.397035142963232834e+00,1.855788918703686008e+00,6.684928310757698888e+00
-7.945326563279467180e+00,-1.202355048488713551e+00,1.733062836537564211e+00,6.674596890338938771e+00
-7.963015431022748558e+00,-1.020088685261040684e+00,1.574349380964450873e+00,6.688770704475186513e+00
-7.949735192132918016e+00,-8.555047654409498881e-01,1.377116889935981581e+00,6.724820634549414144e+00
-7.906442216738534867e+00,-7.133587977526212320e-01,1.144434686198729789e+00,6.776417399432657085e+00
-7.834505124777777496e+00,-5.953292844735986744e-01,8.879606709231675499e-01,6.835764814065477424e+00
-7.730987203276881381e+00,-4.986825744729664889e-01,6.370873545958691819e-01,6.895648926215370622e+00
-7.590797755349580456e+00,-4.201098358597997739e-01,4.248255231403593735e-01,6.948635768012922043e+00
-7.416486840337131348e+00,-3.611526296976501627e-01,2.622642638664636761e-01,6.986070630207234622e+00
-7.216029757119384769e+00,-3.224575972172569749e-01,1.435969225345212763e-01,7.000000017370027194e+00
-6.997396824416637351e+00,-3.015066807381918679e-01,6.590827920074310287e-02,6.999999535021902197e+00
-6.765602844889439638e+00,-2.933305309306741826e-01,2.009607916848992967e-02,6.999999551338444093e+00
-6.525229641344896692e+00,-2.926192903461739547e-01,-4.465332529857167498e-03,6.999999569442824310e+00
-6.279237852965069422e+00,-2.961080952217667317e-01,-1.530828286125952148e-02,6.999999580750277062e+00
-6.027775677258135900e+00,-3.008013669721574246e-01,-1.377008207838885390e-02,6.999999588340696910e+00
-5.769863495992442637e+00,-3.037031818060640376e-01,2.036984303946887120e-03,6.999999594203405451e+00
-5.506809854232535884e+00,-3.004345136617629919e-01,2.931997316022032229e-02,6.999999599376833359e+00
-5.241789406239307780e+00,-2.889023260088983136e-01,6.152736123539518515e-02,6.999999604305917167e+00
-4.975593910083128790e+00,-2.681735451774720502e-01,9.872612055791989139e-02,6.999999608430385045e+00
-4.708181319672050336e+00,-2.415633621231325634e-01,1.059604735361142497e-01,6.999999609581552207e+00
-4.440404247000221183e+00,-2.118084043062324895e-01,1.208876062193009471e-01,6.999999608601782164e+00
-4.174009702234724450e+00,-1.772671868256772143e-01,1.380757551976980746e-01,6.999999606719421230e+00
-3.910399243234506272e+00,-1.386000993657123814e-01,1.507552989428123102e-01,6.999999604450835911e+00
-3.649505688482546972e+00,-9.780315109265202977e-02,1.562553290657287541e-01,6.999999602150698053e+00
-3.390799765724391790e+00,-5.679329846424252537e-02,1.537828158115027710e-01,6.999999599842431586e+00
-3.134420463839688864e+00,-1.640085694378967673e-02,1.517192067183966708e-01,6.999999597474291235e+00
-2.880410605421119374e+00,2.192903474082186221e-02,1.404366587466031047e-01,6.999999595293424193e+00
-2.627612040605761035e+00,5.680014867172289428e-02,1.304278359186848979e-01,6.999999593363466666e+00
-2.374711242955188428e+00,8.963566859048555102e-02,1.274223470496676780e-01,6.999999591744698435e+00
-2.121127587740170295e+00,1.218324634352185853e-01,1.250848708778450058e-01,6.999999590866420540e+00
-1.866676493095923650e+00,1.536135010403967271e-01,1.238186371483920301e-01,6.999999591035678037e+00
-1.611656260018697218e+00,1.853105451267005321e-01,1.200902316807674064e-01,6.999999592356899392e+00
-1.355701787284852022e+00,2.153700649636949294e-01,1.133027151844065161e-01,6.999999594799150238e+00
-1.098392805593986665e+00,2.438586764587604705e-01,1.026157825675447222e-01,6.999999598120131061e+00
-8.391862456305578810e-01,2.687446227673362387e-01,8.471137978455331452e-02,6.999999601749223643e+00
-5.772980610791709211e-01,2.882302859799317218e-01,6.495961345543121990e-02,6.999999604849172385e+00
-3.130860822366479113e-01,3.029471245697052950e-01,5.389585286669615338e-02,6.999999606411337894e+00
-4.860126457646174458e-02,3.149214409690443972e-01,4.636370784758472863e-02,6.999999604807653597e+00
2.131910854036278558e-01,3.244972972826900559e-01,3.395861002813954643e-02,6.999999601460573651e+00
4.701565531066913550e-01,3.333267261482113497e-01,3.945444512827145367e-02,6.999999596473987395e+00
7.213132685642930086e-01,3.457420948128859806e-01,6.108665307183315518e-02,6.999999589889402962e+00
9.655279261173406180e-01,3.652080797565542269e-01,9.860396029804600893e-02,6.999999581914146951e+00
1.203407405355985338e+00,3.954067801750511535e-01,1.462282615709842581e-01,6.999999574346770004e+00
1.439530755255238326e+00,4.370625449828793307e-01,1.881394563040049428e-01,6.999999570267304350e+00
1.678322386753968498e+00,4.872478991675990301e-01,2.136053823211848668e-01,6.999999572034042217e+00
1.922592733844080470e+00,5.423821619293036633e-01,2.190440583237953931e-01,6.999999579234665426e+00
2.174275142664356508e+00,5.974970061114674991e-01,2.040455623175611855e-01,6.999999588868981881e+00
2.434095408754745726e+00,6.477177656638843928e-01,1.707414244020986904e-01,6.999999597338666391e+00
2.702456042323397867e+00,6.887248099854055283e-01,1.256324275625380071e-01,6.999999602680889055e+00
2.975671221029517532e+00,7.198821304210341054e-01,1.025254937086164386e-01,6.999999605467447594e+00
3.247825313279279147e+00,7.438491810971150642e-01,7.964301398923429032e-02,6.999999605270286196e+00
3.515523803062216679e+00,7.623858202867381806e-01,6.737803802808797760e-02,6.999999601728778664e+00
3.778100821293953082e+00,7.787884543730569931e-01,6.369977122471900954e-02,6.999999594456491003e+00
4.034873654025876277e+00,7.924594288509414497e-01,5.150739560918293769e-02,6.999999583464477482e+00
4.283084831949236282e+00,8.046185195253752198e-01,5.661150720337965181e-02,6.999999568405382178e+00
4.521779746055074156e+00,8.199853218962291912e-01,8.196464060337856072e-02,6.999999549033156576e+00
4.750031993969848543e+00,8.444798744367338905e-01,1.441906094043335917e-01,6.999999526897938473e+00
4.965238726788000712e+00,8.835723410681484147e-01,2.295679013780554945e-01,6.999999498748619153e+00
5.163697234645729495e+00,9.399027199580418657e-01,3.413872458664928833e-01,6.999999463035972980e+00
5.342581334258640346e+00,1.016098070353979699e+00,4.783809915933002199e-01,7.000000020211125218e+00
5.501261169634963366e+00,1.113624476434913468e+00,6.327495592252174728e-01,6.984536420218756980e+00
5.636903079003460881e+00,1.230526509461816964e+00,8.022397449208584774e-01,6.945151041711580042e+00
5.743420284155997813e+00,1.361543949469433246e+00,9.928688764104071085e-01,6.884657374218329906e+00
5.814604287906962377e+00,1.497196473415361107e+00,1.216521350186759554e+00,6.811815998398397021e+00
5.846158386075769542e+00,1.623251281210052577e+00,1.488885808501650754e+00,6.744001127134377604e+00
5.840701365220801300e+00,1.729275744291236094e+00,1.812592232462499231e+00,6.698025167222414034e+00
5.804068484874716383e+00,1.813845232365094651e+00,2.167099496805434455e+00,6.666139477153946835e+00
5.732573677355047082e+00,1.884335204268966280e+00,2.506527361881217608e+00,6.618924957945951704e+00
5.615452494204576261e+00,1.941924197969153942e+00,2.783811207821358380e+00,6.549902532696600055e+00
5.451170828414096725e+00,1.980147989498887817e+00,2.980572716359764840e+00,6.485118252201679923e+00
5.249786116137555858e+00,1.995840010070998760e+00,3.104718408767781934e+00,6.451898442028356939e+00
5.023479890019166838e+00,1.993524838459099335e+00,-3.107661758755773551e+00,6.461940563153928174e+00
4.782931197075987129e+00,1.979213947622834091e+00,-3.069913912636089925e+00,6.514338225187047193e+00
4.533664723798422003e+00,1.958108862374824177e+00,-3.053218574016286269e+00,6.602674619169841108e+00
4.277472769854112400e+00,1.934350292048332420e+00,-3.053013778044881388e+00,6.719331766681425400e+00
4.014471829612400455e+00,1.912030326964611504e+00,-3.067890732722131641e+00,6.857011448318131031e+00
3.745628557869693953e+00,1.895763664446242558e+00,-3.099334210840796633e+00,6.999999520881362791e+00
3.474158413565946013e+00,1.890616148616022230e+00,3.136442313596354392e+00,6.999999609546184054e+00
3.201877389643664973e+00,1.895773123136413219e+00,3.105951694871042612e+00,6.999999611281020329e+00
2.928016730450898830e+00,1.907224403562267412e+00,3.090111286110303723e+00,6.999999611397775823e+00
2.654640370054429876e+00,1.923823940900764029e+00,3.074248346019372136e+00,6.999999608969930343e+00
2.386391890645366054e+00,1.944041697452050244e+00,3.066999585233775694e+00,6.999999604500919403e+00
2.124840210026050613e+00,1.964664579269452815e+00,3.065457937318548876e+00,6.999999598325855388e+00
1.869858605613460067e+00,1.984384164780024662e+00,3.070750455894753372e+00,6.999999590912546310e+00
1.621923004935681201e+00,2.001842052269878991e+00,3.078567200583097296e+00,6.999999583281379500e+00
1.380019732179107006e+00,2.015736432041527415e+00,3.095604802266942901e+00,6.999999576519444489e+00
1.143387042088572336e+00,2.021190271233082925e+00,-3.134857173781430806e+00,6.999999572428498240e+00
9.082582725393968381e-01,2.015366563687448043e+00,-3.101423786645897795e+00,6.999999571999493853e+00
6.691939953183618783e-01,2.002260947048005946e+00,-3.077117329367504706e+00,6.999999573508150164e+00
4.247720740521225835e-01,1.984319570818252387e+00,-3.064476851169781746e+00,6.999999578520896826e+00
1.744108543484426121e-01,1.964149212551408397e+00,-3.064712978409374067e+00,6.999999585775565691e+00
-8.300401298676973738e-02,1.944858677308047845e+00,-3.078713209276386920e+00,6.999999593041162704e+00
-3.470326783085484479e-01,1.928652801812233974e+00,-3.092069400839042359e+00,6.999999599060212851e+00
-6.150097647749768193e-01,1.916942401799367701e+00,-3.110823219924559790e+00,6.999999603190852682e+00
-8.834101349309291251e-01,1.909546822583877201e+00,-3.118696963795288823e+00,6.999999605528950397e+00
-1.149824626505775216e+00,1.904177881620020329e+00,-3.121859672845693545e+00,6.999999606759480741e+00
-1.414779298709470057e+00,1.898997164421158956e+00,-3.121965139992486371e+00,6.999999607631709253e+00
-1.679654375480081674e+00,1.893819762179830946e+00,-3.122520498875258621e+00,6.999999608452043276e+00
-1.944739974757907053e+00,1.888900125770414107e+00,-3.123785970610061469e+00,6.999999609234595077e+00
-2.212074749942869012e+00,1.884373078235647370e+00,-3.131231255727779494e+00,6.999999609671679224e+00
-2.483240349633935473e+00,1.883606664844874601e+00,3.134673801268557547e+00,6.999999609154325064e+00
-2.755671272379518477e+00,1.888764364264325479e+00,3.115889551043755201e+00,6.999999606996078150e+00
-3.024869088414089191e+00,1.898284130618193899e+00,3.107978002668650763e+00,6.999999602775846874e+00
-3.286573781103296454e+00,1.909579200270769661e+00,3.101114132997108808e+00,6.999999596036363236e+00
-3.539116776154005883e+00,1.921116250417870930e+00,3.098070690899177304e+00,6.999999587817501201e+00
-3.783143713249060625e+00,1.930463120519326559e+00,3.113689501470639165e+00,6.999999579182529352e+00
-4.019538279270314263e+00,1.933740994108098299e+00,-3.137633957964970133e+00,6.999999571049538183e+00
-4.249977173722536250e+00,1.927973824869418706e+00,-3.093714610717934743e+00,6.999999565033839133e+00
-4.479895731745649812e+00,1.911161577195257699e+00,-3.050190107602513745e+00,6.999999564953723663e+00
-4.715184706740239484e+00,1.884992188399305491e+00,-3.020153190977789226e+00,6.999999569817226153e+00
-4.958397673516353521e+00,1.852665580874973017e+00,-3.008699238243860652e+00,6.999999577690920738e+00
-5.210290504084500895e+00,1.818749347408243011e+00,-3.016505686758010896e+00,6.999999587924666145e+00
-5.470374213006660824e+00,1.787852953525352007e+00,-3.040195393427463255e+00,6.999999597117193773e+00
-5.738179859131973259e+00,1.761035581285320006e+00,-3.055730837845184844e+00,6.999999603760728384e+00
-6.012881583072925196e+00,1.739752958842995412e+00,-3.084132237589592318e+00,6.999999607724092243e+00
-6.289620155923459244e+00,1.727634367792795445e+00,-3.112007491005513327e+00,6.999999609244544452e+00
-6.561798892721125931e+00,1.722846869316203566e+00,-3.128445250144674450e+00,6.999999608791395822e+00
-6.827381451103139653e+00,1.720416461972160249e+00,-3.128544224915785765e+00,6.999999606920841444e+00
-7.088196857151115360e+00,1.716441900747696536e+00,-3.120403491855707756e+00,6.999999604353075000e+00
-7.345984728039702816e+00,1.709792566411245218e+00,-3.108802839314727340e+00,6.999999601757396661e+00
-7.600210384605190050e+00,1.699765246140401587e+00,-3.092387968116343977e+00,6.999999599648160320e+00
-7.852820679716328911e+00,1.684616200652953921e+00,-3.075516119641437562e+00,6.999999598170552062e+00
-8.109720248367082718e+00,1.665859321895368339e+00,-3.071306570435982319e+00,6.999999596876932628e+00
-8.373722840163669190e+00,1.648215821396107117e+00,-3.083483772110707566e+00,6.999999594747634113e+00
-8.640745108703011823e+00,1.636169658560948648e+00,-3.104897434947700319e+00,6.999999590092278012e+00
-8.905613112155281286e+00,1.631355097604082260e+00,-3.135534209360658853e+00,6.999999581176539643e+00
-9.165091161854569179e+00,1.633352514129156496e+00,3.128758678620757294e+00,6.999999564823205844e+00
-9.415129423828885180e+00,1.636602193381167414e+00,3.141194404437759324e+00,6.999999539795667580e+00
-9.650437272987074877e+00,1.633342914090372799e+00,-3.093626691113845251e+00,6.999999500361545834e+00
-9.862871565408644514e+00,1.616656457777262412e+00,-2.998901281278590680e+00,7.000000006739948155e+00
-1.004101841667980288e+01,1.581200027842693867e+00,-2.837947223798942709e+00,6.991034673269687083e+00
-1.017339454308455160e+01,1.527359862495619280e+00,-2.595211502694085848e+00,6.952562297548623427e+00
-1.026275280540848733e+01,1.455757840675738990e+00,-2.288837842633959951e+00,6.897524055988109026e+00
-1.032386851750732859e+01,1.354025249292966970e+00,-1.987618262683039649e+00,6.838476210647095321e+00
-1.036365994942573820e+01,1.206601397548183963e+00,-1.756669614332280194e+00,6.786497917987927231e+00
-1.038001711098506519e+01,1.016536041177733107e+00,-1.607426489648115187e+00,6.754135094953237051e+00
-1.037524310634020708e+01,7.971865689840410552e-01,-1.520475352511811984e+00,6.752817125207939419e+00
-1.035583318720159696e+01,5.608441238772823301e-01,-1.472891412549494961e+00,6.787495471159957106e+00
-1.032744587534540770e+01,3.146414922616758147e-01,-1.449524483005935727e+00,6.855903478343527979e+00
-1.029488587804232225e+01,6.169970103017119456e-02,-1.442562672387012190e+00,6.951411062186856782e+00
-1.026157285235074745e+01,-1.961812502230695365e-01,-1.446833181736095097e+00,6.999999578150075230e+00
-1.023025372626925389e+01,-4.571721555838528239e-01,-1.457245236042533865e+00,6.999999583664931357e+00
-1.020205911632008977e+01,-7.179912419382601385e-01,-1.466051744285095548e+00,6.999999585645759304e+00
-1.017580306165504922e+01,-9.749034757685908215e-01,-1.465487911781182095e+00,6.999999583529828762e+00
-1.014836282940555634e+01,-1.226385140162051801e+00,-1.453354595964631901e+00,6.999999578251821397e+00
-1.011720913817434564e+01,-1.472236573404327231e+00,-1.430197712904803131e+00,6.999999570712347463e+00
-1.007998643570250685e+01,-1.710919251605684810e+00,-1.393388025312473300e+00,6.999999561835621442e+00
-1.003353166795821672e+01,-1.940736270743192549e+00,-1.340926307964754205e+00,6.999999552603584974e+00
-9.974839246041543817e+00,-2.161819444794568224e+00,-1.275778399122318385e+00,6.999999544027359022e+00
-9.901738604943851385e+00,-2.375196959286307141e+00,-1.203351409073357692e+00,6.999999537045852094e+00
-9.813445646170295689e+00,-2.581364170835838578e+00,-1.128482224662716416e+00,6.999999532379880485e+00
-9.709769807855918700e+00,-2.780504826651485573e+00,-1.053601340829603439e+00,6.999999530401102454e+00
-9.591041503116068512e+00,-2.972190629927385697e+00,-9.811765544904357261e-01,6.999999531080771220e+00
-9.457934979923161123e+00,-3.156685124182504687e+00,-9.127069127811693328e-01,6.999999534046337679e+00
-9.311345518890142614e+00,-3.333731593305001351e+00,-8.499468939014688251e-01,6.999999538718188141e+00
-9.152288728523737760e+00,-3.504253009345914993e+00,-7.945416726074375768e-01,6.999999544463199719e+00
-8.982125291159883673e+00,-3.668775683975852520e+00,-7.469363485694867633e-01,6.999999550710220397e+00
-8.802367358238573303e+00,-3.828013631339115541e+00,-7.070450423687889563e-01,6.999999557007333451e+00
-8.614704701646154206e+00,-3.982561501185768016e+00,-6.740186084977166647e-01,6.999999563028460159e+00
-8.420619413898059236e+00,-4.132850587931685915e+00,-6.462922386998519730e-01,6.999999568549695184e+00
-8.221257428412190649e+00,-4.279313172664434006e+00,-6.230614539376758687e-01,6.999999573416602061e+00
-8.017233375334221535e+00,-4.422633221151059502e+00,-6.042116703971049940e-01,6.999999577521077043e+00
-7.808727715799928859e+00,-4.564059362883719828e+00,-5.912638689180363949e-01,6.999999580798059284e+00
-7.596424748918215286e+00,-4.705110593415515297e+00,-5.841249194364144248e-01,6.999999583242879631e+00
-7.383064680725711426e+00,-4.845470310278134463e+00,-5.779846630147997821e-01,6.999999584936735353e+00
-7.169905857162597762e+00,-4.983321520410768812e+00,-5.682093403595631642e-01,6.999999586057692014e+00
-6.956195973347047534e+00,-5.118040271380809969e+00,-5.560429708071717991e-01,6.999999586854219302e+00
-6.740951962445993040e+00,-5.249873344344489823e+00,-5.431278776803224462e-01,6.999999587572855120e+00
-6.523783452410462758e+00,-5.379107984315375290e+00,-5.312093550407234188e-01,6.999999588355970914e+00
-6.304536295460714257e+00,-5.506240083331121582e+00,-5.208203520661839336e-01,6.999999589148901080e+00
-6.082855297589272681e+00,-5.632074256758468067e+00,-5.138546909085840442e-01,6.999999589662971644e+00
-5.858524108401482522e+00,-5.757920604837753586e+00,-5.117433358452440073e-01,6.999999589419780399e+00
-5.632455412867587441e+00,-5.885099860872468724e+00,-5.147730187732272311e-01,6.999999587876992280e+00
-5.406187236785564565e+00,-6.013721541183032926e+00,-5.191524810723480154e-01,6.999999584605545166e+00
-5.183291383086571003e+00,-6.141831342149437489e+00,-5.174053875017359250e-01,6.999999579461520405e+00
-4.966081337747331403e+00,-6.264218830772644075e+00,-4.986395025158555927e-01,6.999999572702981787e+00
-4.753622140562215215e+00,-6.376159549069106980e+00,-4.608731754472509823e-01,6.999999565052559269e+00
-4.542218255799570059e+00,-6.474997727106041268e+00,-4.068003093169730855e-01,6.999999557665534944e+00
-4.329964739664656115e+00,-6.558996418278963070e+00,-3.446559274478333545e-01,6.999999551952270416e+00
-4.113822725802132041e+00,-6.628824682188636963e+00,-2.789467561239992732e-01,6.999999549229788620e+00
-3.893927006462615026e+00,-6.683993870411900851e+00,-2.120530024452312590e-01,6.999999550290323391e+00
-3.669116240494545877e+00,-6.724431120162964071e+00,-1.471740799077231876e-01,6.999999555087165426e+00
-3.435406659737560986e+00,-6.751643499861760489e+00,-9.682262913935252291e-02,6.999999562727917457e+00
-3.190569495873099015e+00,-6.770446778869676940e+00,-6.781167607266699870e-02,6.999999571776137408e+00
-2.935890970364428476e+00,-6.785454277601740358e+00,-5.948143017518921910e-02,6.999999580674684196e+00
-2.673231594995530536e+00,-6.801190663692203486e+00,-6.799344313116444105e-02,6.999999588115027649e+00
-2.405673772897173990e+00,-6.821727068103484726e+00,-8.830019349480509872e-02,6.999999593061157377e+00
-2.138862363366413888e+00,-6.848438254725351726e+00,-1.098152629772465166e-01,6.999999596084212072e+00
-1.875098155489872909e+00,-6.880147337822450027e+00,-1.250579935852431379e-01,6.999999595771138061e+00
-1.618399446872961889e+00,-6.913767883955074467e+00,-1.253284867987560225e-01,6.999999594120052571e+00
-1.368645751718395420e+00,-6.944262486413872892e+00,-1.118460926747634615e-01,6.999999591555862821e+00
-1.121458963804019771e+00,-6.969295413591428456e+00,-8.900328213328845273e-02,6.999999589075390105e+00
-8.737701062979307265e-01,-6.988762797321872000e+00,-6.884373195449003391e-02,6.999999587354484909e+00
-6.240901867721780905e-01,-7.003217602936750552e+00,-4.946294347287778087e-02,6.999999586724970690e+00
-3.711003255242817378e-01,-7.013945894732422914e+00,-3.947789001465210751e-02,6.999999587139791757e+00
-1.152114529574916890e-01,-7.022942688562029190e+00,-3.279051344480047453e-02,6.999999588232108216e+00
1.416371557001920856e-01,-7.031118809757415988e+00,-3.088708864993388800e-02,6.999999589444249715e+00
3.992900300758781551e-01,-7.038470935419496755e+00,-2.780991447761549384e-02,6.999999590193455745e+00
