1.685999999999999943e+00,-7.504039999999999822e+00
1.735999999999999988e+00,-7.503938999999999915e+00
1.786000000000000032e+00,-7.502893000000000256e+00
1.836000000000000076e+00,-7.501802999999999777e+00
1.885999999999999899e+00,-7.500589999999999868e+00
1.935999999999999943e+00,-7.499174000000000007e+00
1.985999999999999988e+00,-7.497482999999999898e+00
2.036000000000000032e+00,-7.495441999999999716e+00
2.085999999999999854e+00,-7.492983999999999867e+00
2.136000000000000121e+00,-7.490041999999999867e+00
2.185999999999999943e+00,-7.486552999999999791e+00
2.236000000000000210e+00,-7.482454999999999856e+00
2.286000000000000032e+00,-7.477691000000000088e+00
2.335999999999999854e+00,-7.472204999999999764e+00
2.386000000000000121e+00,-7.465945999999999749e+00
2.435999999999999943e+00,-7.458864000000000161e+00
2.486870000000000136e+00,-7.450911999999999757e+00
2.537628999999999913e+00,-7.442046999999999635e+00
2.588278999999999996e+00,-7.432228000000000279e+00
2.638822999999999919e+00,-7.421415999999999791e+00
2.689262999999999959e+00,-7.409576999999999636e+00
2.739603999999999928e+00,-7.396677000000000390e+00
2.789846999999999966e+00,-7.382687999999999917e+00
2.840866000000000113e+00,-7.367581000000000380e+00
2.891681000000000168e+00,-7.351333999999999591e+00
2.942299000000000220e+00,-7.333924999999999805e+00
2.992725000000000080e+00,-7.315336000000000283e+00
3.043833999999999929e+00,-7.295550999999999675e+00
3.094650999999999819e+00,-7.274557999999999858e+00
3.145183999999999980e+00,-7.252346000000000181e+00
3.195441999999999894e+00,-7.228908999999999807e+00
3.246303000000000161e+00,-7.204241999999999813e+00
3.296793999999999780e+00,-7.178344000000000058e+00
3.346926999999999985e+00,-7.151216999999999935e+00
3.397581999999999880e+00,-7.122862999999999722e+00
3.447789000000000215e+00,-7.093291999999999931e+00
3.498434000000000044e+00,-7.062511999999999901e+00
3.548547000000000118e+00,-7.030535999999999675e+00
3.599016000000000215e+00,-6.997379999999999711e+00
3.648877000000000148e+00,-6.963063000000000002e+00
3.699018999999999835e+00,-6.927603999999999651e+00
3.748480999999999952e+00,-6.891028999999999627e+00
3.797283999999999882e+00,-6.854347999999999885e+00
3.846321999999999797e+00,-6.816723999999999783e+00
3.894636000000000209e+00,-6.778192999999999913e+00
3.943119999999999958e+00,-6.738792000000000115e+00
3.990819999999999812e+00,-6.698563000000000045e+00
4.038632999999999917e+00,-6.656564000000000370e+00
4.085606000000000293e+00,-6.613709000000000060e+00
4.132639000000000173e+00,-6.570045999999999609e+00
4.178784000000000276e+00,-6.525623000000000395e+00
4.224942000000000419e+00,-6.480493000000000059e+00
4.271036999999999750e+00,-6.434711000000000070e+00
4.316124000000000294e+00,-6.388334999999999653e+00
4.361112999999999573e+00,-6.341425000000000090e+00
4.405929999999999680e+00,-6.294045999999999808e+00
4.450508000000000131e+00,-6.246262999999999899e+00
4.494780000000000442e+00,-6.198145000000000238e+00
4.538681999999999661e+00,-6.149765000000000370e+00
4.582154000000000060e+00,-6.101196999999999981e+00
4.625137999999999749e+00,-6.051535000000000331e+00
4.666707999999999856e+00,-6.001726999999999812e+00
4.707793999999999812e+00,-5.951851999999999698e+00
4.748343000000000202e+00,-5.901010000000000311e+00
4.788306999999999647e+00,-5.850154999999999994e+00
4.827638000000000318e+00,-5.799370999999999832e+00
4.866293999999999897e+00,-5.748749000000000109e+00
4.903362000000000442e+00,-5.697395000000000209e+00
4.939785999999999788e+00,-5.646271999999999736e+00
4.975528999999999868e+00,-5.594489000000000267e+00
5.010553999999999952e+00,-5.543012000000000050e+00
5.044831000000000287e+00,-5.490953000000000195e+00
5.078326999999999813e+00,-5.439280000000000115e+00
5.111017999999999617e+00,-5.387107999999999564e+00
5.142878999999999756e+00,-5.335408000000000150e+00
5.173888999999999960e+00,-5.283298000000000272e+00
5.203158000000000172e+00,-5.231753000000000320e+00
5.231654999999999944e+00,-5.179891999999999719e+00
5.259362000000000315e+00,-5.128693000000000168e+00
5.286266999999999605e+00,-5.077278999999999876e+00
5.312361000000000111e+00,-5.026628999999999792e+00
5.337635999999999825e+00,-4.975869999999999571e+00
5.362957999999999892e+00,-4.924999999999999822e+00
5.387343999999999689e+00,-4.875000000000000000e+00
5.410797999999999774e+00,-4.825000000000000178e+00
5.433328000000000380e+00,-4.775000000000000355e+00
5.455813000000000024e+00,-4.724999999999999645e+00
5.477285000000000181e+00,-4.674999999999999822e+00
5.497760999999999676e+00,-4.625000000000000000e+00
5.518133999999999872e+00,-4.575000000000000178e+00
5.537443999999999811e+00,-4.525000000000000355e+00
5.555723000000000411e+00,-4.474999999999999645e+00
5.573871999999999716e+00,-4.424999999999999822e+00
5.590945999999999749e+00,-4.375000000000000000e+00
5.607854999999999812e+00,-4.325000000000000178e+00
5.624532000000000309e+00,-4.275000000000000355e+00
5.640914000000000428e+00,-4.224999999999999645e+00
5.655960000000000321e+00,-4.174129999999999896e+00
5.670486999999999611e+00,-4.122500999999999749e+00
5.684447999999999723e+00,-4.070223000000000368e+00
5.697797999999999696e+00,-4.018270000000000231e+00
5.710503000000000107e+00,-3.965765000000000207e+00
5.722529999999999895e+00,-3.912811000000000039e+00
5.733855000000000146e+00,-3.859507999999999939e+00
5.743471999999999689e+00,-3.805953000000000142e+00
5.752235999999999905e+00,-3.752241000000000160e+00
5.760135000000000005e+00,-3.699333999999999900e+00
5.767163000000000039e+00,-3.646339000000000219e+00
5.772336000000000134e+00,-3.593345999999999929e+00
5.776526999999999745e+00,-3.540439000000000114e+00
5.779742999999999853e+00,-3.487703000000000220e+00
5.782001000000000168e+00,-3.435219000000000023e+00
5.782333000000000389e+00,-3.383062999999999931e+00
5.781634000000000384e+00,-3.332180000000000142e+00
5.779931999999999626e+00,-3.281661999999999857e+00
5.776275000000000048e+00,-3.231580000000000119e+00
5.771571999999999925e+00,-3.181132999999999988e+00
5.764878000000000391e+00,-3.131368999999999847e+00
5.757111000000000089e+00,-3.082348999999999783e+00
5.747335999999999778e+00,-3.033260999999999985e+00
5.736476999999999826e+00,-2.985141000000000044e+00
5.723608999999999725e+00,-2.937168999999999919e+00
5.709664000000000073e+00,-2.890372000000000163e+00
5.694709999999999717e+00,-2.843923000000000201e+00
5.677836000000000105e+00,-2.797969999999999846e+00
5.659118000000000315e+00,-2.752657999999999827e+00
5.637764999999999915e+00,-2.708124000000000198e+00
5.614840000000000053e+00,-2.664502999999999844e+00
5.589555999999999969e+00,-2.621919999999999806e+00
5.562978000000000200e+00,-2.580496999999999819e+00
5.535192000000000334e+00,-2.540350000000000108e+00
5.506285000000000096e+00,-2.501589000000000063e+00
5.475477999999999845e+00,-2.464319000000000148e+00
5.442859999999999587e+00,-2.428638999999999992e+00
5.409506000000000370e+00,-2.394641000000000020e+00
5.374640999999999558e+00,-2.362413000000000096e+00
5.338356000000000101e+00,-2.332037999999999833e+00
5.300745000000000040e+00,-2.303590999999999944e+00
5.261900999999999939e+00,-2.277141999999999999e+00
5.221917999999999616e+00,-2.252758000000000038e+00
5.180888000000000382e+00,-2.230497000000000174e+00
5.139775000000000205e+00,-2.210412999999999961e+00
5.098676000000000208e+00,-2.192553999999999892e+00
5.056817999999999813e+00,-2.176963000000000203e+00
5.015170000000000350e+00,-2.163675000000000015e+00
4.972851000000000354e+00,-2.152721999999999802e+00
4.929960999999999594e+00,-2.144130000000000091e+00
4.886601999999999890e+00,-2.137917999999999985e+00
4.844731000000000343e+00,-2.134100999999999804e+00
4.802599999999999980e+00,-2.132686000000000082e+00
4.760316000000000436e+00,-2.133677000000000046e+00
4.718856999999999857e+00,-2.137071000000000165e+00
4.677349000000000423e+00,-2.142859000000000069e+00
4.636771999999999672e+00,-2.151028000000000162e+00
4.596254000000000062e+00,-2.161557000000000173e+00
4.555908999999999764e+00,-2.174421000000000159e+00
4.516718000000000011e+00,-2.189588999999999785e+00
4.478799000000000419e+00,-2.207024000000000097e+00
4.442269999999999719e+00,-2.226684999999999803e+00
4.406267999999999851e+00,-2.248521999999999910e+00
4.370912999999999826e+00,-2.272482000000000113e+00
4.337199000000000026e+00,-2.298506999999999856e+00
4.305133999999999794e+00,-2.326529999999999987e+00
4.272876000000000118e+00,-2.356482000000000188e+00
4.242290999999999812e+00,-2.388285999999999909e+00
4.212520999999999738e+00,-2.421860999999999819e+00
4.184562999999999811e+00,-2.457117000000000218e+00
4.157447999999999588e+00,-2.493964000000000070e+00
4.131191000000000280e+00,-2.532300999999999913e+00
4.106792999999999694e+00,-2.572023999999999866e+00
4.082417000000000407e+00,-2.613023000000000096e+00
4.059934000000000154e+00,-2.655183000000000071e+00
4.039361999999999675e+00,-2.698380999999999919e+00
4.019737000000000116e+00,-2.742490000000000094e+00
4.001081000000000110e+00,-2.787379000000000051e+00
3.983414999999999928e+00,-2.832908000000000204e+00
3.966645000000000199e+00,-2.878934000000000104e+00
3.950679000000000052e+00,-2.925307000000000102e+00
3.935423999999999811e+00,-2.972855000000000025e+00
3.920784999999999965e+00,-3.021536000000000222e+00
3.906670000000000087e+00,-3.071302999999999894e+00
3.892986000000000057e+00,-3.121121000000000034e+00
3.879640000000000200e+00,-3.171806000000000125e+00
3.866537999999999808e+00,-3.223298999999999914e+00
3.853587000000000096e+00,-3.276410999999999962e+00
3.840692999999999913e+00,-3.330096000000000167e+00
3.827764999999999862e+00,-3.385161000000000087e+00
3.814707999999999988e+00,-3.440443000000000140e+00
3.801429000000000169e+00,-3.495760999999999896e+00
3.787834999999999841e+00,-3.551047000000000065e+00
3.773833999999999911e+00,-3.607098000000000138e+00
3.759330999999999978e+00,-3.663727999999999874e+00
3.744232999999999922e+00,-3.720749999999999780e+00
3.728448000000000206e+00,-3.777108999999999828e+00
3.711882000000000126e+00,-3.832613999999999965e+00
3.694442000000000004e+00,-3.887944000000000067e+00
3.676034000000000024e+00,-3.942906999999999940e+00
3.656566000000000205e+00,-3.997424999999999784e+00
3.635943999999999843e+00,-4.051421000000000383e+00
3.614075999999999844e+00,-4.104701999999999629e+00
3.590866999999999809e+00,-4.158061000000000007e+00
3.566225000000000200e+00,-4.209569000000000116e+00
3.540055999999999869e+00,-4.261002000000000400e+00
3.512268000000000168e+00,-4.311301000000000272e+00
3.482766999999999946e+00,-4.361261999999999972e+00
3.451459999999999972e+00,-4.409940999999999889e+00
3.419238000000000000e+00,-4.458253000000000021e+00
3.386124999999999829e+00,-4.506126000000000076e+00
3.352148000000000128e+00,-4.553497000000000128e+00
3.317337000000000202e+00,-4.600298999999999694e+00
3.281724999999999781e+00,-4.646474000000000437e+00
3.244361000000000050e+00,-4.691092000000000262e+00
3.206151000000000195e+00,-4.735081000000000095e+00
3.167135000000000034e+00,-4.778385000000000105e+00
3.127350999999999992e+00,-4.820953000000000266e+00
3.086844999999999839e+00,-4.863603999999999594e+00
3.045662999999999787e+00,-4.905311000000000199e+00
3.003854000000000024e+00,-4.946032999999999902e+00
2.961470999999999965e+00,-4.986601000000000283e+00
2.918568000000000051e+00,-5.025998999999999661e+00
2.875204000000000093e+00,-5.064195999999999920e+00
2.831439000000000039e+00,-5.102038000000000295e+00
2.786351999999999940e+00,-5.139386000000000010e+00
2.740877999999999926e+00,-5.175243000000000038e+00
2.695081000000000060e+00,-5.209594000000000058e+00
2.648048000000000179e+00,-5.243300999999999767e+00
2.600716999999999945e+00,-5.276244000000000156e+00
2.553160000000000096e+00,-5.308310999999999780e+00
2.505452000000000012e+00,-5.338523999999999603e+00
2.456687000000000065e+00,-5.366894000000000275e+00
2.407811999999999841e+00,-5.394301999999999708e+00
2.358908000000000005e+00,-5.420652999999999722e+00
2.309073000000000153e+00,-5.445856000000000030e+00
2.259259999999999824e+00,-5.468956999999999624e+00
2.208572999999999897e+00,-5.490859000000000378e+00
2.157966000000000051e+00,-5.511484000000000272e+00
2.107528999999999986e+00,-5.529893000000000391e+00
2.056367999999999974e+00,-5.547000999999999848e+00
2.005447000000000202e+00,-5.561878000000000100e+00
1.953875000000000028e+00,-5.575446999999999598e+00
1.902616000000000085e+00,-5.587655999999999956e+00
1.851768999999999998e+00,-5.598455999999999655e+00
1.800448999999999966e+00,-5.607803999999999789e+00
1.748640999999999890e+00,-5.615664999999999907e+00
1.697316999999999965e+00,-5.621137000000000050e+00
1.645594000000000001e+00,-5.625176999999999872e+00
1.594446999999999948e+00,-5.627760000000000318e+00
1.542996000000000034e+00,-5.628002000000000393e+00
1.491233000000000031e+00,-5.626871000000000400e+00
1.440134000000000025e+00,-5.624360000000000248e+00
1.388822999999999919e+00,-5.620466000000000406e+00
1.338278999999999996e+00,-5.614321000000000339e+00
1.287628999999999913e+00,-5.606916000000000011e+00
1.236869999999999914e+00,-5.597391000000000005e+00
1.185999999999999943e+00,-5.586744999999999628e+00
1.135999999999999899e+00,-5.574129000000000111e+00
1.086000000000000076e+00,-5.560548999999999964e+00
1.036000000000000032e+00,-5.545162999999999620e+00
9.859999999999999876e-01,-5.528115999999999808e+00
9.360000000000000542e-01,-5.510428000000000104e+00
8.860000000000000098e-01,-5.492136999999999603e+00
8.359999999999999654e-01,-5.472418000000000227e+00
7.860000000000000320e-01,-5.451435000000000031e+00
7.359999999999999876e-01,-5.429351999999999734e+00
6.860000000000000542e-01,-5.406336999999999726e+00
6.360000000000000098e-01,-5.381577000000000055e+00
5.859999999999999654e-01,-5.356982999999999606e+00
5.360000000000000320e-01,-5.330762000000000000e+00
4.859999999999999876e-01,-5.302976000000000134e+00
4.359999999999999987e-01,-5.274672999999999945e+00
3.860000000000000098e-01,-5.246030000000000193e+00
3.360000000000000209e-01,-5.217117000000000004e+00
2.859999999999999765e-01,-5.187019000000000268e+00
2.359999999999999876e-01,-5.155807000000000251e+00
1.859999999999999987e-01,-5.124535999999999980e+00
1.360000000000000098e-01,-5.092408999999999963e+00
8.599999999999999312e-02,-5.060369999999999813e+00
3.599999999999999728e-02,-5.027510999999999619e+00
-1.400000000000000029e-02,-4.994892000000000110e+00
-6.400000000000000133e-02,-4.961721999999999966e+00
-1.140000000000000041e-01,-4.928080999999999712e+00
-1.640000000000000069e-01,-4.894046999999999592e+00
-2.139999999999999958e-01,-4.860684000000000005e+00
-2.640000000000000124e-01,-4.827202999999999911e+00
-3.140000000000000013e-01,-4.793688000000000393e+00
-3.639999999999999902e-01,-4.759349000000000274e+00
-4.139999999999999791e-01,-4.726233999999999824e+00
-4.640000000000000235e-01,-4.693556000000000061e+00
-5.140000000000000124e-01,-4.661397000000000013e+00
-5.639999999999999458e-01,-4.629837000000000202e+00
-6.139999999999999902e-01,-4.598088999999999871e+00
-6.640000000000000346e-01,-4.567217000000000304e+00
-7.139999999999999680e-01,-4.538283999999999985e+00
-7.640000000000000124e-01,-4.510500999999999650e+00
-8.139999999999999458e-01,-4.483081999999999567e+00
-8.639999999999999902e-01,-4.457087999999999717e+00
-9.140000000000000346e-01,-4.431614999999999860e+00
-9.639999999999999680e-01,-4.406740000000000101e+00
-1.014000000000000012e+00,-4.383518999999999721e+00
-1.064000000000000057e+00,-4.360172000000000381e+00
-1.114000000000000101e+00,-4.338621999999999979e+00
-1.163999999999999924e+00,-4.318934999999999746e+00
-1.213999999999999968e+00,-4.300195999999999685e+00
-1.264000000000000012e+00,-4.281483999999999845e+00
-1.314000000000000057e+00,-4.264713999999999672e+00
-1.364000000000000101e+00,-4.249945000000000306e+00
-1.413999999999999924e+00,-4.235382000000000424e+00
-1.463999999999999968e+00,-4.221948000000000256e+00
-1.514000000000000012e+00,-4.209578999999999738e+00
-1.564000000000000057e+00,-4.198324999999999640e+00
-1.614000000000000101e+00,-4.189213999999999771e+00
-1.663999999999999924e+00,-4.181307999999999581e+00
-1.713999999999999968e+00,-4.174534000000000411e+00
-1.764000000000000012e+00,-4.168816999999999773e+00
-1.814000000000000057e+00,-4.164194000000000173e+00
-1.864000000000000101e+00,-4.160699000000000147e+00
-1.913999999999999924e+00,-4.158248999999999640e+00
-1.963999999999999968e+00,-4.157742999999999967e+00
-2.013999999999999790e+00,-4.158222000000000307e+00
-2.064000000000000057e+00,-4.160585000000000200e+00
-2.113999999999999879e+00,-4.163870000000000182e+00
-2.164000000000000146e+00,-4.167987000000000108e+00
-2.213999999999999968e+00,-4.171969999999999956e+00
-2.263999999999999790e+00,-4.176705000000000112e+00
-2.314000000000000057e+00,-4.182087000000000110e+00
-2.363999999999999879e+00,-4.188996000000000386e+00
-2.414000000000000146e+00,-4.196456000000000408e+00
-2.463999999999999968e+00,-4.203486999999999973e+00
-2.513999999999999790e+00,-4.211943999999999910e+00
-2.564000000000000057e+00,-4.220843000000000345e+00
-2.613999999999999879e+00,-4.229195999999999955e+00
-2.664000000000000146e+00,-4.236995000000000289e+00
-2.713999999999999968e+00,-4.246081000000000216e+00
-2.763999999999999790e+00,-4.255454000000000292e+00
-2.814000000000000057e+00,-4.265967999999999982e+00
-2.863999999999999879e+00,-4.276621999999999701e+00
-2.914000000000000146e+00,-4.289136000000000060e+00
-2.963999999999999968e+00,-4.301523999999999681e+00
-3.013999999999999790e+00,-4.314636000000000138e+00
-3.064000000000000057e+00,-4.328452999999999662e+00
-3.113999999999999879e+00,-4.341971000000000025e+00
-3.164000000000000146e+00,-4.355921999999999628e+00
-3.213999999999999968e+00,-4.370168999999999748e+00
-3.263999999999999790e+00,-4.384691000000000116e+00
-3.314000000000000057e+00,-4.399462999999999901e+00
-3.363999999999999879e+00,-4.414464999999999861e+00
-3.414000000000000146e+00,-4.430543000000000120e+00
-3.463999999999999968e+00,-4.445707999999999771e+00
-3.513999999999999790e+00,-4.460808000000000106e+00
-3.564000000000000057e+00,-4.475820999999999827e+00
-3.613999999999999879e+00,-4.491594000000000086e+00
-3.664000000000000146e+00,-4.507121999999999851e+00
-3.713999999999999968e+00,-4.522272000000000070e+00
-3.763999999999999790e+00,-4.537779999999999703e+00
-3.814000000000000057e+00,-4.552643999999999913e+00
-3.863999999999999879e+00,-4.566845999999999961e+00
-3.914000000000000146e+00,-4.581241999999999592e+00
-3.963999999999999968e+00,-4.593846000000000096e+00
-4.014000000000000234e+00,-4.606383000000000116e+00
-4.064000000000000057e+00,-4.618723000000000134e+00
-4.113999999999999879e+00,-4.629871999999999765e+00
-4.163999999999999702e+00,-4.640687999999999924e+00
-4.214000000000000412e+00,-4.651048000000000293e+00
-4.264000000000000234e+00,-4.659963000000000299e+00
-4.314000000000000057e+00,-4.668294999999999639e+00
-4.363999999999999879e+00,-4.675929000000000002e+00
-4.413999999999999702e+00,-4.683735000000000426e+00
-4.464000000000000412e+00,-4.689861999999999753e+00
-4.514000000000000234e+00,-4.695187999999999917e+00
-4.564000000000000057e+00,-4.699606000000000172e+00
-4.613999999999999879e+00,-4.703013999999999584e+00
-4.663999999999999702e+00,-4.705424999999999969e+00
-4.714000000000000412e+00,-4.706856000000000151e+00
-4.764000000000000234e+00,-4.707212000000000174e+00
-4.814000000000000057e+00,-4.706402999999999892e+00
-4.864869999999999806e+00,-4.705322999999999922e+00
-4.915629000000000026e+00,-4.703019000000000283e+00
-4.966279000000000110e+00,-4.699410000000000309e+00
-5.016822999999999588e+00,-4.694533999999999985e+00
-5.067262999999999629e+00,-4.688430000000000319e+00
-5.118473999999999968e+00,-4.682008999999999865e+00
-5.169476000000000404e+00,-4.674337000000000408e+00
-5.220273999999999859e+00,-4.665347999999999828e+00
-5.270875000000000199e+00,-4.654982999999999649e+00
-5.321284000000000347e+00,-4.643297999999999703e+00
-5.371506000000000114e+00,-4.630352000000000245e+00
-5.422418000000000404e+00,-4.616094000000000364e+00
-5.473042999999999658e+00,-4.601456999999999908e+00
-5.524259999999999948e+00,-4.585529000000000188e+00
-5.575095000000000134e+00,-4.568267999999999773e+00
-5.625561000000000256e+00,-4.550620000000000331e+00
-5.675667999999999935e+00,-4.531684000000000268e+00
-5.725427999999999962e+00,-4.511428000000000438e+00
-5.774850999999999956e+00,-4.489828000000000152e+00
-5.823949999999999960e+00,-4.466858000000000217e+00
-5.872734999999999594e+00,-4.443482000000000376e+00
-5.922088999999999714e+00,-4.418814000000000242e+00
-5.971039000000000208e+00,-4.392840999999999774e+00
-6.019601999999999897e+00,-4.365554000000000379e+00
-6.067789999999999573e+00,-4.336946000000000190e+00
-6.115618000000000443e+00,-4.307012000000000285e+00
-6.163971000000000089e+00,-4.275750000000000384e+00
-6.211879999999999846e+00,-4.243164000000000158e+00
-6.259362000000000315e+00,-4.210239999999999760e+00
-6.306434999999999569e+00,-4.176118999999999915e+00
-6.353985999999999912e+00,-4.140812999999999633e+00
-6.401919000000000359e+00,-4.104339000000000404e+00
-6.450143999999999878e+00,-4.066714000000000162e+00
-6.497700000000000031e+00,-4.028944000000000081e+00
-6.544615000000000293e+00,-3.990186000000000011e+00
-6.591782000000000252e+00,-3.950469000000000008e+00
-6.638245999999999647e+00,-3.910810999999999815e+00
-6.684904999999999653e+00,-3.871363999999999805e+00
-6.731676000000000215e+00,-3.831300999999999846e+00
-6.777608999999999995e+00,-3.790668999999999844e+00
-6.823605999999999838e+00,-3.749518999999999824e+00
-6.868720999999999854e+00,-3.707901000000000113e+00
-6.913859999999999673e+00,-3.664886000000000088e+00
-6.958948999999999607e+00,-3.621399999999999952e+00
-7.003915000000000113e+00,-3.577500999999999820e+00
-7.047818999999999612e+00,-3.533249000000000084e+00
-7.091577000000000019e+00,-3.488706999999999780e+00
-7.135120999999999825e+00,-3.442959000000000103e+00
-7.178389000000000131e+00,-3.396939000000000153e+00
-7.220449999999999591e+00,-3.350718000000000085e+00
-7.262228000000000350e+00,-3.304367000000000054e+00
-7.303663000000000238e+00,-3.257962000000000025e+00
-7.344702999999999982e+00,-3.210593999999999948e+00
-7.385292999999999886e+00,-3.163212999999999830e+00
-7.424515000000000420e+00,-3.115899000000000196e+00
-7.463303999999999938e+00,-3.068734000000000073e+00
-7.501612999999999865e+00,-3.020821999999999896e+00
-7.539399000000000406e+00,-2.973116999999999788e+00
-7.576620000000000132e+00,-2.924723999999999879e+00
-7.613237999999999950e+00,-2.875617999999999785e+00
-7.649218000000000295e+00,-2.826757999999999882e+00
-7.684528000000000247e+00,-2.778236000000000150e+00
-7.719136999999999915e+00,-2.729162000000000088e+00
-7.752150000000000318e+00,-2.680499999999999883e+00
-7.784523000000000081e+00,-2.631364000000000036e+00
-7.816233000000000430e+00,-2.581736999999999949e+00
-7.847258000000000067e+00,-2.532585000000000086e+00
-7.877580000000000027e+00,-2.483026000000000177e+00
-7.907182999999999851e+00,-2.433044000000000207e+00
-7.936055999999999777e+00,-2.383611000000000146e+00
-7.965056999999999832e+00,-2.333844000000000030e+00
-7.994068999999999647e+00,-2.283732999999999791e+00
-8.022978999999999417e+00,-2.233265999999999973e+00
-8.051678000000000779e+00,-2.183415999999999801e+00
-8.080066999999999666e+00,-2.133305000000000007e+00
-8.108046999999999116e+00,-2.082053999999999849e+00
-8.135529999999999262e+00,-2.030637000000000025e+00
-8.162430000000000518e+00,-1.979155999999999915e+00
-8.188667999999999836e+00,-1.926844000000000001e+00
-8.214171000000000333e+00,-1.873801999999999968e+00
-8.238870999999999611e+00,-1.820996999999999977e+00
-8.261722000000000676e+00,-1.768413000000000013e+00
-8.283533999999999509e+00,-1.716032000000000002e+00
-8.304252999999999219e+00,-1.662967000000000084e+00
-8.323831999999999454e+00,-1.610297000000000089e+00
-8.342228999999999672e+00,-1.557247999999999966e+00
-8.358420999999999879e+00,-1.503910000000000080e+00
-8.373245000000000715e+00,-1.450371999999999995e+00
-8.386673999999999296e+00,-1.397591999999999945e+00
-8.398683000000000121e+00,-1.344670000000000032e+00
-8.409257999999999456e+00,-1.292674000000000101e+00
-8.418385000000000673e+00,-1.240817999999999977e+00
-8.425074999999999648e+00,-1.189181999999999961e+00
-8.430196000000000467e+00,-1.137844000000000078e+00
-8.432764999999999844e+00,-1.086878000000000011e+00
-8.433659000000000461e+00,-1.036356999999999973e+00
-8.432888000000000162e+00,-9.863490000000000313e-01
-8.430469999999999686e+00,-9.369210000000000038e-01
-8.426427000000000334e+00,-8.881379999999999830e-01
-8.420787000000000688e+00,-8.400579999999999714e-01
-8.413584999999999425e+00,-7.927410000000000290e-01
-8.404859999999999332e+00,-7.462410000000000432e-01
-8.393672999999999718e+00,-7.006099999999999550e-01
-8.380940999999999974e+00,-6.558990000000000098e-01
-8.366718000000000544e+00,-6.121529999999999472e-01
-8.351063999999999155e+00,-5.694169999999999510e-01
-8.334044000000000452e+00,-5.277309999999999501e-01
-8.314742999999999995e+00,-4.871329999999999827e-01
-8.294105999999999312e+00,-4.476600000000000024e-01
-8.272211000000000425e+00,-4.093419999999999837e-01
-8.249143000000000114e+00,-3.722110000000000141e-01
-8.224009000000000569e+00,-3.362919999999999798e-01
-8.196785000000000210e+00,-3.016090000000000160e-01
-8.167455999999999605e+00,-2.681850000000000067e-01
-8.136988000000000554e+00,-2.360369999999999968e-01
-8.105487999999999360e+00,-2.051810000000000023e-01
-8.072079999999999700e+00,-1.756290000000000073e-01
-8.037748000000000559e+00,-1.473919999999999952e-01
-8.001625000000000654e+00,-1.204759999999999998e-01
-7.963720000000000354e+00,-9.488599999999999812e-02
-7.925024999999999764e+00,-7.062300000000000522e-02
-7.884686999999999557e+00,-4.768599999999999922e-02
-7.843708000000000347e+00,-2.606999999999999942e-02
-7.801243000000000372e+00,-5.767999999999999690e-03
-7.757317999999999714e+00,1.322899999999999944e-02
-7.711962999999999901e+00,3.093399999999999969e-02
-7.666193999999999953e+00,4.736300000000000232e-02
-7.619181000000000203e+00,6.253400000000000625e-02
-7.570962999999999887e+00,7.646799999999999431e-02
-7.521583999999999826e+00,8.918900000000000439e-02
-7.472076999999999636e+00,1.007249999999999951e-01
-7.421622000000000163e+00,1.111039999999999944e-01
-7.370275000000000354e+00,1.203599999999999948e-01
-7.318093000000000181e+00,1.285270000000000024e-01
-7.265138000000000318e+00,1.347740000000000049e-01
-7.212457999999999814e+00,1.409930000000000072e-01
-7.159251000000000253e+00,1.471129999999999938e-01
-7.105589000000000155e+00,1.530710000000000126e-01
-7.051548999999999623e+00,1.579349999999999921e-01
-6.997206000000000259e+00,1.617649999999999921e-01
-6.942641000000000062e+00,1.646209999999999896e-01
-6.887939000000000256e+00,1.665669999999999928e-01
-6.833185000000000286e+00,1.676680000000000115e-01
-6.778467000000000020e+00,1.679940000000000044e-01
-6.724863000000000035e+00,1.676169999999999882e-01
-6.671599999999999753e+00,1.666120000000000101e-01
-6.618776999999999688e+00,1.650570000000000093e-01
-6.566499000000000308e+00,1.630320000000000102e-01
-6.514870000000000161e+00,1.606200000000000128e-01
-6.464000000000000412e+00,1.579069999999999918e-01
-6.413999999999999702e+00,1.549840000000000106e-01
-6.363999999999999879e+00,1.519399999999999917e-01
-6.314000000000000057e+00,1.488710000000000033e-01
-6.264000000000000234e+00,1.458740000000000037e-01
-6.214000000000000412e+00,1.430510000000000115e-01
-6.163999999999999702e+00,1.405019999999999880e-01
-6.113999999999999879e+00,1.373510000000000009e-01
-6.064000000000000057e+00,1.345729999999999982e-01
-6.014000000000000234e+00,1.312919999999999920e-01
-5.964000000000000412e+00,1.275030000000000052e-01
-5.913999999999999702e+00,1.231990000000000030e-01
-5.863999999999999879e+00,1.193609999999999949e-01
-5.814000000000000057e+00,1.160989999999999939e-01
-5.764000000000000234e+00,1.135280000000000039e-01
-5.714000000000000412e+00,1.107800000000000035e-01
-5.663999999999999702e+00,1.078589999999999965e-01
-5.613999999999999879e+00,1.047659999999999980e-01
-5.564000000000000057e+00,1.006360000000000032e-01
-5.514000000000000234e+00,9.645199999999999607e-02
-5.464000000000000412e+00,9.232799999999999341e-02
-5.413999999999999702e+00,8.751000000000000445e-02
-5.363999999999999879e+00,8.210800000000000043e-02
-5.314000000000000057e+00,7.710200000000000387e-02
-5.264000000000000234e+00,7.248499999999999388e-02
-5.214000000000000412e+00,6.825199999999999323e-02
-5.163999999999999702e+00,6.439799999999999691e-02
-5.113999999999999879e+00,6.091599999999999793e-02
-5.064000000000000057e+00,5.780199999999999921e-02
-5.014000000000000234e+00,5.504900000000000071e-02
-4.964000000000000412e+00,5.265199999999999741e-02
-4.913999999999999702e+00,5.060599999999999821e-02
-4.863999999999999879e+00,4.890300000000000202e-02
-4.814000000000000057e+00,4.753999999999999893e-02
-4.764000000000000234e+00,4.651000000000000273e-02
-4.714000000000000412e+00,4.580800000000000149e-02
-4.663999999999999702e+00,4.542700000000000210e-02
-4.613999999999999879e+00,4.536300000000000054e-02
-4.564000000000000057e+00,4.560999999999999777e-02
-4.514000000000000234e+00,4.616100000000000064e-02
-4.464000000000000412e+00,4.614200000000000246e-02
-4.413999999999999702e+00,4.652799999999999991e-02
-4.363999999999999879e+00,4.731099999999999889e-02
-4.314000000000000057e+00,4.848199999999999732e-02
-4.264000000000000234e+00,5.003300000000000108e-02
-4.214000000000000412e+00,5.195600000000000218e-02
-4.163999999999999702e+00,5.424099999999999755e-02
-4.113999999999999879e+00,5.688100000000000100e-02
-4.064000000000000057e+00,5.986699999999999661e-02
-4.014000000000000234e+00,6.318999999999999617e-02
-3.963999999999999968e+00,6.684199999999999864e-02
-3.914000000000000146e+00,7.081500000000000294e-02
-3.863999999999999879e+00,7.510000000000000009e-02
-3.814000000000000057e+00,7.968899999999999595e-02
-3.763999999999999790e+00,8.457199999999999440e-02
-3.713999999999999968e+00,8.974300000000000332e-02
-3.664000000000000146e+00,9.519099999999999784e-02
-3.613999999999999879e+00,1.009099999999999997e-01
-3.564000000000000057e+00,1.068889999999999979e-01
-3.513999999999999790e+00,1.131209999999999993e-01
-3.463999999999999968e+00,1.195979999999999960e-01
-3.414000000000000146e+00,1.263100000000000056e-01
-3.363999999999999879e+00,1.332500000000000073e-01
-3.314000000000000057e+00,1.404080000000000050e-01
-3.263999999999999790e+00,1.477769999999999917e-01
-3.213999999999999968e+00,1.553480000000000139e-01
-3.164000000000000146e+00,1.640969999999999929e-01
-3.113999999999999879e+00,1.721640000000000115e-01
-3.064000000000000057e+00,1.794250000000000012e-01
-3.013999999999999790e+00,1.857560000000000044e-01
-2.963999999999999968e+00,1.920119999999999882e-01
-2.914000000000000146e+00,1.981779999999999931e-01
-2.863999999999999879e+00,2.042420000000000069e-01
-2.814000000000000057e+00,2.101880000000000137e-01
-2.763999999999999790e+00,2.160030000000000006e-01
-2.713999999999999968e+00,2.216730000000000089e-01
-2.664000000000000146e+00,2.271829999999999961e-01
-2.613999999999999879e+00,2.325200000000000045e-01
-2.564000000000000057e+00,2.376679999999999904e-01
-2.513999999999999790e+00,2.426149999999999973e-01
-2.463999999999999968e+00,2.473450000000000093e-01
-2.414000000000000146e+00,2.518460000000000143e-01
-2.363999999999999879e+00,2.561019999999999963e-01
-2.314000000000000057e+00,2.600999999999999979e-01
-2.263999999999999790e+00,2.638249999999999762e-01
-2.213999999999999968e+00,2.672629999999999728e-01
-2.164000000000000146e+00,2.704010000000000025e-01
-2.113999999999999879e+00,2.732240000000000224e-01
-2.064000000000000057e+00,2.757180000000000186e-01
-2.013999999999999790e+00,2.778680000000000039e-01
-1.963999999999999968e+00,2.796620000000000217e-01
-1.913999999999999924e+00,2.810840000000000005e-01
-1.864000000000000101e+00,2.821199999999999819e-01
-1.814000000000000057e+00,2.836270000000000180e-01
-1.764000000000000012e+00,2.854789999999999828e-01
-1.713999999999999968e+00,2.866830000000000211e-01
-1.663999999999999924e+00,2.881000000000000227e-01
-1.614000000000000101e+00,2.896110000000000073e-01
-1.564000000000000057e+00,2.902270000000000127e-01
-1.514000000000000012e+00,2.918020000000000058e-01
-1.463999999999999968e+00,2.924829999999999930e-01
-1.413999999999999924e+00,2.932580000000000187e-01
-1.364000000000000101e+00,2.942449999999999788e-01
-1.314000000000000057e+00,2.955699999999999994e-01
-1.264000000000000012e+00,2.963720000000000243e-01
-1.213999999999999968e+00,2.966619999999999813e-01
-1.163999999999999924e+00,2.964530000000000221e-01
-1.114000000000000101e+00,2.957549999999999901e-01
-1.064000000000000057e+00,2.945800000000000085e-01
-1.014000000000000012e+00,2.929390000000000049e-01
-9.639999999999999680e-01,2.908430000000000182e-01
-9.140000000000000346e-01,2.883040000000000047e-01
-8.639999999999999902e-01,2.853319999999999745e-01
-8.139999999999999458e-01,2.819400000000000239e-01
-7.640000000000000124e-01,2.781379999999999963e-01
-7.139999999999999680e-01,2.739380000000000148e-01
-6.640000000000000346e-01,2.693519999999999803e-01
-6.139999999999999902e-01,2.643889999999999851e-01
-5.639999999999999458e-01,2.590620000000000145e-01
-5.140000000000000124e-01,2.533819999999999961e-01
-4.640000000000000235e-01,2.473609999999999975e-01
-4.139999999999999791e-01,2.419930000000000136e-01
-3.639999999999999902e-01,2.364239999999999953e-01
-3.140000000000000013e-01,2.306670000000000109e-01
-2.640000000000000124e-01,2.247359999999999913e-01
-2.139999999999999958e-01,2.177749999999999964e-01
-1.640000000000000069e-01,2.099109999999999865e-01
-1.140000000000000041e-01,2.012649999999999995e-01
-6.400000000000000133e-02,1.919579999999999897e-01
-1.400000000000000029e-02,1.829770000000000008e-01
3.599999999999999728e-02,1.734549999999999981e-01
8.599999999999999312e-02,1.643769999999999953e-01
1.360000000000000098e-01,1.557419999999999916e-01
1.859999999999999987e-01,1.475499999999999867e-01
2.359999999999999876e-01,1.398020000000000096e-01
2.859999999999999765e-01,1.324970000000000037e-01
3.360000000000000209e-01,1.256349999999999967e-01
3.860000000000000098e-01,1.192170000000000035e-01
4.359999999999999987e-01,1.132419999999999954e-01
4.859999999999999876e-01,1.077110000000000012e-01
5.360000000000000320e-01,1.026230000000000059e-01
5.859999999999999654e-01,9.797899999999999665e-02
6.360000000000000098e-01,9.377800000000000025e-02
6.860000000000000542e-01,8.914999999999999314e-02
7.359999999999999876e-01,8.507699999999999985e-02
7.860000000000000320e-01,8.155600000000000349e-02
8.359999999999999654e-01,7.858500000000000207e-02
8.860000000000000098e-01,7.616000000000000547e-02
9.360000000000000542e-01,7.427899999999999781e-02
9.859999999999999876e-01,7.293900000000000383e-02
1.036000000000000032e+00,7.213600000000000567e-02
1.086000000000000076e+00,7.186900000000000233e-02
1.135999999999999899e+00,7.213400000000000367e-02
1.185999999999999943e+00,7.292899999999999383e-02
1.235999999999999988e+00,7.424999999999999656e-02
1.286000000000000032e+00,7.609599999999999698e-02
1.336000000000000076e+00,7.846200000000000396e-02
1.385999999999999899e+00,8.134700000000000264e-02
1.435999999999999943e+00,8.474700000000000288e-02
1.485999999999999988e+00,8.866000000000000270e-02
1.536000000000000032e+00,9.308199999999999807e-02
1.586000000000000076e+00,9.801200000000000190e-02
1.635999999999999899e+00,1.034449999999999953e-01
1.685999999999999943e+00,1.093800000000000050e-01
1.735999999999999988e+00,1.158129999999999993e-01
1.786000000000000032e+00,1.227420000000000039e-01
1.836000000000000076e+00,1.301640000000000019e-01
1.885999999999999899e+00,1.380760000000000043e-01
1.935999999999999943e+00,1.464749999999999941e-01
1.985999999999999988e+00,1.553579999999999961e-01
2.036000000000000032e+00,1.647230000000000083e-01
2.085999999999999854e+00,1.745669999999999999e-01
2.136000000000000121e+00,1.848859999999999948e-01
2.185999999999999943e+00,1.956789999999999918e-01
2.236000000000000210e+00,2.059570000000000012e-01
2.286000000000000032e+00,2.156009999999999871e-01
2.335999999999999854e+00,2.254720000000000057e-01
2.386000000000000121e+00,2.345780000000000087e-01
2.435999999999999943e+00,2.427920000000000078e-01
2.486000000000000210e+00,2.509709999999999996e-01
2.536000000000000032e+00,2.572459999999999747e-01
2.585999999999999854e+00,2.634520000000000195e-01
2.636000000000000121e+00,2.695679999999999743e-01
2.685999999999999943e+00,2.755759999999999876e-01
2.736000000000000210e+00,2.814559999999999840e-01
2.786000000000000032e+00,2.863169999999999882e-01
2.835999999999999854e+00,2.911219999999999919e-01
2.886000000000000121e+00,2.958470000000000266e-01
2.935999999999999943e+00,2.996010000000000062e-01
2.986000000000000210e+00,3.033420000000000005e-01
3.036000000000000032e+00,3.070450000000000124e-01
3.085999999999999854e+00,3.106840000000000157e-01
3.136000000000000121e+00,3.142340000000000133e-01
3.185999999999999943e+00,3.176700000000000079e-01
3.236000000000000210e+00,3.200959999999999916e-01
3.286000000000000032e+00,3.224690000000000056e-01
3.335999999999999854e+00,3.247590000000000199e-01
3.386000000000000121e+00,3.269389999999999796e-01
3.435999999999999943e+00,3.281109999999999860e-01
3.486000000000000210e+00,3.292280000000000206e-01
3.536000000000000032e+00,3.302579999999999960e-01
3.585999999999999854e+00,3.311720000000000219e-01
3.636000000000000121e+00,3.310670000000000002e-01
3.685999999999999943e+00,3.308940000000000214e-01
3.736000000000000210e+00,3.306189999999999962e-01
3.786000000000000032e+00,3.293389999999999929e-01
3.835999999999999854e+00,3.289860000000000007e-01
3.886000000000000121e+00,3.296390000000000153e-01
3.935999999999999943e+00,3.305130000000000012e-01
3.986000000000000210e+00,3.326749999999999985e-01
4.035999999999999588e+00,3.352269999999999972e-01
4.086000000000000298e+00,3.382539999999999991e-01
4.136000000000000121e+00,3.409739999999999993e-01
4.186869999999999870e+00,3.434679999999999955e-01
4.237629000000000090e+00,3.458189999999999875e-01
4.289149000000000100e+00,3.481020000000000225e-01
4.341320999999999763e+00,3.503939999999999833e-01
4.394040999999999642e+00,3.527660000000000240e-01
4.446334000000000231e+00,3.552879999999999927e-01
4.499081999999999582e+00,3.580249999999999821e-01
4.552184999999999704e+00,3.610410000000000008e-01
4.605545000000000222e+00,3.643979999999999997e-01
4.659067000000000291e+00,3.681530000000000080e-01
4.712660999999999767e+00,3.723600000000000243e-01
4.765366000000000213e+00,3.780580000000000052e-01
4.818079000000000001e+00,3.844270000000000187e-01
4.870713000000000292e+00,3.915170000000000039e-01
4.923184000000000005e+00,3.993760000000000088e-01
4.975413999999999781e+00,4.080460000000000198e-01
5.027322999999999986e+00,4.175690000000000235e-01
5.078835999999999906e+00,4.279819999999999736e-01
5.129012999999999600e+00,4.393219999999999903e-01
5.178765000000000285e+00,4.516200000000000214e-01
5.228022000000000169e+00,4.649059999999999859e-01
5.276720000000000077e+00,4.792080000000000228e-01
5.324792999999999665e+00,4.945479999999999876e-01
5.372181999999999569e+00,5.109489999999999865e-01
5.417958999999999747e+00,5.284280000000000088e-01
5.463048999999999822e+00,5.470009999999999595e-01
5.508269000000000304e+00,5.666809999999999903e-01
5.553453000000000195e+00,5.874779999999999447e-01
5.598444999999999894e+00,6.093990000000000240e-01
5.643091000000000079e+00,6.324469999999999814e-01
5.687244999999999884e+00,6.566250000000000142e-01
5.730766000000000027e+00,6.828009999999999913e-01
5.773518000000000150e+00,7.108600000000000474e-01
5.815369999999999706e+00,7.406850000000000378e-01
5.856200000000000294e+00,7.721609999999999863e-01
5.895887000000000100e+00,8.051719999999999988e-01
5.934319999999999595e+00,8.396019999999999595e-01
5.971390999999999671e+00,8.753349999999999742e-01
6.006998000000000282e+00,9.122559999999999558e-01
6.041045000000000442e+00,9.502490000000000103e-01
6.073440999999999867e+00,9.891969999999999930e-01
6.104103000000000279e+00,1.028985999999999956e+00
6.132951000000000263e+00,1.068629999999999969e+00
6.159912000000000276e+00,1.108992999999999896e+00
6.184917000000000442e+00,1.149958000000000036e+00
6.207905000000000229e+00,1.191405999999999965e+00
6.228818999999999662e+00,1.233217999999999925e+00
6.247607999999999606e+00,1.275276000000000076e+00
6.264228000000000129e+00,1.318446000000000007e+00
6.278637999999999941e+00,1.361741000000000090e+00
6.290804999999999758e+00,1.405046000000000017e+00
6.300699999999999967e+00,1.448245000000000005e+00
6.308301000000000158e+00,1.491222999999999965e+00
6.313590999999999731e+00,1.534847999999999990e+00
6.316558999999999813e+00,1.578135999999999983e+00
6.317198000000000313e+00,1.620975000000000055e+00
6.315509999999999735e+00,1.664236999999999966e+00
6.311499000000000414e+00,1.706941999999999959e+00
6.305177999999999727e+00,1.748977999999999922e+00
6.296561999999999770e+00,1.791106000000000087e+00
6.285674000000000206e+00,1.832235000000000058e+00
6.272543999999999897e+00,1.872255999999999920e+00
6.257203999999999766e+00,1.912047000000000052e+00
6.239694000000000074e+00,1.950633999999999979e+00
6.220059000000000005e+00,1.987911999999999901e+00
6.198349999999999582e+00,2.023776999999999937e+00
6.174624999999999808e+00,2.059108000000000160e+00
6.148943000000000048e+00,2.092932999999999932e+00
6.121374999999999567e+00,2.125151999999999930e+00
6.091992000000000296e+00,2.155661999999999967e+00
6.060875000000000234e+00,2.185346000000000011e+00
6.028107000000000326e+00,2.213235000000000063e+00
5.993780000000000108e+00,2.239231000000000193e+00
5.957989000000000424e+00,2.264219000000000204e+00
5.920835000000000292e+00,2.287231999999999932e+00
5.882426999999999850e+00,2.308176000000000005e+00
5.842876999999999654e+00,2.327936999999999923e+00
5.802304000000000350e+00,2.345553999999999917e+00
5.760831999999999731e+00,2.360933000000000170e+00
5.718589999999999840e+00,2.374963999999999853e+00
5.675716000000000427e+00,2.387672999999999934e+00
5.631363999999999592e+00,2.399086000000000052e+00
5.586549999999999905e+00,2.409231999999999818e+00
5.540437999999999974e+00,2.418144999999999989e+00
5.493066999999999922e+00,2.426728999999999914e+00
5.444478000000000151e+00,2.434041000000000121e+00
5.395698999999999579e+00,2.440123999999999960e+00
5.345908999999999800e+00,2.445025999999999922e+00
5.295160000000000089e+00,2.448796000000000195e+00
5.243508000000000280e+00,2.451486000000000054e+00
5.191010000000000346e+00,2.453151000000000082e+00
5.137726999999999933e+00,2.453848999999999947e+00
5.084708000000000006e+00,2.453640000000000043e+00
5.031151000000000373e+00,2.452589000000000130e+00
4.977128000000000441e+00,2.450762000000000107e+00
4.922714000000000034e+00,2.448227000000000153e+00
4.867987000000000286e+00,2.445056999999999814e+00
4.813028000000000084e+00,2.441326999999999803e+00
4.757919000000000231e+00,2.437113999999999780e+00
4.703731000000000328e+00,2.432498999999999967e+00
4.649685999999999986e+00,2.427564999999999973e+00
4.595879000000000048e+00,2.422397999999999829e+00
4.542405999999999722e+00,2.417088000000000125e+00
4.489368999999999943e+00,2.411725000000000119e+00
4.436869999999999870e+00,2.406406000000000045e+00
4.386000000000000121e+00,2.401225999999999861e+00
4.336000000000000298e+00,2.396287000000000056e+00
4.285999999999999588e+00,2.391690999999999789e+00
4.235999999999999766e+00,2.387544000000000111e+00
4.185999999999999943e+00,2.383955999999999964e+00
4.136000000000000121e+00,2.381037000000000070e+00
4.086000000000000298e+00,2.378902000000000072e+00
4.035999999999999588e+00,2.375814000000000092e+00
3.986000000000000210e+00,2.371885999999999939e+00
3.935999999999999943e+00,2.367230999999999863e+00
3.886000000000000121e+00,2.362827999999999928e+00
3.835999999999999854e+00,2.357800000000000118e+00
3.786000000000000032e+00,2.353123000000000076e+00
3.736000000000000210e+00,2.348790000000000155e+00
3.685999999999999943e+00,2.344791999999999987e+00
3.636000000000000121e+00,2.341118999999999950e+00
3.585999999999999854e+00,2.337765000000000093e+00
3.536000000000000032e+00,2.334719000000000211e+00
3.486000000000000210e+00,2.332958999999999783e+00
3.435999999999999943e+00,2.331608999999999821e+00
3.386000000000000121e+00,2.330661999999999789e+00
3.335999999999999854e+00,2.330114000000000019e+00
3.286000000000000032e+00,2.329957999999999974e+00
3.236000000000000210e+00,2.330188999999999844e+00
3.185999999999999943e+00,2.330801000000000123e+00
3.136000000000000121e+00,2.331789000000000112e+00
3.085999999999999854e+00,2.333146999999999860e+00
3.036000000000000032e+00,2.334868999999999861e+00
2.986000000000000210e+00,2.336949999999999861e+00
2.935999999999999943e+00,2.339383999999999908e+00
2.886000000000000121e+00,2.342165000000000052e+00
2.835999999999999854e+00,2.345288000000000039e+00
2.786000000000000032e+00,2.348746999999999918e+00
2.736000000000000210e+00,2.352536999999999878e+00
2.685999999999999943e+00,2.356650999999999829e+00
2.636000000000000121e+00,2.360100000000000087e+00
2.585999999999999854e+00,2.363745000000000207e+00
2.536000000000000032e+00,2.367577999999999960e+00
2.486000000000000210e+00,2.372460999999999931e+00
2.435999999999999943e+00,2.377403000000000155e+00
2.386000000000000121e+00,2.383268999999999860e+00
2.335999999999999854e+00,2.389940999999999871e+00
2.286000000000000032e+00,2.396434999999999871e+00
2.236000000000000210e+00,2.403621999999999925e+00
2.185999999999999943e+00,2.410518999999999856e+00
2.136000000000000121e+00,2.417129000000000083e+00
2.085999999999999854e+00,2.423455999999999833e+00
2.036000000000000032e+00,2.429501000000000133e+00
1.985999999999999988e+00,2.435268999999999906e+00
1.935999999999999943e+00,2.440761000000000180e+00
1.885999999999999899e+00,2.445980000000000043e+00
1.836000000000000076e+00,2.450930000000000053e+00
1.786000000000000032e+00,2.456482999999999972e+00
1.735999999999999988e+00,2.461660000000000181e+00
1.685999999999999943e+00,2.466467999999999883e+00
1.635999999999999899e+00,2.470911000000000080e+00
1.586000000000000076e+00,2.474994999999999834e+00
1.536000000000000032e+00,2.478727000000000125e+00
1.485999999999999988e+00,2.482111000000000178e+00
1.435999999999999943e+00,2.485152999999999945e+00
1.385999999999999899e+00,2.486874999999999947e+00
1.336000000000000076e+00,2.488148999999999944e+00
1.286000000000000032e+00,2.488977999999999913e+00
1.235999999999999988e+00,2.489364999999999828e+00
1.185999999999999943e+00,2.489313000000000109e+00
1.135999999999999899e+00,2.488824999999999843e+00
1.086000000000000076e+00,2.487903000000000198e+00
1.036000000000000032e+00,2.486549999999999816e+00
9.859999999999999876e-01,2.484770000000000145e+00
9.360000000000000542e-01,2.482563999999999993e+00
8.860000000000000098e-01,2.479937000000000058e+00
8.359999999999999654e-01,2.476890000000000036e+00
7.860000000000000320e-01,2.473425999999999902e+00
7.359999999999999876e-01,2.469549000000000216e+00
6.860000000000000542e-01,2.465259999999999785e+00
6.360000000000000098e-01,2.460564000000000195e+00
5.859999999999999654e-01,2.455461999999999811e+00
5.360000000000000320e-01,2.449958000000000080e+00
4.859999999999999876e-01,2.444053999999999949e+00
4.359999999999999987e-01,2.437753999999999976e+00
3.860000000000000098e-01,2.431058999999999859e+00
3.360000000000000209e-01,2.423973000000000155e+00
2.859999999999999765e-01,2.416498999999999953e+00
2.359999999999999876e-01,2.408640000000000114e+00
1.859999999999999987e-01,2.400398000000000032e+00
1.360000000000000098e-01,2.391774999999999984e+00
8.599999999999999312e-02,2.382775999999999783e+00
3.599999999999999728e-02,2.373403000000000151e+00
-1.400000000000000029e-02,2.364643000000000050e+00
-6.400000000000000133e-02,2.356615999999999822e+00
-1.140000000000000041e-01,2.349444999999999784e+00
-1.640000000000000069e-01,2.342271000000000214e+00
-2.139999999999999958e-01,2.336090000000000000e+00
-2.640000000000000124e-01,2.330045999999999840e+00
-3.140000000000000013e-01,2.324152999999999913e+00
-3.639999999999999902e-01,2.318426000000000098e+00
-4.139999999999999791e-01,2.312877999999999989e+00
-4.640000000000000235e-01,2.307523000000000213e+00
-5.140000000000000124e-01,2.302376000000000200e+00
-5.639999999999999458e-01,2.297449999999999992e+00
-6.139999999999999902e-01,2.292759999999999909e+00
-6.640000000000000346e-01,2.288320999999999827e+00
-7.139999999999999680e-01,2.284145000000000092e+00
-7.640000000000000124e-01,2.280247999999999831e+00
-8.139999999999999458e-01,2.276642999999999972e+00
-8.639999999999999902e-01,2.273343999999999809e+00
-9.140000000000000346e-01,2.270366000000000106e+00
-9.639999999999999680e-01,2.267722000000000016e+00
-1.014000000000000012e+00,2.265427999999999997e+00
-1.064000000000000057e+00,2.263495999999999952e+00
-1.114000000000000101e+00,2.261941000000000201e+00
-1.163999999999999924e+00,2.260777000000000037e+00
-1.213999999999999968e+00,2.260018999999999778e+00
-1.264000000000000012e+00,2.259679999999999911e+00
-1.314000000000000057e+00,2.259774999999999867e+00
-1.364000000000000101e+00,2.260317000000000132e+00
-1.413999999999999924e+00,2.260451000000000210e+00
-1.463999999999999968e+00,2.260301999999999811e+00
-1.514000000000000012e+00,2.259993000000000141e+00
-1.564000000000000057e+00,2.259530999999999956e+00
-1.614000000000000101e+00,2.259786000000000072e+00
-1.663999999999999924e+00,2.258909000000000056e+00
-1.713999999999999968e+00,2.257766000000000162e+00
-1.764000000000000012e+00,2.257222000000000062e+00
-1.814000000000000057e+00,2.256285999999999792e+00
-1.864000000000000101e+00,2.255821000000000076e+00
-1.913999999999999924e+00,2.255816999999999961e+00
-1.963999999999999968e+00,2.256266999999999801e+00
-2.013999999999999790e+00,2.257160999999999973e+00
-2.064000000000000057e+00,2.259361999999999870e+00
-2.113999999999999879e+00,2.261878999999999973e+00
-2.164000000000000146e+00,2.264707000000000026e+00
-2.213999999999999968e+00,2.267840000000000078e+00
-2.263999999999999790e+00,2.270287999999999862e+00
-2.314000000000000057e+00,2.272911999999999821e+00
-2.363999999999999879e+00,2.275704999999999867e+00
-2.414000000000000146e+00,2.278656999999999933e+00
-2.463999999999999968e+00,2.281759999999999788e+00
-2.513999999999999790e+00,2.285004999999999953e+00
-2.564000000000000057e+00,2.288384999999999891e+00
-2.613999999999999879e+00,2.291889999999999983e+00
-2.664000000000000146e+00,2.295513000000000137e+00
-2.713999999999999968e+00,2.299243999999999843e+00
-2.763999999999999790e+00,2.303075999999999901e+00
-2.814000000000000057e+00,2.306998999999999800e+00
-2.863999999999999879e+00,2.311005999999999894e+00
-2.914000000000000146e+00,2.315958000000000183e+00
-2.963999999999999968e+00,2.321734999999999882e+00
-3.013999999999999790e+00,2.328218999999999816e+00
-3.064000000000000057e+00,2.335297000000000178e+00
-3.113999999999999879e+00,2.342856999999999967e+00
-3.164000000000000146e+00,2.350788999999999795e+00
-3.213999999999999968e+00,2.358118999999999854e+00
-3.263999999999999790e+00,2.364853999999999790e+00
-3.314000000000000057e+00,2.371002999999999972e+00
-3.363999999999999879e+00,2.376574999999999882e+00
-3.414000000000000146e+00,2.381578000000000195e+00
-3.463999999999999968e+00,2.386019999999999808e+00
-3.513999999999999790e+00,2.389908999999999839e+00
-3.564000000000000057e+00,2.393256000000000050e+00
-3.613999999999999879e+00,2.396066999999999947e+00
-3.664000000000000146e+00,2.398350999999999900e+00
-3.713999999999999968e+00,2.400116999999999834e+00
-3.763999999999999790e+00,2.401372999999999980e+00
-3.814000000000000057e+00,2.402127999999999819e+00
-3.863999999999999879e+00,2.402390000000000025e+00
-3.914000000000000146e+00,2.402168000000000081e+00
-3.963999999999999968e+00,2.401470000000000216e+00
-4.014000000000000234e+00,2.400304000000000215e+00
-4.064000000000000057e+00,2.398680000000000145e+00
-4.113999999999999879e+00,2.396605000000000096e+00
-4.163999999999999702e+00,2.394087999999999994e+00
-4.214000000000000412e+00,2.391137000000000068e+00
-4.264000000000000234e+00,2.387761999999999940e+00
-4.314000000000000057e+00,2.383969000000000005e+00
-4.363999999999999879e+00,2.379769000000000023e+00
-4.413999999999999702e+00,2.375169000000000086e+00
-4.464000000000000412e+00,2.370178000000000118e+00
-4.514000000000000234e+00,2.364805000000000046e+00
-4.564000000000000057e+00,2.359056999999999960e+00
-4.613999999999999879e+00,2.352942999999999785e+00
-4.663999999999999702e+00,2.346471999999999891e+00
-4.714000000000000412e+00,2.339653000000000205e+00
-4.764000000000000234e+00,2.332492999999999927e+00
-4.814000000000000057e+00,2.325000999999999873e+00
-4.863999999999999879e+00,2.317185999999999968e+00
-4.913999999999999702e+00,2.309054999999999858e+00
-4.964000000000000412e+00,2.300619000000000192e+00
-5.014000000000000234e+00,2.291884000000000032e+00
-5.064000000000000057e+00,2.282859999999999889e+00
-5.113999999999999879e+00,2.273554999999999993e+00
-5.163999999999999702e+00,2.263977999999999824e+00
-5.214000000000000412e+00,2.254135999999999918e+00
-5.264000000000000234e+00,2.244038999999999895e+00
-5.314000000000000057e+00,2.233694999999999986e+00
-5.363999999999999879e+00,2.223111999999999977e+00
-5.413999999999999702e+00,2.212298999999999793e+00
-5.464000000000000412e+00,2.202247999999999983e+00
-5.514000000000000234e+00,2.193086000000000091e+00
-5.564000000000000057e+00,2.184941999999999940e+00
-5.613999999999999879e+00,2.176960999999999924e+00
-5.663999999999999702e+00,2.169160000000000199e+00
-5.714000000000000412e+00,2.162542000000000186e+00
-5.764000000000000234e+00,2.156255999999999950e+00
-5.814000000000000057e+00,2.150322000000000067e+00
-5.863999999999999879e+00,2.144757999999999942e+00
-5.913999999999999702e+00,2.139585999999999988e+00
-5.964000000000000412e+00,2.135695000000000121e+00
-6.014000000000000234e+00,2.132124000000000130e+00
-6.064000000000000057e+00,2.128893000000000146e+00
-6.113999999999999879e+00,2.125042999999999793e+00
-6.163999999999999702e+00,2.121462999999999877e+00
-6.214000000000000412e+00,2.118171999999999944e+00
-6.264000000000000234e+00,2.115190000000000126e+00
-6.314000000000000057e+00,2.112537000000000109e+00
-6.363999999999999879e+00,2.110233000000000025e+00
-6.413999999999999702e+00,2.108296999999999866e+00
-6.464000000000000412e+00,2.106749999999999901e+00
-6.514000000000000234e+00,2.105611000000000121e+00
-6.564000000000000057e+00,2.104900000000000215e+00
-6.613999999999999879e+00,2.104636999999999869e+00
-6.663999999999999702e+00,2.104840999999999962e+00
-6.714000000000000412e+00,2.105532000000000181e+00
-6.764000000000000234e+00,2.106730000000000214e+00
-6.814000000000000057e+00,2.108454000000000050e+00
-6.863999999999999879e+00,2.110726000000000102e+00
-6.913999999999999702e+00,2.113563000000000081e+00
-6.964000000000000412e+00,2.116001999999999938e+00
-7.014000000000000234e+00,2.117945000000000189e+00
-7.064000000000000057e+00,2.119292000000000176e+00
-7.113999999999999879e+00,2.119940000000000158e+00
-7.163999999999999702e+00,2.119781999999999833e+00
-7.214000000000000412e+00,2.118710999999999789e+00
-7.264000000000000234e+00,2.117598000000000091e+00
-7.314000000000000057e+00,2.116448000000000107e+00
-7.363999999999999879e+00,2.115261999999999976e+00
-7.413999999999999702e+00,2.114043000000000117e+00
-7.464000000000000412e+00,2.112795000000000201e+00
-7.514000000000000234e+00,2.111520000000000064e+00
-7.564000000000000057e+00,2.110221999999999820e+00
-7.613999999999999879e+00,2.109771999999999981e+00
-7.663999999999999702e+00,2.109192000000000178e+00
-7.714000000000000412e+00,2.108487999999999918e+00
-7.764000000000000234e+00,2.107664999999999900e+00
-7.814000000000000057e+00,2.106729000000000074e+00
-7.863999999999999879e+00,2.105685999999999947e+00
-7.913999999999999702e+00,2.104541999999999913e+00
-7.964000000000000412e+00,2.103301000000000087e+00
-8.013999999999999346e+00,2.101970000000000116e+00
-8.064000000000000057e+00,2.100553999999999810e+00
-8.114000000000000767e+00,2.099059000000000008e+00
-8.163999999999999702e+00,2.097491000000000216e+00
-8.214000000000000412e+00,2.095854999999999801e+00
-8.263999999999999346e+00,2.095026999999999973e+00
-8.314000000000000057e+00,2.094031000000000198e+00
-8.364000000000000767e+00,2.092874999999999819e+00
-8.413999999999999702e+00,2.091568000000000094e+00
-8.464000000000000412e+00,2.090119000000000060e+00
-8.513999999999999346e+00,2.088534999999999808e+00
-8.564000000000000057e+00,2.086825999999999848e+00
-8.614000000000000767e+00,2.084999999999999964e+00
-8.663999999999999702e+00,2.083064999999999944e+00
-8.714000000000000412e+00,2.081029000000000018e+00
-8.763999999999999346e+00,2.079772000000000176e+00
-8.814000000000000057e+00,2.079190000000000094e+00
-8.864869999999999806e+00,2.079184000000000143e+00
-8.916498999999999953e+00,2.079654000000000114e+00
-8.968776999999999333e+00,2.080508000000000024e+00
-9.021599999999999397e+00,2.081653000000000198e+00
-9.074863000000000568e+00,2.083000000000000185e+00
-9.128467000000000553e+00,2.084462999999999955e+00
-9.182314999999999117e+00,2.085958999999999897e+00
-9.236309999999999576e+00,2.087407999999999930e+00
-9.290362999999999261e+00,2.088731000000000115e+00
-9.344383000000000550e+00,2.089853000000000183e+00
-9.398284999999999556e+00,2.090704000000000118e+00
-9.451985000000000525e+00,2.091213000000000211e+00
-9.505404000000000408e+00,2.091314000000000117e+00
-9.558462000000000458e+00,2.090943000000000218e+00
-9.611086000000000240e+00,2.090040999999999816e+00
-9.663202999999999321e+00,2.088548999999999989e+00
-9.714743999999999602e+00,2.086411000000000016e+00
-9.765643000000000740e+00,2.083577000000000012e+00
-9.815835999999999117e+00,2.079994999999999816e+00
-9.865263000000000559e+00,2.075619999999999798e+00
-9.913864999999999483e+00,2.070409000000000166e+00
-9.961588000000000775e+00,2.064318999999999793e+00
-1.000924900000000051e+01,2.057313000000000169e+00
-1.005581800000000037e+01,2.048370999999999942e+00
-1.010125000000000028e+01,2.038327000000000222e+00
-1.014550400000000074e+01,2.027149999999999785e+00
-1.018854299999999924e+01,2.014810000000000212e+00
-1.023033200000000065e+01,2.001279999999999948e+00
-1.027083700000000022e+01,1.986534999999999940e+00
-1.031002900000000011e+01,1.970555000000000057e+00
-1.034788099999999922e+01,1.953322000000000003e+00
-1.038436899999999952e+01,1.934819000000000067e+00
-1.041947200000000073e+01,1.915035000000000043e+00
-1.045317200000000035e+01,1.893958000000000030e+00
-1.048545299999999969e+01,1.871582999999999997e+00
-1.051630300000000062e+01,1.847904999999999909e+00
-1.054571100000000072e+01,1.822921999999999931e+00
-1.057366999999999990e+01,1.796635999999999900e+00
-1.060017599999999938e+01,1.769050999999999929e+00
-1.062522899999999915e+01,1.740174000000000110e+00
-1.064882799999999996e+01,1.710015000000000063e+00
-1.067184999999999917e+01,1.678587999999999969e+00
-1.069331799999999966e+01,1.645906000000000091e+00
-1.071324599999999982e+01,1.611988999999999894e+00
-1.073164900000000088e+01,1.576858000000000093e+00
-1.074854500000000002e+01,1.540537000000000045e+00
-1.076395699999999955e+01,1.503052999999999972e+00
-1.077877699999999983e+01,1.464434999999999931e+00
-1.079205100000000073e+01,1.424716000000000093e+00
-1.080381200000000064e+01,1.383931000000000022e+00
-1.081496399999999980e+01,1.342117999999999922e+00
-1.082456499999999977e+01,1.299317999999999973e+00
-1.083352799999999938e+01,1.255575000000000108e+00
-1.084091899999999953e+01,1.210936000000000012e+00
-1.084678899999999935e+01,1.165450000000000097e+00
-1.085119300000000031e+01,1.119169999999999998e+00
-1.085418999999999912e+01,1.071164999999999923e+00
-1.085584000000000060e+01,1.022361000000000075e+00
-1.085620699999999950e+01,9.728160000000000140e-01
-1.085535600000000045e+01,9.225900000000000212e-01
-1.085422800000000088e+01,8.717479999999999674e-01
-1.085191299999999970e+01,8.203559999999999741e-01
-1.084848799999999969e+01,7.684819999999999984e-01
-1.084403400000000062e+01,7.161990000000000300e-01
-1.083950399999999981e+01,6.635809999999999764e-01
-1.083400299999999916e+01,6.107069999999999999e-01
-1.082762199999999986e+01,5.576560000000000406e-01
-1.082045699999999933e+01,5.045129999999999892e-01
-1.081260400000000033e+01,4.513630000000000142e-01
-1.080416400000000010e+01,3.973099999999999965e-01
-1.079523999999999972e+01,3.433149999999999813e-01
-1.078593799999999980e+01,2.894669999999999743e-01
-1.077636599999999945e+01,2.358629999999999893e-01
-1.076663699999999935e+01,1.826000000000000123e-01
-1.075773399999999924e+01,1.297770000000000035e-01
-1.074879299999999915e+01,7.749899999999999844e-02
-1.073993800000000043e+01,2.587000000000000063e-02
-1.073129300000000086e+01,-2.500000000000000139e-02
-1.072385700000000064e+01,-7.499999999999999722e-02
-1.071677999999999997e+01,-1.250000000000000000e-01
-1.071020000000000039e+01,-1.749999999999999889e-01
-1.070326999999999984e+01,-2.250000000000000056e-01
-1.069688700000000026e+01,-2.750000000000000222e-01
-1.069009499999999946e+01,-3.250000000000000111e-01
-1.068292199999999958e+01,-3.750000000000000000e-01
-1.067539499999999997e+01,-4.249999999999999889e-01
-1.066841400000000029e+01,-4.749999999999999778e-01
-1.066102399999999939e+01,-5.250000000000000222e-01
-1.065325799999999923e+01,-5.749999999999999556e-01
-1.064514600000000044e+01,-6.250000000000000000e-01
-1.063758900000000018e+01,-6.750000000000000444e-01
-1.062963599999999964e+01,-7.249999999999999778e-01
-1.062132199999999926e+01,-7.750000000000000222e-01
-1.061268100000000025e+01,-8.249999999999999556e-01
-1.060461500000000079e+01,-8.750000000000000000e-01
-1.059617899999999935e+01,-9.250000000000000444e-01
-1.058827800000000074e+01,-9.749999999999999778e-01
-1.057996699999999990e+01,-1.024999999999999911e+00
-1.057215700000000069e+01,-1.074999999999999956e+00
-1.056390400000000085e+01,-1.125000000000000000e+00
-1.055525199999999941e+01,-1.175000000000000044e+00
-1.054711299999999952e+01,-1.225000000000000089e+00
-1.053941799999999951e+01,-1.274999999999999911e+00
-1.053024500000000074e+01,-1.324999999999999956e+00
-1.052138000000000062e+01,-1.375000000000000000e+00
-1.051275700000000057e+01,-1.425000000000000044e+00
-1.050431200000000054e+01,-1.475000000000000089e+00
-1.049511500000000019e+01,-1.524999999999999911e+00
-1.048608899999999977e+01,-1.574999999999999956e+00
-1.047717600000000004e+01,-1.625000000000000000e+00
-1.046832099999999954e+01,-1.675000000000000044e+00
-1.045947199999999988e+01,-1.725000000000000089e+00
-1.045058000000000042e+01,-1.774999999999999911e+00
-1.044159699999999980e+01,-1.824999999999999956e+00
-1.043248099999999923e+01,-1.875000000000000000e+00
-1.042318999999999996e+01,-1.925000000000000044e+00
-1.041368499999999919e+01,-1.975000000000000089e+00
-1.040393300000000032e+01,-2.024999999999999911e+00
-1.039390000000000036e+01,-2.075000000000000178e+00
-1.038355600000000045e+01,-2.125000000000000000e+00
-1.037287599999999976e+01,-2.174999999999999822e+00
-1.036183399999999999e+01,-2.225000000000000089e+00
-1.034942500000000010e+01,-2.275869999999999838e+00
-1.033649800000000063e+01,-2.326629000000000058e+00
-1.032303500000000085e+01,-2.378149000000000068e+00
-1.030902000000000029e+01,-2.429450999999999805e+00
-1.029443999999999981e+01,-2.480541999999999803e+00
-1.027928600000000081e+01,-2.532296999999999798e+00
-1.026256599999999963e+01,-2.583739000000000008e+00
-1.024514300000000055e+01,-2.634878000000000053e+00
-1.022701299999999947e+01,-2.686592000000000091e+00
-1.020719000000000065e+01,-2.737908000000000008e+00
-1.018654199999999932e+01,-2.788837000000000010e+00
-1.016408700000000032e+01,-2.839389999999999858e+00
-1.014069600000000015e+01,-2.889578999999999898e+00
-1.011637299999999939e+01,-2.940284999999999815e+00
-1.009112499999999990e+01,-2.991407999999999845e+00
-1.006496300000000055e+01,-3.042851000000000194e+00
-1.003789899999999946e+01,-3.093647999999999954e+00
-1.000994799999999962e+01,-3.144689000000000068e+00
-9.981128999999999252e+00,-3.195012999999999881e+00
-9.950478000000000378e+00,-3.245512999999999870e+00
-9.918886999999999787e+00,-3.295228999999999964e+00
-9.886380000000000834e+00,-3.344186000000000103e+00
-9.852983999999999298e+00,-3.392411000000000065e+00
-9.817743999999999360e+00,-3.440798000000000023e+00
-9.781558999999999671e+00,-3.488392000000000159e+00
-9.744462000000000401e+00,-3.535220999999999947e+00
-9.706488000000000227e+00,-3.581312000000000051e+00
-9.667676000000000158e+00,-3.627564000000000011e+00
-9.628066000000000457e+00,-3.673024999999999984e+00
-9.587702999999999420e+00,-3.717724000000000029e+00
-9.546632000000000673e+00,-3.762563000000000102e+00
-9.504903999999999797e+00,-3.806592000000000198e+00
-9.462569999999999482e+00,-3.849844000000000044e+00
-9.418701000000000434e+00,-3.893222999999999878e+00
-9.374223000000000638e+00,-3.935782000000000114e+00
-9.329192000000000817e+00,-3.977558000000000149e+00
-9.283671000000000006e+00,-4.019455999999999918e+00
-9.236736999999999753e+00,-4.060533000000000392e+00
-9.189325000000000188e+00,-4.100826999999999778e+00
-9.141500000000000625e+00,-4.141248000000000040e+00
-9.093332999999999444e+00,-4.180855000000000210e+00
-9.043910999999999589e+00,-4.219689999999999941e+00
-8.994175000000000253e+00,-4.258663999999999561e+00
-8.944200999999999624e+00,-4.296839000000000297e+00
-8.894066999999999723e+00,-4.335130999999999624e+00
-8.842867000000000033e+00,-4.372601000000000404e+00
-8.791553999999999647e+00,-4.409299999999999997e+00
-8.739338999999999302e+00,-4.445274000000000392e+00
-8.687291000000000096e+00,-4.480571000000000303e+00
-8.634512000000000853e+00,-4.515240999999999616e+00
-8.581958000000000197e+00,-4.550200000000000244e+00
-8.529718000000000799e+00,-4.584514999999999674e+00
-8.477883000000000280e+00,-4.619106999999999630e+00
-8.425563999999999609e+00,-4.653044999999999654e+00
-8.373725000000000307e+00,-4.687253000000000114e+00
-8.321479000000000070e+00,-4.720803000000000083e+00
-8.269793999999999201e+00,-4.754622000000000348e+00
-8.217786000000000257e+00,-4.787784000000000262e+00
-8.166425000000000267e+00,-4.820349000000000217e+00
-8.115814999999999557e+00,-4.853246000000000393e+00
-8.065075000000000216e+00,-4.885552999999999813e+00
-8.014198999999999629e+00,-4.918201999999999963e+00
-7.964161999999999964e+00,-4.950273000000000145e+00
-7.914087999999999568e+00,-4.982701999999999742e+00
-7.863971000000000267e+00,-5.014571000000000112e+00
-7.813806999999999725e+00,-5.045949000000000240e+00
-7.764573000000000391e+00,-5.076903999999999861e+00
-7.715398000000000422e+00,-5.108373000000000275e+00
-7.666277000000000008e+00,-5.140311999999999770e+00
-7.617208999999999897e+00,-5.171810999999999936e+00
-7.568190000000000417e+00,-5.203812000000000104e+00
-7.519218000000000401e+00,-5.235408999999999757e+00
-7.470289000000000179e+00,-5.267546000000000284e+00
-7.421401999999999610e+00,-5.300189999999999735e+00
-7.372551999999999772e+00,-5.332436000000000398e+00
-7.323737999999999637e+00,-5.365237999999999730e+00
-7.274956999999999674e+00,-5.397694999999999688e+00
-7.226205000000000211e+00,-5.430762999999999785e+00
-7.177480000000000082e+00,-5.464413999999999660e+00
-7.128777999999999615e+00,-5.497753999999999586e+00
-7.080097999999999558e+00,-5.531744999999999912e+00
-7.031437000000000381e+00,-5.565379000000000076e+00
-6.982790999999999748e+00,-5.598635999999999946e+00
-6.934156999999999904e+00,-5.631495000000000140e+00
-6.885533999999999821e+00,-5.664805000000000312e+00
-6.836917999999999829e+00,-5.698547999999999725e+00
-6.788305000000000256e+00,-5.730851999999999613e+00
-6.738824000000000147e+00,-5.762685000000000279e+00
-6.689453999999999567e+00,-5.794141999999999904e+00
-6.639317000000000135e+00,-5.824334999999999596e+00
-6.589390999999999998e+00,-5.854226999999999848e+00
-6.538796999999999748e+00,-5.883911999999999587e+00
-6.488508000000000386e+00,-5.913482000000000127e+00
-6.438512000000000235e+00,-5.943031999999999648e+00
-6.388798999999999673e+00,-5.972538000000000125e+00
-6.339356999999999687e+00,-6.000996999999999915e+00
-6.290174999999999628e+00,-6.029253999999999891e+00
-6.241241999999999734e+00,-6.058155000000000179e+00
-6.192544999999999966e+00,-6.086693999999999605e+00
-6.144074999999999953e+00,-6.115720999999999741e+00
-6.095818999999999654e+00,-6.144232999999999834e+00
-6.047767000000000337e+00,-6.172210999999999892e+00
-5.999906000000000184e+00,-6.200620999999999938e+00
-5.952226999999999713e+00,-6.229447999999999652e+00
-5.904716999999999771e+00,-6.257693999999999868e+00
-5.857364999999999711e+00,-6.286217999999999861e+00
-5.810159999999999769e+00,-6.315008999999999872e+00
-5.763090000000000046e+00,-6.344059999999999810e+00
-5.716145000000000032e+00,-6.372381999999999991e+00
-5.669311999999999685e+00,-6.400840999999999781e+00
-5.622582000000000413e+00,-6.429437000000000069e+00
-5.575941000000000258e+00,-6.456315000000000026e+00
-5.529379999999999740e+00,-6.483329000000000342e+00
-5.482886999999999844e+00,-6.510480000000000267e+00
-5.436449999999999783e+00,-6.536787999999999599e+00
-5.390057999999999794e+00,-6.563126999999999711e+00
-5.343700000000000117e+00,-6.589504999999999946e+00
-5.297365000000000101e+00,-6.614946999999999910e+00
-5.251040999999999848e+00,-6.641201999999999828e+00
-5.204716999999999594e+00,-6.668173000000000350e+00
-5.158381999999999579e+00,-6.693910999999999945e+00
-5.112023999999999901e+00,-6.719306999999999697e+00
-5.065631999999999913e+00,-6.744386000000000436e+00
-5.019194999999999851e+00,-6.767318999999999640e+00
-4.972701999999999956e+00,-6.789986999999999995e+00
-4.926141000000000325e+00,-6.811429000000000400e+00
-4.879500000000000171e+00,-6.832544999999999646e+00
-4.832770000000000010e+00,-6.853361999999999732e+00
-4.786921999999999677e+00,-6.873045000000000293e+00
-4.741077999999999903e+00,-6.892609000000000208e+00
-4.695229999999999571e+00,-6.912090000000000067e+00
-4.649370000000000225e+00,-6.930540999999999840e+00
-4.603487999999999580e+00,-6.948871999999999716e+00
-4.557577000000000211e+00,-6.966137999999999941e+00
-4.511626999999999832e+00,-6.983249999999999957e+00
-4.465631000000000128e+00,-6.998396999999999757e+00
-4.419579999999999842e+00,-7.013475999999999821e+00
-4.373465000000000380e+00,-7.027544999999999931e+00
-4.327278999999999876e+00,-7.041517999999999944e+00
-4.281011999999999595e+00,-7.055442000000000213e+00
-4.234655000000000058e+00,-7.067511999999999794e+00
-4.188202000000000425e+00,-7.079627999999999588e+00
-4.141642000000000046e+00,-7.090855999999999604e+00
-4.094967999999999719e+00,-7.102115999999999651e+00
-4.048172000000000104e+00,-7.112474999999999881e+00
-4.001242999999999661e+00,-7.122855000000000381e+00
-3.954175999999999913e+00,-7.132442000000000171e+00
-3.906959000000000071e+00,-7.142273999999999567e+00
-3.859586999999999879e+00,-7.151425999999999839e+00
-3.812047999999999881e+00,-7.159841000000000122e+00
-3.764336999999999822e+00,-7.168446999999999569e+00
-3.716442999999999941e+00,-7.176319000000000337e+00
-3.668358000000000008e+00,-7.183519999999999683e+00
-3.620073999999999792e+00,-7.190108999999999639e+00
-3.571582999999999952e+00,-7.196034000000000042e+00
-3.522876000000000118e+00,-7.202223000000000042e+00
-3.473943999999999921e+00,-7.207758000000000109e+00
-3.424779000000000018e+00,-7.213570999999999955e+00
-3.375373000000000179e+00,-7.218745000000000189e+00
-3.325715999999999894e+00,-7.223230000000000040e+00
-3.275802000000000103e+00,-7.227965000000000195e+00
-3.225620000000000154e+00,-7.231162999999999563e+00
-3.175162999999999958e+00,-7.233760000000000190e+00
-3.124422000000000033e+00,-7.236695000000000100e+00
-3.073389000000000149e+00,-7.239049999999999763e+00
-3.022054999999999936e+00,-7.240781000000000134e+00
-2.970412000000000052e+00,-7.241842000000000112e+00
-2.918451000000000128e+00,-7.243173999999999779e+00
-2.867148999999999948e+00,-7.244848000000000177e+00
-2.815628999999999937e+00,-7.246938000000000102e+00
-2.764870000000000161e+00,-7.249522999999999939e+00
-2.713999999999999968e+00,-7.252683000000000213e+00
-2.664000000000000146e+00,-7.256502000000000230e+00
-2.613999999999999879e+00,-7.261064000000000185e+00
-2.564000000000000057e+00,-7.266460999999999615e+00
-2.513999999999999790e+00,-7.271798000000000428e+00
-2.463999999999999968e+00,-7.278037000000000312e+00
-2.414000000000000146e+00,-7.284289000000000236e+00
-2.363999999999999879e+00,-7.290535000000000210e+00
-2.314000000000000057e+00,-7.296752999999999822e+00
-2.263999999999999790e+00,-7.302925000000000111e+00
-2.213999999999999968e+00,-7.309029999999999916e+00
-2.164000000000000146e+00,-7.316034000000000148e+00
-2.113999999999999879e+00,-7.323049000000000142e+00
-2.064000000000000057e+00,-7.330059000000000324e+00
-2.013999999999999790e+00,-7.337045999999999957e+00
-1.963999999999999968e+00,-7.343993000000000215e+00
-1.913999999999999924e+00,-7.350883999999999752e+00
-1.864000000000000101e+00,-7.357700999999999603e+00
-1.814000000000000057e+00,-7.364428000000000196e+00
-1.764000000000000012e+00,-7.371048000000000044e+00
-1.713999999999999968e+00,-7.377544000000000324e+00
-1.663999999999999924e+00,-7.384882000000000168e+00
-1.614000000000000101e+00,-7.392179999999999751e+00
-1.564000000000000057e+00,-7.399422999999999639e+00
-1.514000000000000012e+00,-7.406596000000000402e+00
-1.463999999999999968e+00,-7.413687000000000360e+00
-1.413999999999999924e+00,-7.420678999999999803e+00
-1.364000000000000101e+00,-7.427560999999999858e+00
-1.314000000000000057e+00,-7.433332000000000050e+00
-1.264000000000000012e+00,-7.437860999999999834e+00
-1.213999999999999968e+00,-7.442000000000000171e+00
-1.163999999999999924e+00,-7.445726999999999762e+00
-1.114000000000000101e+00,-7.449023999999999646e+00
-1.064000000000000057e+00,-7.452854999999999563e+00
-1.014000000000000012e+00,-7.456331999999999738e+00
-9.639999999999999680e-01,-7.459439999999999849e+00
-9.140000000000000346e-01,-7.462161000000000044e+00
-8.639999999999999902e-01,-7.464477999999999724e+00
-8.139999999999999458e-01,-7.467359000000000080e+00
-7.640000000000000124e-01,-7.469918999999999976e+00
-7.139999999999999680e-01,-7.472144000000000119e+00
-6.640000000000000346e-01,-7.474020999999999582e+00
-6.139999999999999902e-01,-7.475534999999999819e+00
-5.639999999999999458e-01,-7.476671999999999763e+00
-5.140000000000000124e-01,-7.477416999999999980e+00
-4.640000000000000235e-01,-7.478741999999999557e+00
-4.139999999999999791e-01,-7.479765000000000441e+00
-3.639999999999999902e-01,-7.480474000000000068e+00
-3.140000000000000013e-01,-7.480857999999999564e+00
-2.640000000000000124e-01,-7.480036000000000129e+00
-2.139999999999999958e-01,-7.479962999999999695e+00
-1.640000000000000069e-01,-7.479757000000000211e+00
-1.140000000000000041e-01,-7.479408000000000278e+00
-6.400000000000000133e-02,-7.478901999999999717e+00
-1.400000000000000029e-02,-7.479100999999999999e+00
3.599999999999999728e-02,-7.479008999999999574e+00
8.599999999999999312e-02,-7.479605000000000281e+00
1.360000000000000098e-01,-7.480011000000000188e+00
1.859999999999999987e-01,-7.480222000000000371e+00
2.359999999999999876e-01,-7.480233000000000132e+00
2.859999999999999765e-01,-7.480037000000000269e+00
3.360000000000000209e-01,-7.479630000000000223e+00
3.860000000000000098e-01,-7.479989999999999917e+00
4.359999999999999987e-01,-7.480243999999999893e+00
4.859999999999999876e-01,-7.480388999999999733e+00
5.360000000000000320e-01,-7.480423000000000044e+00
5.859999999999999654e-01,-7.480342000000000269e+00
6.360000000000000098e-01,-7.481014000000000053e+00
6.860000000000000542e-01,-7.481455000000000410e+00
7.359999999999999876e-01,-7.481664000000000314e+00
7.860000000000000320e-01,-7.482510999999999690e+00
8.359999999999999654e-01,-7.483999999999999986e+00
8.860000000000000098e-01,-7.485266000000000197e+00
9.360000000000000542e-01,-7.486314000000000135e+00
9.859999999999999876e-01,-7.488020999999999816e+00
1.036000000000000032e+00,-7.489410000000000345e+00
1.086000000000000076e+00,-7.491360000000000241e+00
1.135999999999999899e+00,-7.492897000000000141e+00
1.185999999999999943e+00,-7.494904000000000011e+00
1.235999999999999988e+00,-7.496408999999999878e+00
1.286000000000000032e+00,-7.498296999999999990e+00
1.336000000000000076e+00,-7.499601000000000184e+00
1.385999999999999899e+00,-7.501206999999999958e+00
1.435999999999999943e+00,-7.502150999999999570e+00
1.485999999999999988e+00,-7.503322999999999965e+00
1.536000000000000032e+00,-7.503759999999999764e+00
1.586000000000000076e+00,-7.504355000000000331e+00
1.635999999999999899e+00,-7.504150000000000098e+00
