1.686000000000001053e+00,-7.504039999999999822e+00,1.537049154788093230e-01
1.944244833601258327e+00,-7.498913320126843196e+00,1.984162676974746409e-01
2.202208609051432120e+00,-7.485292074794356765e+00,2.395589049050536323e-01
2.458897541264677855e+00,-7.455363802474492374e+00,2.734722779184977637e-01
2.712562463101223287e+00,-7.403746767576963705e+00,2.970743944181878926e-01
2.960152187075865804e+00,-7.327492054541314914e+00,3.086864813343739300e-01
3.199111987994030848e+00,-7.227159861835398935e+00,3.082856278477826839e-01
3.428131378937230522e+00,-7.105090155070159952e+00,2.972166952380196348e-01
3.646436247348520343e+00,-6.964948307208207012e+00,2.781565720434921452e-01
3.854307285630664826e+00,-6.810461857084574966e+00,2.550112621174450700e-01
4.052803149305287178e+00,-6.643823038583105856e+00,2.320305271924071044e-01
4.240189379018432625e+00,-6.465411456212076580e+00,2.126278633305545840e-01
4.419749423714496750e+00,-6.279294062939299259e+00,1.987260818870715262e-01
4.593529657772145391e+00,-6.088235686679076331e+00,1.907613391739602093e-01
4.757801961292742021e+00,-5.889029122963718166e+00,1.880884420751153530e-01
4.913117812651833560e+00,-5.683746229568856556e+00,1.896028318226944676e-01
5.058067205594404037e+00,-5.470588690920789254e+00,1.944148303235448405e-01
5.192477147440347274e+00,-5.251045975416244183e+00,2.024430085118310019e-01
5.313275719077339865e+00,-5.024822441496946013e+00,2.147717259384650246e-01
5.425340176319208396e+00,-4.793094732531486990e+00,2.336493750387078905e-01
5.525705413936951693e+00,-4.555795591362481467e+00,2.621589251073386251e-01
5.611880584459901122e+00,-4.312959871136126999e+00,3.037676037342315061e-01
5.685849789937851284e+00,-4.064856653723770918e+00,3.619700763690342771e-01
5.742635591012453133e+00,-3.812745575123055453e+00,4.401897175771141146e-01
5.775257232386066697e+00,-3.557225464698704265e+00,5.420826474199078593e-01
5.780610533076171009e+00,-3.300308480621204854e+00,6.722836818538332482e-01
5.749909631329604309e+00,-3.044721223107616837e+00,8.373113656769877178e-01
5.677589589861232078e+00,-2.797338658619671570e+00,1.045504686366569569e+00
5.555858767026789380e+00,-2.569941713106450365e+00,1.302747412409913874e+00
5.388573821000742115e+00,-2.374887022381940938e+00,1.597579075419695238e+00
5.177125277154627447e+00,-2.228568209897944907e+00,1.873186552947078143e+00
4.935190888289707090e+00,-2.145029901694738061e+00,2.016484560979642460e+00
4.679104860458867421e+00,-2.142608241296403371e+00,1.928490889444844925e+00
4.437288523237339355e+00,-2.229561072317321369e+00,1.631451712037494950e+00
4.237344927525332317e+00,-2.393684856101904845e+00,1.246477902285848538e+00
4.087517456879258937e+00,-2.605021565348584645e+00,8.792013453171904080e-01
3.980400847658158270e+00,-2.840970633030156733e+00,5.728810803255149908e-01
3.901912930932836865e+00,-3.088486331859684242e+00,3.293622504505885895e-01
3.838205524014618675e+00,-3.340582771935729056e+00,1.365206333417847417e-01
3.777461535909200308e+00,-3.592514695838635141e+00,-1.757749860199621025e-02
3.708973947318019881e+00,-3.842045980524833926e+00,-1.402314291635701204e-01
3.622269938974604475e+00,-4.085203890037982788e+00,-2.346205744443802255e-01
3.509010501159114170e+00,-4.316981839217125305e+00,-3.027104180535503120e-01
3.366918090929929441e+00,-4.533030444121134650e+00,-3.484325462981213706e-01
3.206150911172468643e+00,-4.735081100406874910e+00,-3.790350696052601775e-01
3.028227200743727199e+00,-4.922507599568136882e+00,-4.037421091818121366e-01
2.837799263629558144e+00,-5.096328921480296259e+00,-4.307220613601985271e-01
2.633118440411301719e+00,-5.253769643386346999e+00,-4.641320289165282165e-01
2.414842868276473986e+00,-5.390228452090699562e+00,-5.024488187126310290e-01
2.182614524689962643e+00,-5.501536173565912513e+00,-5.385868531880895205e-01
1.937572108715649666e+00,-5.579452517308771675e+00,-5.620422218607239451e-01
1.683965724084504512e+00,-5.622313019797734235e+00,-5.628161377032599999e-01
1.426142708290706995e+00,-5.623423025383585738e+00,-5.356213047138945749e-01
1.170836680314338185e+00,-5.583178661708707580e+00,-4.819691214754500685e-01
9.238956513366191059e-01,-5.506038277122334179e+00,-4.088243644775267360e-01
6.848539962888420263e-01,-5.405789219900073661e+00,-3.250084514071243658e-01
4.551234826832692981e-01,-5.285493812026499150e+00,-2.378482488953848062e-01
2.321728695255145247e-01,-5.153414042823673213e+00,-1.516406011224024630e-01
1.456791905756293914e-02,-5.013448191051419478e+00,-6.788621760212264211e-02
-2.003181905672235530e-01,-4.869551494305014216e+00,1.350528312334695925e-02
-4.146214740505032026e-01,-4.725825143220211189e+00,9.273663327710424120e-02
-6.319330762937824808e-01,-4.586910602131901271e+00,1.687823858976559011e-01
-8.561027512435310793e-01,-4.460923168928127680e+00,2.385056094886961187e-01
-1.088072283943694041e+00,-4.349490890673909149e+00,2.966399833775192341e-01
-1.329014002035932673e+00,-4.260030986921107043e+00,3.369946893782804209e-01
-1.578268038778308568e+00,-4.195470146536420586e+00,3.546391060289620922e-01
-1.833851341523675016e+00,-4.162680105583056900e+00,3.479663201994257493e-01
-2.091854758824935878e+00,-4.162314623975690964e+00,3.193536967785569614e-01
-2.349094226418276143e+00,-4.186555862429421460e+00,2.739916863577055439e-01
-2.604299525904768764e+00,-4.227920447314901686e+00,2.176452516953750194e-01
-2.858262248757375001e+00,-4.275571975855914530e+00,1.547349719024167236e-01
-3.108569733757794662e+00,-4.340791665807409494e+00,8.770526773844446178e-02
-3.356893409229289915e+00,-4.412306669175467988e+00,1.763241908398248403e-02
-3.603856200690351841e+00,-4.488083188369415666e+00,-5.462848457640568506e-02
-3.850935390015281623e+00,-4.563271282302284071e+00,-1.274420990320871971e-01
-4.100821087499454620e+00,-4.627198863379438976e+00,-1.979328326803357074e-01
-4.354286061647719919e+00,-4.674480321837325647e+00,-2.621548359996445643e-01
-4.610667142037911503e+00,-4.702848638258863900e+00,-3.157216589066987322e-01
-4.869215314049683663e+00,-4.705174527015449470e+00,-3.546531316234070585e-01
-5.126629678415076441e+00,-4.680869915496252531e+00,-3.762703275754437082e-01
-5.379471253191068669e+00,-4.628195398857307907e+00,-3.799340180626769592e-01
-5.626503138749285426e+00,-4.550277085710745517e+00,-3.673253581238967724e-01
-5.863782059870629837e+00,-4.447581114612553677e+00,-3.421141512513639071e-01
-6.090816714308679991e+00,-4.322756233731094966e+00,-3.091961620685040879e-01
-6.305206689368738182e+00,-4.177219037799771328e+00,-2.737976382831148747e-01
-6.510726277028623166e+00,-4.018361255412182587e+00,-2.406128831424145798e-01
-6.708138697074186751e+00,-3.851505843432960319e+00,-2.130702803021546909e-01
-6.899979974987275888e+00,-3.678378692073966061e+00,-1.929078287529466806e-01
-7.083916893188537678e+00,-3.496375806132127284e+00,-1.802672106307430522e-01
-7.259670528851096094e+00,-3.307016115495450936e+00,-1.743573841272424707e-01
-7.427931010473181495e+00,-3.111758240820599042e+00,-1.744736588652109066e-01
-7.588151723777635027e+00,-2.909443619528770952e+00,-1.809745576936785949e-01
-7.738919177070870070e+00,-2.700353486455457919e+00,-1.958311031325450924e-01
-7.877433047697152801e+00,-2.483497281496176878e+00,-2.225465593403925524e-01
-8.007444337032335824e+00,-2.260432625197771550e+00,-2.654996831343297004e-01
-8.133358955233179088e+00,-2.034648688277561845e+00,-3.290156028153373713e-01
-8.247011375951014855e+00,-1.802802869977042644e+00,-4.164783555510144786e-01
-8.340227694818665327e+00,-1.563111834712901826e+00,-5.292701639677723779e-01
-8.404976049353692247e+00,-1.314172575632152062e+00,-6.645094223733060135e-01
-8.433437984754842631e+00,-1.059432537556426190e+00,-8.106944095651550386e-01
-8.415310257732292243e+00,-8.033832135492060544e-01,-9.432344189953223434e-01
-8.345991198080323414e+00,-5.565542085918385729e-01,-1.027115415998721470e+00
-8.220934080808543598e+00,-3.321691523893107734e-01,-1.033043903641686523e+00
-8.039314926801131023e+00,-1.488267956333666486e-01,-9.572766889365216247e-01
-7.818636810397885384e+00,-1.381691682988184233e-02,-8.239694651889315491e-01
-7.574886083286142657e+00,7.540691179999692295e-02,-6.679762534132750451e-01
-7.320758523570937371e+00,1.281857650059339271e-01,-5.171241746380742521e-01
-7.063165956020105440e+00,1.570887618098533167e-01,-3.860245833426520501e-01
-6.804758622304501792e+00,1.679356185566871495e-01,-2.786386599643169704e-01
-6.547774239066838753e+00,1.622068186553731195e-01,-1.931168068147989803e-01
-6.291015795788124976e+00,1.474690408078203063e-01,-1.254628315648798897e-01
-6.033153991799152571e+00,1.326867005099323649e-01,-7.146441452549404105e-02
-5.775538408545721758e+00,1.138615549154451401e-01,-2.752422303371728982e-02
-5.517803200420724252e+00,9.669822749260781336e-02,8.927628144705651927e-03
-5.260660143253046428e+00,7.218990305654671147e-02,3.919304637847592643e-02
-5.003054571708425158e+00,5.449376578374121038e-02,6.332823465398004781e-02
-4.744937230660576155e+00,4.620187518284701866e-02,8.048182672838312401e-02
-4.486653648770867697e+00,4.634022519441494126e-02,8.942154683956189676e-02
-4.228415870964309597e+00,5.135480028214178816e-02,8.912761944610951559e-02
-3.970525019862080285e+00,6.634678228103663145e-02,7.938796531455087624e-02
-3.713229721144741813e+00,8.982482894574772558e-02,6.123059183173584080e-02
-3.456701076298592579e+00,1.205632608297211306e-01,3.698375281169569151e-02
-3.200986355939079431e+00,1.574715661279242340e-01,9.905328527272954167e-03
-2.945462133808621985e+00,1.942983440986640886e-01,-1.654496283356577876e-02
-2.688970455710070873e+00,2.244503935513080251e-01,-3.960467749888638839e-02
-2.432020795084717690e+00,2.502499116270477941e-01,-5.790761772713807348e-02
-2.174525179619900328e+00,2.697673179789958908e-01,-7.159733743624994984e-02
-1.916533439925124593e+00,2.810999396841449283e-01,-8.175289705248021954e-02
-1.658345592983715644e+00,2.882651129711888416e-01,-8.933299236438524416e-02
-1.400113724895362122e+00,2.934975799562025145e-01,-9.410142101963499262e-02
-1.141854124327201125e+00,2.962122134456048883e-01,-9.419995230532766939e-02
-8.837281657125317658e-01,2.865567068126830819e-01,-8.679061480545688378e-02
-6.262227712194815554e-01,2.656536748580222707e-01,-6.943495930605571298e-02
-3.694824070208171385e-01,2.370214730721418306e-01,-4.141464133721061563e-02
-1.135144370043272843e-01,2.011778114644950932e-01,-4.444687467070072839e-03
1.406098111150799745e-01,1.549675499951259638e-01,3.737812345124247315e-02
3.960570923120446674e-01,1.179790508237843483e-01,7.832484397887426453e-02
6.529383123368313058e-01,9.230373644839495739e-02,1.121644502669855437e-01
9.105710465868745995e-01,7.516358362333086518e-02,1.333214340337350590e-01
1.168795633030765169e+00,7.259552793428891704e-02,1.379944352293680232e-01
1.426849066028841762e+00,8.408647857938245096e-02,1.251597799973447611e-01
1.684007664200271481e+00,1.091338537560728739e-01,9.705553831089620831e-02
1.939678474062528357e+00,1.471118851596902033e-01,5.886856418677564873e-02
2.193278479130752245e+00,1.972119582913904878e-01,1.777425219953177732e-02
2.446928127259313079e+00,2.445711497184905880e-01,-1.847856124049716137e-02
2.702930373218613624e+00,2.775675046230601239e-01,-4.322867269026019893e-02
2.959997658614171190e+00,3.013694066193171039e-01,-5.224669314451627772e-02
3.217641771882006729e+00,3.194701817586143022e-01,-4.416425535955618292e-02
3.475703233591618702e+00,3.289203210977094116e-01,-1.993724313946979021e-02
3.733969310162360777e+00,3.306544163285209947e-01,1.829064137988606689e-02
3.992214864640863059e+00,3.329705777808813494e-01,6.848272889131674923e-02
4.250541576295417734e+00,3.464046409349919031e-01,1.296249786096643763e-01
4.509550348530808606e+00,3.586002168581927663e-01,2.018764989924783648e-01
4.767157605601300752e+00,3.782635216584870896e-01,2.862444011337625938e-01
5.022493726977132589e+00,4.166643514467702758e-01,3.845414028993067168e-01
5.272328061807680655e+00,4.778772283965300183e-01,5.000082196976485260e-01
5.513001285774817184e+00,5.688073576952781263e-01,6.382645140822736929e-01
5.741809745763434947e+00,6.898113313525937595e-01,8.078509308870824857e-01
5.944906900815643880e+00,8.495436494193380206e-01,1.019007426747911449e+00
6.114492989212659602e+00,1.043049693795190080e+00,1.277249735674902409e+00
6.243006146342079177e+00,1.264527734030295836e+00,1.566016557369591444e+00
6.311045069480302416e+00,1.511334779248615590e+00,1.820880161780257245e+00
6.301574775150738716e+00,1.767882192289608856e+00,1.932400890829264251e+00
6.208621706255038397e+00,2.007441951264701263e+00,1.825361870734193648e+00
6.040717656060338392e+00,2.202914505100206366e+00,1.541085693980590143e+00
5.820712298681339547e+00,2.337940402961887987e+00,1.193732889629593119e+00
5.572738282888997752e+00,2.412063771756746355e+00,8.725224108064117967e-01
5.314983084152830273e+00,2.447477641183561481e+00,6.117634062172794263e-01
5.055328645672471310e+00,2.453165749252762318e+00,4.117375101193570530e-01
4.796355174007182143e+00,2.440101212580913614e+00,2.611375975898980739e-01
4.539794450018071359e+00,2.416826197938089393e+00,1.479875644048828653e-01
4.284511390348735738e+00,2.391560954024186003e+00,6.302412484464799125e-02
4.026811974363731395e+00,2.375167195312283042e+00,2.647624333743892215e-05
3.769529195270699073e+00,2.351646814845036459e+00,-4.466425072998410351e-02
3.511942307842470523e+00,2.333618549664129738e+00,-7.278001412854362417e-02
3.253724972464155041e+00,2.330067869852238793e+00,-8.497074129825231414e-02
2.995510003335295934e+00,2.336524422445755533e+00,-8.179221168582892498e-02
2.737666913778534550e+00,2.352358681455552158e+00,-6.453047286237886815e-02
2.480151007720204248e+00,2.373038256058300988e+00,-3.572643093462307684e-02
2.223769857152553264e+00,2.405345877365697049e+00,6.189193189635299602e-04
1.967562747706426141e+00,2.437331645831639193e+00,3.927052416258426659e-02
1.710697896315311439e+00,2.464153697591017433e+00,7.440462010855816710e-02
1.453264390953282970e+00,2.484107340099102057e+00,1.004747306551833225e-01
1.195106366470755299e+00,2.489341414555652054e+00,1.131794509556346556e-01
9.369031529996210139e-01,2.482607769105354301e+00,1.104122370425030530e-01
6.791743093129616327e-01,2.464642908243995123e+00,9.284398024476067657e-02
4.223850951523943076e-01,2.435970238871694171e+00,6.382664302739265993e-02
1.668949970661137705e-01,2.397162265857414098e+00,2.863859896237382768e-02
-8.757806471665152692e-02,2.353071077702869829e+00,-6.753874177439993243e-03
-3.436858617960754092e-01,2.320750352943923289e+00,-3.716758696776438498e-02
-6.005344621633721403e-01,2.294000318415241324e+00,-5.941050779268233772e-02
-8.579676278548113988e-01,2.273725935710068313e+00,-7.274170939290466875e-02
-1.115925600655799821e+00,2.261888900314420248e+00,-7.850513249024523854e-02
-1.374188462317101234e+00,2.260387180294749498e+00,-7.909770699910520508e-02
-1.632479344309949898e+00,2.259667065613520265e+00,-7.650948639566775011e-02
-1.890745219720317616e+00,2.255743259267501521e+00,-7.109432712518479192e-02
-2.148900612077406347e+00,2.263818863622503841e+00,-6.142833838363690596e-02
-2.406800439213943932e+00,2.278202991536449673e+00,-4.535581724767523415e-02
-2.664536618817491487e+00,2.295552474060157166e+00,-2.147264099715959218e-02
-2.922000657138426050e+00,2.316822134835889280e+00,9.661582759915387716e-03
-3.177932368543568753e+00,2.352911256608983592e+00,4.497051784567006327e-02
-3.434196045653274521e+00,2.383441876252646807e+00,7.928394334523329590e-02
-3.691870389370663919e+00,2.399399271186312355e+00,1.066684718464806364e-01
-3.950104950702375106e+00,2.401711753037547137e+00,1.220052537482890775e-01
-4.208209315798459471e+00,2.391501065962974515e+00,1.221951992493680306e-01
-4.465685223974761087e+00,2.370003125964133872e+00,1.068136015303166181e-01
-4.722148080529077419e+00,2.338509458164448773e+00,7.815134929470744785e-02
-4.977408562633540257e+00,2.298305920941827729e+00,4.067008126505908261e-02
-5.231392236601614343e+00,2.250659307657247865e+00,2.079599683452171819e-04
-5.484354969741314534e+00,2.198370349308019556e+00,-3.684405757675246473e-02
-5.739373924685824413e+00,2.159335117178549091e+00,-6.461585494412595831e-02
-5.996177938164155563e+00,2.133369289152644122e+00,-7.912975620346630878e-02
-6.253847585392959374e+00,2.115756839972746661e+00,-7.940031239351123815e-02
-6.511888030714691133e+00,2.105649765435641640e+00,-6.767061621694871187e-02
-6.770152484246342084e+00,2.106912161920615034e+00,-4.870695722275991679e-02
-7.028198249365706474e+00,2.118398222254741725e+00,-2.834828909006839939e-02
-7.286440149785477161e+00,2.117065737775174483e+00,-1.165430648989497497e-02
-7.544658815200763868e+00,2.110740413808009919e+00,-1.290701368647220173e-03
-7.802919914869852924e+00,2.106964440917330705e+00,3.283711024136092352e-03
-8.061141954352947891e+00,2.100655824776417546e+00,5.806472313374245846e-03
-8.319340672357828481e+00,2.093915919025462813e+00,1.264237784168478589e-02
-8.577531968431424403e+00,2.086348917463709540e+00,3.179304136187068031e-02
-8.835692909017035745e+00,2.079097383929158660e+00,7.167662574215460936e-02
-9.095581759391480503e+00,2.083553907668754590e+00,1.401272396396513742e-01
-9.354169848825645062e+00,2.090027563544603950e+00,2.437426302923629551e-01
-9.611749328410715165e+00,2.090025790220889856e+00,3.865005104274042425e-01
-9.868065681600100447e+00,2.075344295556182050e+00,5.654012374682308995e-01
-1.012114152957587798e+01,2.033474028258848598e+00,7.617956064910835767e-01
-1.036133098515584194e+01,1.946729817674544893e+00,9.333494979555072568e-01
-1.057065406256073459e+01,1.799633456383582519e+00,1.022643465913233962e+00
-1.072383225742331270e+01,1.592336445757239982e+00,9.927859485682869467e-01
-1.081300409158612119e+01,1.348824707733058625e+00,8.594023958815255604e-01
-1.085310042791204488e+01,1.091985213656821774e+00,6.762591984807618806e-01
-1.085258237222197053e+01,8.315982125208009057e-01,4.942680009832872701e-01
-1.082962003178758259e+01,5.731965887566141671e-01,3.406060219937389610e-01
-1.079076555948274496e+01,3.170640427657289706e-01,2.227421019164291804e-01
-1.074639672781489708e+01,6.346833303234511447e-02,1.386848812606762682e-01
-1.070809541034851975e+01,-1.906261045204296067e-01,8.346348743118355007e-02
-1.067226627491583990e+01,-4.464848616695547001e-01,5.165106841478167565e-02
-1.063341090990755866e+01,-7.018379199757829312e-01,3.822960517254336138e-02
-1.059099925048644764e+01,-9.566971880572268105e-01,3.913285452827332256e-02
-1.054909084513961304e+01,-1.211585175671956449e+00,5.155507935897613025e-02
-1.050570204690665577e+01,-1.466200031823690964e+00,7.374876410106953606e-02
-1.046024936338638867e+01,-1.720483441257497859e+00,1.043033471798981288e-01
-1.041376203047767746e+01,-1.974597085338904323e+00,1.412145958177818961e-01
-1.036121520523995443e+01,-2.227658463895176411e+00,1.812310058061822882e-01
-1.029503304392668284e+01,-2.478333422478256942e+00,2.199052518511279142e-01
-1.021293276416739992e+01,-2.724011865468923155e+00,2.524114561010193936e-01
-1.010662554471978680e+01,-2.960142698370040293e+00,2.747281779592443685e-01
-9.984714445267954375e+00,-3.188913282414686634e+00,2.845929478100978072e-01
-9.843644334463590440e+00,-3.405482708734483221e+00,2.818259543127465405e-01
-9.683465296442328452e+00,-3.608719305242563014e+00,2.679706714005460344e-01
-9.510297781162394770e+00,-3.801051971176057975e+00,2.454958920969131930e-01
-9.325016307591660336e+00,-3.981411552814999144e+00,2.169916599299080984e-01
-9.129578930512227686e+00,-4.151156689606988692e+00,1.847329068680020059e-01
-8.926176343837687099e+00,-4.310551300178818934e+00,1.506621880816670644e-01
-8.716041274797181160e+00,-4.461134960918208492e+00,1.165850817033266124e-01
-8.501041582892266746e+00,-4.603463798446059130e+00,8.436669577813532550e-02
-8.284891499756444233e+00,-4.744487167696277652e+00,5.599331382103821947e-02
-8.068378840736791346e+00,-4.883741270554367020e+00,3.341116356684888100e-02
-7.851183845161187946e+00,-5.022635999991280187e+00,1.812512960215584279e-02
-7.633773749686671550e+00,-5.161343156768054996e+00,1.067348084369016889e-02
-7.417524842840387933e+00,-5.302764767998642270e+00,1.024206075517530498e-02
-7.202970048548229087e+00,-5.446684871942608197e+00,1.471517359476625861e-02
-6.990365381268770051e+00,-5.593581086806416636e+00,2.129990780445533555e-02
-6.776897621484842205e+00,-5.738295528942250812e+00,2.758601214028477688e-02
-6.556887236269341557e+00,-5.873405560982458695e+00,3.261347513828384559e-02
-6.334560117365725773e+00,-6.003755465488495702e+00,3.736360355771747854e-02
-6.112230684603609632e+00,-6.134681711682794969e+00,4.430652274508058847e-02
-5.890606959595430681e+00,-6.266142085410010054e+00,5.618273737361534348e-02
-5.670089288864198274e+00,-6.400203731103200511e+00,7.461797283163455752e-02
-5.447734219339588790e+00,-6.530641346741657749e+00,9.918233295016658235e-02
-5.222956566695391878e+00,-6.657281820064767430e+00,1.272473451075510631e-01
-4.995865838418816374e+00,-6.778678085329453040e+00,1.546444888142298746e-01
-4.761093346217690758e+00,-6.884018650428751940e+00,1.767609053876754155e-01
-4.521554441476085096e+00,-6.979410249428459778e+00,1.895574952869057694e-01
-4.275590474739423996e+00,-7.056959373037964056e+00,1.902653217718020262e-01
-4.024730210955098642e+00,-7.117605461597737992e+00,1.778610197087612532e-01
-3.771049806348329092e+00,-7.166993760438375105e+00,1.533694558325825741e-01
-3.514925723714172001e+00,-7.203172323542243127e+00,1.198674052497403220e-01
-3.257457392645445537e+00,-7.229387343103263142e+00,8.216382470079056088e-02
-2.998831506203935682e+00,-7.241397389024468723e+00,4.617662244050493164e-02
-2.741000101211734208e+00,-7.250924375319924842e+00,1.784446678495435132e-02
-2.484162182984634093e+00,-7.275313696077066794e+00,1.587337516124679316e-03
-2.227817924129487093e+00,-7.307401058860669707e+00,-1.081667683899580545e-03
-1.971924081713826382e+00,-7.342915084919980018e+00,7.967924231135608409e-03
-1.715963144308481958e+00,-7.377365987717169560e+00,2.412830406433042960e-02
-1.460277701559287600e+00,-7.414210399231143889e+00,4.150041024291704211e-02
-1.203800631947375743e+00,-7.442793833390443758e+00,5.466757029496013831e-02
-9.461511760904672830e-01,-7.460467487675138010e+00,6.019641166440040797e-02
-6.881947675132040754e-01,-7.473172030185802228e+00,5.730713130492420121e-02
-4.299961686674086403e-01,-7.479490129372988072e+00,4.761635067663350790e-02
-1.717206465255397552e-01,-7.479817220366939523e+00,3.430137994345121288e-02
8.657017147892953624e-02,-7.479610714535752436e+00,2.113466547564997466e-02
3.448599035074678132e-01,-7.479626019987676955e+00,1.183214730499905151e-02
6.031524187040819829e-01,-7.480449589396041432e+00,9.850524348715755316e-03
8.614153922458549495e-01,-7.484719808353272441e+00,1.810999596155173433e-02
1.119596025021492247e+00,-7.492539386642519617e+00,3.818205726140876111e-02
1.377747979576860127e+00,-7.500763066857059513e+00,6.948973472915465077e-02
1.636000318235561801e+00,-7.504149998695228696e+00,1.093274551220763252e-01
