4.359999999999999987e-01,-7.505840000000000067e+00
4.859999999999999876e-01,-7.507227999999999568e+00
5.360000000000000320e-01,-7.508447000000000315e+00
5.859999999999999654e-01,-7.509496000000000393e+00
6.360000000000000098e-01,-7.511242000000000196e+00
6.860000000000000542e-01,-7.512698999999999572e+00
7.359999999999999876e-01,-7.513868000000000436e+00
7.860000000000000320e-01,-7.514749000000000123e+00
8.359999999999999654e-01,-7.515342999999999662e+00
8.860000000000000098e-01,-7.516517999999999589e+00
9.360000000000000542e-01,-7.517292999999999559e+00
9.859999999999999876e-01,-7.517672000000000132e+00
1.036000000000000032e+00,-7.519510999999999612e+00
1.086000000000000076e+00,-7.520965000000000344e+00
1.135999999999999899e+00,-7.522041999999999895e+00
1.185999999999999943e+00,-7.523621000000000336e+00
1.235999999999999988e+00,-7.524727000000000388e+00
1.286000000000000032e+00,-7.526244000000000156e+00
1.336000000000000076e+00,-7.527199999999999669e+00
1.385999999999999899e+00,-7.528480000000000061e+00
1.435999999999999943e+00,-7.529986000000000068e+00
1.485999999999999988e+00,-7.530752999999999808e+00
1.536000000000000032e+00,-7.531672000000000367e+00
1.586000000000000076e+00,-7.531780000000000364e+00
1.635999999999999899e+00,-7.531970000000000276e+00
1.685999999999999943e+00,-7.532154000000000238e+00
1.735999999999999988e+00,-7.532244000000000383e+00
1.786000000000000032e+00,-7.531289000000000122e+00
1.836000000000000076e+00,-7.530187999999999882e+00
1.885999999999999899e+00,-7.528861000000000026e+00
1.935999999999999943e+00,-7.527230999999999561e+00
1.985999999999999988e+00,-7.525223000000000440e+00
2.036000000000000032e+00,-7.522764999999999702e+00
2.085999999999999854e+00,-7.519788000000000139e+00
2.136000000000000121e+00,-7.516224000000000238e+00
2.185999999999999943e+00,-7.512012000000000356e+00
2.236000000000000210e+00,-7.506218999999999753e+00
2.286000000000000032e+00,-7.499769999999999825e+00
2.336869999999999781e+00,-7.492606000000000321e+00
2.387629000000000001e+00,-7.484674000000000049e+00
2.438279000000000085e+00,-7.475919000000000203e+00
2.488823000000000008e+00,-7.466294000000000430e+00
2.539263000000000048e+00,-7.455751000000000239e+00
2.590473999999999943e+00,-7.445230999999999710e+00
2.641475999999999935e+00,-7.433826999999999963e+00
2.692273999999999834e+00,-7.421501000000000126e+00
2.742875000000000174e+00,-7.408222999999999558e+00
2.793283999999999878e+00,-7.393962000000000145e+00
2.844376000000000015e+00,-7.378692000000000029e+00
2.895176000000000194e+00,-7.362389000000000294e+00
2.945692000000000199e+00,-7.345030999999999644e+00
2.995932999999999957e+00,-7.326600000000000001e+00
3.046778000000000208e+00,-7.307081000000000159e+00
3.097252000000000116e+00,-7.286459999999999937e+00
3.147367000000000026e+00,-7.264727999999999852e+00
3.197134999999999838e+00,-7.241877999999999815e+00
3.246567000000000203e+00,-7.217906000000000155e+00
3.295675000000000132e+00,-7.192809999999999704e+00
3.345339000000000063e+00,-7.166591999999999629e+00
3.394588999999999857e+00,-7.139255999999999602e+00
3.443439000000000139e+00,-7.110807999999999574e+00
3.492773999999999823e+00,-7.081260000000000332e+00
3.541627000000000081e+00,-7.050622999999999863e+00
3.590882999999999825e+00,-7.018913000000000402e+00
3.639578999999999898e+00,-6.986148000000000025e+00
3.687733999999999845e+00,-6.952350000000000030e+00
3.736238000000000170e+00,-6.917543000000000220e+00
3.784999000000000002e+00,-6.881752999999999787e+00
3.833058999999999994e+00,-6.845011000000000401e+00
3.880441999999999947e+00,-6.807347000000000037e+00
3.928043999999999869e+00,-6.768798999999999566e+00
3.975779000000000174e+00,-6.729403999999999719e+00
4.022694000000000436e+00,-6.688217999999999996e+00
4.069689000000000334e+00,-6.646152999999999977e+00
4.115814999999999557e+00,-6.603252000000000344e+00
4.161974999999999980e+00,-6.559561999999999671e+00
4.207220999999999655e+00,-6.515132000000000367e+00
4.252461000000000269e+00,-6.470015000000000072e+00
4.296748000000000012e+00,-6.424265000000000114e+00
4.340994000000000241e+00,-6.377940999999999860e+00
4.385125999999999635e+00,-6.331102999999999703e+00
4.471902000000000044e+00,-6.236144000000000354e+00
4.514528999999999570e+00,-6.188157999999999603e+00
4.556891000000000247e+00,-6.139929000000000414e+00
4.598925999999999625e+00,-6.090546999999999933e+00
4.640577999999999648e+00,-6.040958999999999968e+00
4.680920999999999665e+00,-5.991240999999999595e+00
4.720883999999999858e+00,-5.941473000000000226e+00
4.760416000000000203e+00,-5.891740000000000421e+00
4.799465999999999788e+00,-5.841142999999999752e+00
4.837988000000000177e+00,-5.790638000000000396e+00
4.875938999999999801e+00,-5.740313999999999695e+00
4.913276999999999894e+00,-5.689277999999999835e+00
4.949963999999999587e+00,-5.638492000000000282e+00
4.985966000000000342e+00,-5.588051000000000101e+00
5.021247999999999934e+00,-5.537067999999999657e+00
5.055782999999999916e+00,-5.486509999999999998e+00
5.089542999999999928e+00,-5.435493000000000130e+00
5.122504000000000168e+00,-5.384987999999999886e+00
5.153774000000000299e+00,-5.334113000000000326e+00
5.184318000000000204e+00,-5.282855999999999774e+00
5.214115999999999751e+00,-5.232192000000000398e+00
5.243153999999999648e+00,-5.181240999999999985e+00
5.271416999999999575e+00,-5.130978999999999957e+00
5.298898000000000330e+00,-5.080530999999999686e+00
5.325587999999999766e+00,-5.029889999999999972e+00
5.351482999999999990e+00,-4.979052000000000255e+00
5.377451999999999899e+00,-4.928995999999999711e+00
5.402515000000000178e+00,-4.878847000000000378e+00
5.426677999999999891e+00,-4.828604000000000340e+00
5.449952999999999825e+00,-4.778262999999999927e+00
5.473220000000000418e+00,-4.727822999999999887e+00
5.495515000000000150e+00,-4.677279000000000408e+00
5.516859000000000179e+00,-4.626629000000000325e+00
5.538145000000000095e+00,-4.575870000000000104e+00
5.558418999999999777e+00,-4.525000000000000355e+00
5.577714000000000283e+00,-4.474999999999999645e+00
5.596934000000000076e+00,-4.424999999999999822e+00
5.614150999999999669e+00,-4.375000000000000000e+00
5.631147999999999598e+00,-4.325000000000000178e+00
5.647855999999999987e+00,-4.275000000000000355e+00
5.664212000000000025e+00,-4.224999999999999645e+00
5.680161000000000016e+00,-4.174129999999999896e+00
5.694666999999999923e+00,-4.122500999999999749e+00
5.708553000000000210e+00,-4.070223000000000368e+00
5.721775000000000055e+00,-4.017400000000000304e+00
5.734296999999999755e+00,-3.965006999999999948e+00
5.746088999999999558e+00,-3.912161000000000222e+00
5.756139000000000117e+00,-3.858963999999999839e+00
5.765297000000000338e+00,-3.805511999999999784e+00
5.773544000000000231e+00,-3.751901000000000153e+00
5.780869000000000035e+00,-3.699091000000000129e+00
5.786283000000000065e+00,-3.646190999999999960e+00
5.790651999999999688e+00,-3.593288999999999955e+00
5.793980000000000352e+00,-3.540471000000000146e+00
5.796274999999999622e+00,-3.487821999999999978e+00
5.797551000000000343e+00,-3.435420000000000140e+00
5.797826999999999842e+00,-3.383344999999999825e+00
5.796145000000000103e+00,-3.331669999999999909e+00
5.793402999999999636e+00,-3.281337999999999866e+00
5.789635999999999783e+00,-3.231437000000000115e+00
5.783896999999999622e+00,-3.182034999999999947e+00
5.777098999999999762e+00,-3.133198999999999845e+00
5.768307000000000073e+00,-3.084992999999999874e+00
5.758441000000000365e+00,-3.037476999999999983e+00
5.747556000000000331e+00,-2.989838999999999913e+00
5.734732000000000163e+00,-2.942245000000000221e+00
5.719918999999999976e+00,-2.894857000000000014e+00
5.704054000000000180e+00,-2.847830000000000084e+00
5.686340999999999646e+00,-2.801314000000000082e+00
5.666856000000000115e+00,-2.755452000000000012e+00
5.644694000000000322e+00,-2.710383999999999904e+00
5.620917999999999637e+00,-2.666240999999999861e+00
5.594739999999999824e+00,-2.623151000000000010e+00
5.567225999999999786e+00,-2.581234999999999946e+00
5.537590999999999930e+00,-2.540610000000000035e+00
5.507774999999999643e+00,-2.501384999999999970e+00
5.476013000000000019e+00,-2.463664000000000076e+00
5.443379000000000190e+00,-2.427547000000000121e+00
5.409098000000000184e+00,-2.393126999999999782e+00
5.373262000000000427e+00,-2.360491000000000117e+00
5.335964999999999847e+00,-2.329721999999999849e+00
5.298283999999999772e+00,-2.300895000000000135e+00
5.259445000000000370e+00,-2.274080999999999797e+00
5.219542999999999822e+00,-2.249344999999999928e+00
5.178676000000000279e+00,-2.226747000000000032e+00
5.137809999999999988e+00,-2.206338999999999828e+00
5.097042000000000073e+00,-2.188171000000000088e+00
5.055604999999999905e+00,-2.172283999999999882e+00
5.014471000000000345e+00,-2.158714999999999939e+00
4.972758999999999929e+00,-2.147495999999999849e+00
4.930574000000000012e+00,-2.138650999999999858e+00
4.888020000000000032e+00,-2.132200000000000095e+00
4.846072999999999631e+00,-2.128157999999999994e+00
4.803854000000000291e+00,-2.126532999999999785e+00
4.761472000000000371e+00,-2.127327999999999886e+00
4.719903000000000404e+00,-2.130539999999999878e+00
4.678272999999999904e+00,-2.136159999999999837e+00
4.637563000000000102e+00,-2.144175000000000164e+00
4.596900999999999904e+00,-2.154564000000000146e+00
4.557385000000000019e+00,-2.167301999999999840e+00
4.519129999999999647e+00,-2.182358999999999938e+00
4.481270000000000309e+00,-2.199697000000000013e+00
4.444793999999999912e+00,-2.219273999999999969e+00
4.408839999999999648e+00,-2.241042000000000201e+00
4.373528000000000304e+00,-2.264946999999999822e+00
4.339850000000000207e+00,-2.290931000000000051e+00
4.307815999999999867e+00,-2.318928000000000100e+00
4.275584000000000273e+00,-2.348866999999999816e+00
4.245019000000000098e+00,-2.380672000000000121e+00
4.215263000000000204e+00,-2.414261999999999908e+00
4.187312999999999619e+00,-2.449549000000000198e+00
4.160200999999999816e+00,-2.486438999999999844e+00
4.133941000000000088e+00,-2.524833999999999801e+00
4.109535000000000160e+00,-2.564629000000000048e+00
4.085144999999999804e+00,-2.605713999999999864e+00
4.062642000000000309e+00,-2.647974000000000050e+00
4.042043999999999748e+00,-2.691285999999999845e+00
4.022388000000000297e+00,-2.735524999999999984e+00
4.004565999999999626e+00,-2.780555999999999806e+00
3.986746000000000123e+00,-2.826242000000000143e+00
3.969819000000000209e+00,-2.872437999999999825e+00
3.953694000000000042e+00,-2.918995999999999924e+00
3.938276000000000110e+00,-2.966743999999999826e+00
3.923471999999999849e+00,-3.015638000000000041e+00
3.909189000000000025e+00,-3.065631000000000217e+00
3.895334000000000074e+00,-3.116676000000000002e+00
3.881813999999999876e+00,-3.167733000000000132e+00
3.868535000000000057e+00,-3.219616999999999951e+00
3.855405000000000193e+00,-3.273134999999999906e+00
3.842330000000000023e+00,-3.327243999999999868e+00
3.829216000000000175e+00,-3.382749000000000006e+00
3.815970999999999780e+00,-3.437619000000000202e+00
3.802502000000000049e+00,-3.493523000000000156e+00
3.788714999999999833e+00,-3.549408999999999814e+00
3.774516999999999900e+00,-3.606074000000000002e+00
3.759815000000000129e+00,-3.662462000000000106e+00
3.744514999999999816e+00,-3.719367999999999785e+00
3.728524999999999867e+00,-3.776603999999999850e+00
3.711752000000000162e+00,-3.833108999999999877e+00
3.694100999999999857e+00,-3.888691999999999815e+00
3.675479999999999858e+00,-3.944027000000000172e+00
3.655796000000000046e+00,-3.998921000000000170e+00
3.634955999999999854e+00,-4.052306999999999881e+00
3.612865000000000215e+00,-4.104974000000000345e+00
3.589431999999999956e+00,-4.156722000000000250e+00
3.564563000000000148e+00,-4.208339999999999748e+00
3.538164000000000087e+00,-4.258874999999999744e+00
3.510142999999999791e+00,-4.309232999999999869e+00
3.480405999999999889e+00,-4.359335999999999878e+00
3.449844000000000133e+00,-4.409108999999999945e+00
3.417498000000000147e+00,-4.458478999999999637e+00
3.384260999999999964e+00,-4.507378000000000107e+00
3.350159999999999805e+00,-4.554870000000000196e+00
3.315224999999999866e+00,-4.601871000000000045e+00
3.279488000000000181e+00,-4.648318999999999868e+00
3.242983999999999867e+00,-4.694154000000000160e+00
3.204768000000000061e+00,-4.739315999999999640e+00
3.165747000000000089e+00,-4.783750999999999642e+00
3.125961999999999907e+00,-4.827408000000000143e+00
3.085456999999999894e+00,-4.870235000000000092e+00
3.044280000000000097e+00,-4.912188000000000443e+00
3.002477999999999980e+00,-4.953221000000000096e+00
2.960103999999999846e+00,-4.993293999999999677e+00
2.917213999999999974e+00,-5.033240000000000158e+00
2.873866000000000032e+00,-5.072910000000000252e+00
2.830118999999999829e+00,-5.112165000000000070e+00
2.785054000000000141e+00,-5.150868000000000002e+00
2.739602999999999788e+00,-5.188018999999999714e+00
2.693833000000000144e+00,-5.223607000000000333e+00
2.646830000000000016e+00,-5.258490000000000109e+00
2.599530999999999814e+00,-5.292550000000000310e+00
2.552008999999999972e+00,-5.325674000000000241e+00
2.504340000000000011e+00,-5.356886000000000259e+00
2.455616000000000021e+00,-5.386193999999999704e+00
2.406784000000000034e+00,-5.414481999999999573e+00
2.357927000000000106e+00,-5.441652999999999629e+00
2.308140999999999998e+00,-5.467617999999999867e+00
2.258380999999999972e+00,-5.491420999999999886e+00
2.207748000000000044e+00,-5.513964999999999783e+00
2.157198999999999867e+00,-5.535173000000000343e+00
2.106822999999999890e+00,-5.554105999999999987e+00
2.055725999999999942e+00,-5.571678999999999604e+00
2.004871000000000070e+00,-5.586960999999999622e+00
1.953367999999999993e+00,-5.600876000000000410e+00
1.902182000000000039e+00,-5.613370999999999889e+00
1.851409000000000082e+00,-5.624399000000000370e+00
1.800167000000000073e+00,-5.633916000000000146e+00
1.748439999999999994e+00,-5.641885000000000261e+00
1.697198999999999902e+00,-5.647407000000000288e+00
1.645561999999999969e+00,-5.651436000000000348e+00
1.594503999999999921e+00,-5.653951000000000171e+00
1.543144000000000071e+00,-5.654063999999999979e+00
1.491476000000000024e+00,-5.652745000000000353e+00
1.440474000000000032e+00,-5.649987000000000315e+00
1.389262999999999915e+00,-5.645786000000000193e+00
1.338823000000000096e+00,-5.639275999999999733e+00
1.288278999999999952e+00,-5.631445000000000256e+00
1.237629000000000090e+00,-5.621436000000000099e+00
1.186870000000000092e+00,-5.610247000000000206e+00
1.135999999999999899e+00,-5.597027999999999892e+00
1.086000000000000076e+00,-5.582785000000000331e+00
1.036000000000000032e+00,-5.566677000000000319e+00
9.859999999999999876e-01,-5.548849999999999838e+00
9.360000000000000542e-01,-5.530320999999999820e+00
8.860000000000000098e-01,-5.511130999999999780e+00
8.359999999999999654e-01,-5.490453999999999724e+00
7.860000000000000320e-01,-5.468452000000000091e+00
7.359999999999999876e-01,-5.445292000000000243e+00
6.860000000000000542e-01,-5.421140000000000292e+00
6.360000000000000098e-01,-5.395184000000000424e+00
5.859999999999999654e-01,-5.369335000000000413e+00
5.360000000000000320e-01,-5.341798999999999964e+00
4.859999999999999876e-01,-5.313623999999999903e+00
4.359999999999999987e-01,-5.284004000000000367e+00
3.860000000000000098e-01,-5.253988999999999798e+00
3.360000000000000209e-01,-5.223646999999999707e+00
2.859999999999999765e-01,-5.193048000000000108e+00
2.359999999999999876e-01,-5.161395999999999873e+00
1.859999999999999987e-01,-5.128763000000000183e+00
1.360000000000000098e-01,-5.096208999999999989e+00
8.599999999999999312e-02,-5.063809000000000005e+00
3.599999999999999728e-02,-5.030656999999999712e+00
-1.400000000000000029e-02,-4.996833999999999776e+00
-6.400000000000000133e-02,-4.963401000000000174e+00
-1.140000000000000041e-01,-4.929572000000000287e+00
-1.640000000000000069e-01,-4.895429000000000030e+00
-2.139999999999999958e-01,-4.861051999999999929e+00
-2.640000000000000124e-01,-4.827507999999999910e+00
-3.140000000000000013e-01,-4.794012999999999636e+00
-3.639999999999999902e-01,-4.759780000000000122e+00
-4.139999999999999791e-01,-4.725876000000000410e+00
-4.640000000000000235e-01,-4.692383000000000415e+00
-5.140000000000000124e-01,-4.659383000000000052e+00
-5.639999999999999458e-01,-4.627942000000000000e+00
-6.139999999999999902e-01,-4.596404999999999852e+00
-6.640000000000000346e-01,-4.565838000000000285e+00
-7.139999999999999680e-01,-4.536323000000000327e+00
-7.640000000000000124e-01,-4.507941999999999894e+00
-8.139999999999999458e-01,-4.479906999999999861e+00
-8.639999999999999902e-01,-4.453280999999999601e+00
-9.140000000000000346e-01,-4.428143000000000384e+00
-9.639999999999999680e-01,-4.403703000000000145e+00
-1.014000000000000012e+00,-4.381020000000000358e+00
-1.064000000000000057e+00,-4.360172000000000381e+00
-1.114000000000000101e+00,-4.339380000000000237e+00
-1.163999999999999924e+00,-4.319585000000000008e+00
-1.213999999999999968e+00,-4.300740000000000229e+00
-1.264000000000000012e+00,-4.281925000000000203e+00
-1.314000000000000057e+00,-4.265055000000000263e+00
-1.364000000000000101e+00,-4.250187999999999633e+00
-1.413999999999999924e+00,-4.235529999999999795e+00
-1.463999999999999968e+00,-4.222004000000000090e+00
-1.514000000000000012e+00,-4.209546999999999706e+00
-1.564000000000000057e+00,-4.198207000000000022e+00
-1.614000000000000101e+00,-4.189013000000000098e+00
-1.663999999999999924e+00,-4.181026000000000131e+00
-1.713999999999999968e+00,-4.174173999999999829e+00
-1.764000000000000012e+00,-4.168382000000000254e+00
-1.814000000000000057e+00,-4.163687999999999612e+00
-1.864000000000000101e+00,-4.160123999999999711e+00
-1.913999999999999924e+00,-4.157606999999999609e+00
-1.963999999999999968e+00,-4.157036999999999871e+00
-2.013999999999999790e+00,-4.157455999999999818e+00
-2.064000000000000057e+00,-4.159760000000000346e+00
-2.113999999999999879e+00,-4.162989999999999746e+00
-2.164000000000000146e+00,-4.167055000000000398e+00
-2.213999999999999968e+00,-4.170988999999999614e+00
-2.263999999999999790e+00,-4.175677000000000305e+00
-2.314000000000000057e+00,-4.181015999999999622e+00
-2.363999999999999879e+00,-4.187884000000000384e+00
-2.414000000000000146e+00,-4.195305000000000284e+00
-2.463999999999999968e+00,-4.202301000000000286e+00
-2.513999999999999790e+00,-4.210725000000000051e+00
-2.564000000000000057e+00,-4.219594999999999985e+00
-2.613999999999999879e+00,-4.227921000000000262e+00
-2.664000000000000146e+00,-4.235695999999999906e+00
-2.713999999999999968e+00,-4.244760999999999562e+00
-2.763999999999999790e+00,-4.254115999999999786e+00
-2.814000000000000057e+00,-4.264613999999999905e+00
-2.863999999999999879e+00,-4.275255999999999723e+00
-2.914000000000000146e+00,-4.287759999999999572e+00
-2.963999999999999968e+00,-4.300140999999999991e+00
-3.013999999999999790e+00,-4.313248999999999889e+00
-3.064000000000000057e+00,-4.327064000000000021e+00
-3.113999999999999879e+00,-4.340582999999999636e+00
-3.164000000000000146e+00,-4.354537999999999798e+00
-3.213999999999999968e+00,-4.368793000000000148e+00
-3.263999999999999790e+00,-4.383323999999999998e+00
-3.314000000000000057e+00,-4.398108999999999824e+00
-3.363999999999999879e+00,-4.413126000000000104e+00
-3.414000000000000146e+00,-4.429223000000000354e+00
-3.463999999999999968e+00,-4.444409000000000276e+00
-3.513999999999999790e+00,-4.459533000000000413e+00
-3.564000000000000057e+00,-4.474573000000000356e+00
-3.613999999999999879e+00,-4.490375000000000227e+00
-3.664000000000000146e+00,-4.505936000000000163e+00
-3.713999999999999968e+00,-4.521122000000000085e+00
-3.763999999999999790e+00,-4.535796999999999635e+00
-3.814000000000000057e+00,-4.550813999999999915e+00
-3.863999999999999879e+00,-4.565169000000000032e+00
-3.914000000000000146e+00,-4.579716000000000342e+00
-3.963999999999999968e+00,-4.592473000000000027e+00
-4.014000000000000234e+00,-4.605163000000000117e+00
-4.064000000000000057e+00,-4.616786000000000278e+00
-4.113999999999999879e+00,-4.628199000000000396e+00
-4.163999999999999702e+00,-4.639275999999999733e+00
-4.214000000000000412e+00,-4.649894999999999889e+00
-4.264000000000000234e+00,-4.659063999999999872e+00
-4.314000000000000057e+00,-4.667650000000000077e+00
-4.363999999999999879e+00,-4.675532999999999717e+00
-4.413999999999999702e+00,-4.683586000000000027e+00
-4.464000000000000412e+00,-4.689957999999999849e+00
-4.514000000000000234e+00,-4.695524999999999949e+00
-4.564000000000000057e+00,-4.700181999999999860e+00
-4.613999999999999879e+00,-4.703826000000000285e+00
-4.663999999999999702e+00,-4.706469000000000236e+00
-4.714000000000000412e+00,-4.708130999999999844e+00
-4.764000000000000234e+00,-4.708714999999999762e+00
-4.814000000000000057e+00,-4.708129999999999704e+00
-4.864869999999999806e+00,-4.707271000000000427e+00
-4.915629000000000026e+00,-4.705186000000000313e+00
-4.966279000000000110e+00,-4.701793999999999585e+00
-5.016822999999999588e+00,-4.697130999999999723e+00
-5.067262999999999629e+00,-4.691237000000000101e+00
-5.118473999999999968e+00,-4.684039000000000286e+00
-5.169476000000000404e+00,-4.676453999999999667e+00
-5.220273999999999859e+00,-4.667548000000000030e+00
-5.270875000000000199e+00,-4.657258999999999816e+00
-5.321284000000000347e+00,-4.646514999999999951e+00
-5.371506000000000114e+00,-4.634393000000000207e+00
-5.421547000000000338e+00,-4.620842999999999812e+00
-5.472284000000000148e+00,-4.606804000000000343e+00
-5.522739999999999760e+00,-4.591363999999999557e+00
-5.572923000000000293e+00,-4.574486000000000274e+00
-5.622842000000000340e+00,-4.557119000000000142e+00
-5.672505000000000130e+00,-4.538362000000000229e+00
-5.721921000000000035e+00,-4.518188999999999567e+00
-5.771099000000000423e+00,-4.496576000000000128e+00
-5.820045999999999609e+00,-4.473500999999999728e+00
-5.869641999999999804e+00,-4.449932000000000443e+00
-5.918912999999999869e+00,-4.424985000000000390e+00
-5.967870999999999704e+00,-4.398649999999999949e+00
-6.016525999999999819e+00,-4.370919999999999916e+00
-6.064890000000000114e+00,-4.341789999999999594e+00
-6.113845999999999670e+00,-4.311261000000000010e+00
-6.162421000000000149e+00,-4.279332000000000136e+00
-6.210630000000000095e+00,-4.246007999999999782e+00
-6.258487999999999829e+00,-4.212280999999999942e+00
-6.306878000000000206e+00,-4.177292999999999701e+00
-6.355704000000000242e+00,-4.141060000000000407e+00
-6.404869999999999841e+00,-4.103600000000000136e+00
-6.453414999999999679e+00,-4.064935000000000187e+00
-6.501362000000000307e+00,-4.026072000000000095e+00
-6.549602000000000146e+00,-3.986171999999999827e+00
-6.597177000000000291e+00,-3.945266999999999857e+00
-6.644981999999999722e+00,-3.904376000000000069e+00
-6.692931999999999881e+00,-3.863655000000000062e+00
-6.740072999999999759e+00,-3.822280999999999818e+00
-6.787306000000000061e+00,-3.780302999999999969e+00
-6.833680000000000199e+00,-3.737772999999999790e+00
-6.880099999999999660e+00,-3.694745999999999864e+00
-6.926486999999999838e+00,-3.650294999999999845e+00
-6.972768000000000299e+00,-3.605350000000000055e+00
-7.017998999999999654e+00,-3.559969000000000161e+00
-7.063094000000000428e+00,-3.514218000000000064e+00
-7.107981999999999800e+00,-3.468160999999999827e+00
-7.152599000000000373e+00,-3.420885000000000176e+00
-7.196009000000000100e+00,-3.373327999999999882e+00
-7.239135000000000097e+00,-3.325562000000000129e+00
-7.281914999999999694e+00,-3.277662999999999993e+00
-7.324290999999999663e+00,-3.229706999999999883e+00
-7.366208999999999563e+00,-3.180791000000000146e+00
-7.406744999999999912e+00,-3.131864999999999899e+00
-7.446832999999999814e+00,-3.083012999999999781e+00
-7.486422000000000132e+00,-3.034320999999999824e+00
-7.525466999999999906e+00,-2.984893000000000018e+00
-7.563922999999999952e+00,-2.935688999999999993e+00
-7.601750000000000007e+00,-2.885815000000000019e+00
-7.638908999999999949e+00,-2.836234000000000144e+00
-7.675365000000000215e+00,-2.786055000000000170e+00
-7.711085999999999885e+00,-2.736244000000000121e+00
-7.745171000000000028e+00,-2.685913999999999913e+00
-7.778576000000000157e+00,-2.636031000000000013e+00
-7.811274000000000051e+00,-2.585712000000000010e+00
-7.843240999999999907e+00,-2.535927000000000042e+00
-7.874455000000000204e+00,-2.485793999999999837e+00
-7.904899000000000342e+00,-2.435303000000000218e+00
-7.934555999999999720e+00,-2.384441999999999950e+00
-7.964285000000000281e+00,-2.334184000000000037e+00
-7.993962999999999930e+00,-2.283650999999999875e+00
-8.023474999999999469e+00,-2.232833999999999985e+00
-8.052711000000000396e+00,-2.181725000000000136e+00
-8.081566000000000471e+00,-2.131298999999999833e+00
-8.109942000000000206e+00,-2.080680999999999781e+00
-8.137745000000000672e+00,-2.028995999999999800e+00
-8.164887000000000228e+00,-1.977217999999999920e+00
-8.191288000000000125e+00,-1.925454999999999917e+00
-8.216870000000000118e+00,-1.873812000000000033e+00
-8.241562999999999306e+00,-1.821409999999999973e+00
-8.265300999999999121e+00,-1.768353000000000064e+00
-8.287041999999999575e+00,-1.715610999999999997e+00
-8.307598999999999734e+00,-1.662298999999999971e+00
-8.326921000000000461e+00,-1.608514999999999917e+00
-8.344962000000000657e+00,-1.555339000000000027e+00
-8.361684000000000339e+00,-1.501994000000000051e+00
-8.376068000000000069e+00,-1.448573000000000111e+00
-8.388951999999999742e+00,-1.396033999999999997e+00
-8.400311999999999557e+00,-1.343482999999999983e+00
-8.410128000000000270e+00,-1.291004000000000040e+00
-8.418385000000000673e+00,-1.238682000000000061e+00
-8.425074999999999648e+00,-1.186596999999999902e+00
-8.430196000000000467e+00,-1.134825999999999890e+00
-8.432764999999999844e+00,-1.083444999999999991e+00
-8.433659000000000461e+00,-1.032526000000000055e+00
-8.432888000000000162e+00,-9.821370000000000378e-01
-8.430469999999999686e+00,-9.323449999999999793e-01
-8.426427000000000334e+00,-8.832140000000000546e-01
-8.420787000000000688e+00,-8.348039999999999905e-01
-8.413584999999999425e+00,-7.871730000000000116e-01
-8.404859999999999332e+00,-7.403769999999999518e-01
-8.393672999999999718e+00,-6.944669999999999455e-01
-8.380940999999999974e+00,-6.494929999999999870e-01
-8.366718000000000544e+00,-6.055009999999999559e-01
-8.351063999999999155e+00,-5.625360000000000360e-01
-8.334044000000000452e+00,-5.206380000000000452e-01
-8.314742999999999995e+00,-4.798459999999999948e-01
-8.294105999999999312e+00,-4.401939999999999742e-01
-8.272211000000000425e+00,-4.017160000000000175e-01
-8.249143000000000114e+00,-3.644399999999999862e-01
-8.224009000000000569e+00,-3.283940000000000192e-01
-8.196785000000000210e+00,-2.936019999999999741e-01
-8.167455999999999605e+00,-2.600839999999999819e-01
-8.136988000000000554e+00,-2.278600000000000070e-01
-8.105487999999999360e+00,-1.969440000000000079e-01
-8.072079999999999700e+00,-1.673499999999999988e-01
-8.037748000000000559e+00,-1.390879999999999894e-01
-8.001625000000000654e+00,-1.121629999999999988e-01
-7.963720000000000354e+00,-8.658200000000000618e-02
-7.925024999999999764e+00,-6.234399999999999664e-02
-7.884686999999999557e+00,-3.944899999999999796e-02
-7.843708000000000347e+00,-1.789299999999999918e-02
-7.801243000000000372e+00,2.333000000000000004e-03
-7.757317999999999714e+00,2.123600000000000140e-02
-7.711962999999999901e+00,3.883099999999999746e-02
-7.666193999999999953e+00,5.513300000000000145e-02
-7.619181000000000203e+00,7.016000000000000014e-02
-7.570962999999999887e+00,8.393299999999999372e-02
-7.521583999999999826e+00,9.647699999999999332e-02
-7.472076999999999636e+00,1.078179999999999972e-01
-7.421622000000000163e+00,1.179850000000000065e-01
-7.370275000000000354e+00,1.270120000000000138e-01
-7.318093000000000181e+00,1.349329999999999974e-01
-7.265138000000000318e+00,1.409169999999999867e-01
-7.212457999999999814e+00,1.468569999999999875e-01
-7.159251000000000253e+00,1.526810000000000112e-01
-7.105589000000000155e+00,1.583249999999999935e-01
-7.051548999999999623e+00,1.628590000000000038e-01
-6.997206000000000259e+00,1.663419999999999899e-01
-6.942641000000000062e+00,1.688330000000000108e-01
-6.887939000000000256e+00,1.703969999999999929e-01
-6.833185000000000286e+00,1.711000000000000021e-01
-6.778467000000000020e+00,1.710109999999999963e-01
-6.724863000000000035e+00,1.702019999999999922e-01
-6.671599999999999753e+00,1.687490000000000101e-01
-6.618776999999999688e+00,1.667269999999999863e-01
-6.566499000000000308e+00,1.642190000000000039e-01
-6.514870000000000161e+00,1.613070000000000059e-01
-6.464000000000000412e+00,1.580779999999999963e-01
-6.413999999999999702e+00,1.546200000000000074e-01
-6.363999999999999879e+00,1.510259999999999936e-01
-6.314000000000000057e+00,1.473889999999999922e-01
-6.264000000000000234e+00,1.438079999999999914e-01
-6.214000000000000412e+00,1.403830000000000078e-01
-6.163999999999999702e+00,1.372160000000000046e-01
-6.113999999999999879e+00,1.344140000000000057e-01
-6.064000000000000057e+00,1.310999999999999943e-01
-6.014000000000000234e+00,1.282550000000000079e-01
-5.964000000000000412e+00,1.250040000000000040e-01
-5.913999999999999702e+00,1.223289999999999933e-01
-5.863999999999999879e+00,1.193609999999999949e-01
-5.814000000000000057e+00,1.160989999999999939e-01
-5.764000000000000234e+00,1.135280000000000039e-01
-5.714000000000000412e+00,1.107800000000000035e-01
-5.663999999999999702e+00,1.078589999999999965e-01
-5.613999999999999879e+00,1.038960000000000022e-01
-5.564000000000000057e+00,9.987699999999999356e-02
-5.514000000000000234e+00,9.493200000000000249e-02
-5.464000000000000412e+00,9.015600000000000003e-02
-5.413999999999999702e+00,8.479000000000000425e-02
-5.363999999999999879e+00,7.981499999999999706e-02
-5.314000000000000057e+00,7.522399999999999920e-02
-5.264000000000000234e+00,7.101100000000000467e-02
-5.214000000000000412e+00,6.717099999999999460e-02
-5.163999999999999702e+00,6.369800000000000462e-02
-5.113999999999999879e+00,6.058600000000000096e-02
-5.064000000000000057e+00,5.783100000000000046e-02
-5.014000000000000234e+00,5.542500000000000204e-02
-4.964000000000000412e+00,5.336400000000000171e-02
-4.913999999999999702e+00,5.164200000000000040e-02
-4.863999999999999879e+00,5.025400000000000006e-02
-4.814000000000000057e+00,4.919300000000000062e-02
-4.764000000000000234e+00,4.845399999999999707e-02
-4.714000000000000412e+00,4.803099999999999731e-02
-4.663999999999999702e+00,4.791900000000000326e-02
-4.613999999999999879e+00,4.811200000000000199e-02
-4.564000000000000057e+00,4.860400000000000137e-02
-4.514000000000000234e+00,4.939000000000000334e-02
-4.464000000000000412e+00,4.959399999999999920e-02
-4.413999999999999702e+00,5.019200000000000050e-02
-4.363999999999999879e+00,5.117499999999999827e-02
-4.314000000000000057e+00,5.253499999999999837e-02
-4.264000000000000234e+00,5.426399999999999973e-02
-4.214000000000000412e+00,5.635400000000000131e-02
-4.163999999999999702e+00,5.879399999999999904e-02
-4.113999999999999879e+00,6.157800000000000079e-02
-4.064000000000000057e+00,6.469700000000000450e-02
-4.014000000000000234e+00,6.814099999999999324e-02
-3.963999999999999968e+00,7.190399999999999570e-02
-3.914000000000000146e+00,7.597500000000000087e-02
-3.863999999999999879e+00,8.034800000000000275e-02
-3.814000000000000057e+00,8.501300000000000523e-02
-3.763999999999999790e+00,8.996099999999999930e-02
-3.713999999999999968e+00,9.518500000000000572e-02
-3.664000000000000146e+00,1.006760000000000016e-01
-3.613999999999999879e+00,1.064260000000000067e-01
-3.564000000000000057e+00,1.124249999999999972e-01
-3.513999999999999790e+00,1.186659999999999937e-01
-3.463999999999999968e+00,1.251390000000000002e-01
-3.414000000000000146e+00,1.318370000000000097e-01
-3.363999999999999879e+00,1.387519999999999865e-01
-3.314000000000000057e+00,1.458740000000000037e-01
-3.263999999999999790e+00,1.531949999999999978e-01
-3.213999999999999968e+00,1.607059999999999877e-01
-3.164000000000000146e+00,1.693850000000000078e-01
-3.113999999999999879e+00,1.773689999999999989e-01
-3.064000000000000057e+00,1.845370000000000066e-01
-3.013999999999999790e+00,1.907629999999999881e-01
-2.963999999999999968e+00,1.969029999999999947e-01
-2.914000000000000146e+00,2.029430000000000123e-01
-2.863999999999999879e+00,2.088679999999999981e-01
-2.814000000000000057e+00,2.146649999999999947e-01
-2.763999999999999790e+00,2.203189999999999871e-01
-2.713999999999999968e+00,2.258159999999999890e-01
-2.664000000000000146e+00,2.311429999999999874e-01
-2.613999999999999879e+00,2.362849999999999950e-01
-2.564000000000000057e+00,2.412269999999999970e-01
-2.513999999999999790e+00,2.459560000000000080e-01
-2.463999999999999968e+00,2.504580000000000140e-01
-2.414000000000000146e+00,2.547180000000000000e-01
-2.363999999999999879e+00,2.587229999999999808e-01
-2.314000000000000057e+00,2.624580000000000246e-01
-2.263999999999999790e+00,2.659090000000000065e-01
-2.213999999999999968e+00,2.690629999999999966e-01
-2.164000000000000146e+00,2.719039999999999790e-01
-2.113999999999999879e+00,2.744190000000000240e-01
-2.064000000000000057e+00,2.765929999999999778e-01
-2.013999999999999790e+00,2.784139999999999948e-01
-1.963999999999999968e+00,2.798649999999999749e-01
-1.913999999999999924e+00,2.809340000000000170e-01
-1.864000000000000101e+00,2.816060000000000230e-01
-1.814000000000000057e+00,2.827379999999999893e-01
-1.764000000000000012e+00,2.842029999999999834e-01
-1.713999999999999968e+00,2.858780000000000210e-01
-1.663999999999999924e+00,2.876449999999999840e-01
-1.614000000000000101e+00,2.893839999999999746e-01
-1.564000000000000057e+00,2.910980000000000234e-01
-1.514000000000000012e+00,2.919169999999999821e-01
-1.463999999999999968e+00,2.937000000000000166e-01
-1.413999999999999924e+00,2.955849999999999866e-01
-1.364000000000000101e+00,2.968270000000000075e-01
-1.314000000000000057e+00,2.975530000000000119e-01
-1.264000000000000012e+00,2.977730000000000099e-01
-1.213999999999999968e+00,2.974979999999999847e-01
-1.163999999999999924e+00,2.967409999999999770e-01
-1.114000000000000101e+00,2.955119999999999969e-01
-1.064000000000000057e+00,2.938230000000000008e-01
-1.014000000000000012e+00,2.916850000000000276e-01
-9.639999999999999680e-01,2.891090000000000049e-01
-9.140000000000000346e-01,2.861070000000000002e-01
-8.639999999999999902e-01,2.826890000000000236e-01
-8.139999999999999458e-01,2.788680000000000048e-01
-7.640000000000000124e-01,2.746529999999999805e-01
-7.139999999999999680e-01,2.700580000000000203e-01
-6.640000000000000346e-01,2.650930000000000231e-01
-6.139999999999999902e-01,2.597690000000000277e-01
-5.639999999999999458e-01,2.540979999999999905e-01
-5.140000000000000124e-01,2.480900000000000050e-01
-4.640000000000000235e-01,2.417580000000000007e-01
-4.139999999999999791e-01,2.360970000000000013e-01
-3.639999999999999902e-01,2.302510000000000112e-01
-3.140000000000000013e-01,2.242339999999999889e-01
-2.640000000000000124e-01,2.180600000000000038e-01
-2.139999999999999958e-01,2.108730000000000049e-01
-1.640000000000000069e-01,2.036699999999999899e-01
-1.140000000000000041e-01,1.955900000000000138e-01
-6.400000000000000133e-02,1.867580000000000073e-01
-1.400000000000000029e-02,1.772930000000000061e-01
3.599999999999999728e-02,1.673119999999999885e-01
8.599999999999999312e-02,1.577999999999999958e-01
1.360000000000000098e-01,1.487570000000000003e-01
1.859999999999999987e-01,1.401830000000000020e-01
2.359999999999999876e-01,1.320770000000000000e-01
2.859999999999999765e-01,1.244399999999999951e-01
3.360000000000000209e-01,1.172720000000000012e-01
3.860000000000000098e-01,1.105730000000000046e-01
4.359999999999999987e-01,1.043430000000000052e-01
4.859999999999999876e-01,9.858200000000000296e-02
5.360000000000000320e-01,9.328899999999999693e-02
5.859999999999999654e-01,8.759500000000000619e-02
6.360000000000000098e-01,8.248099999999999876e-02
6.860000000000000542e-01,7.794500000000000040e-02
7.359999999999999876e-01,7.398399999999999421e-02
7.860000000000000320e-01,7.059500000000000497e-02
8.359999999999999654e-01,6.777400000000000091e-02
8.860000000000000098e-01,6.551999999999999491e-02
9.360000000000000542e-01,6.382999999999999785e-02
9.859999999999999876e-01,6.270000000000000573e-02
1.036000000000000032e+00,6.212800000000000267e-02
1.086000000000000076e+00,6.210999999999999854e-02
1.135999999999999899e+00,6.264500000000000624e-02
1.185999999999999943e+00,6.372999999999999499e-02
1.235999999999999988e+00,6.536000000000000143e-02
1.286000000000000032e+00,6.753499999999999781e-02
1.336000000000000076e+00,7.025000000000000688e-02
1.385999999999999899e+00,7.350299999999999889e-02
1.435999999999999943e+00,7.729199999999999959e-02
1.485999999999999988e+00,8.161200000000000399e-02
1.536000000000000032e+00,8.646299999999999819e-02
1.586000000000000076e+00,9.184000000000000496e-02
1.635999999999999899e+00,9.774099999999999455e-02
1.685999999999999943e+00,1.041630000000000056e-01
1.735999999999999988e+00,1.111029999999999934e-01
1.786000000000000032e+00,1.185589999999999977e-01
1.836000000000000076e+00,1.265270000000000006e-01
1.885999999999999899e+00,1.350049999999999861e-01
1.935999999999999943e+00,1.439900000000000069e-01
1.985999999999999988e+00,1.534790000000000043e-01
2.036000000000000032e+00,1.634700000000000042e-01
2.085999999999999854e+00,1.739590000000000025e-01
2.136000000000000121e+00,1.849429999999999963e-01
2.185999999999999943e+00,1.964210000000000123e-01
2.236000000000000210e+00,2.074040000000000050e-01
2.286000000000000032e+00,2.177719999999999934e-01
2.335999999999999854e+00,2.274029999999999940e-01
2.386000000000000121e+00,2.361709999999999920e-01
2.435999999999999943e+00,2.439469999999999972e-01
2.486000000000000210e+00,2.515850000000000031e-01
2.536000000000000032e+00,2.581970000000000098e-01
2.585999999999999854e+00,2.637639999999999985e-01
2.636000000000000121e+00,2.691339999999999844e-01
2.685999999999999943e+00,2.752669999999999839e-01
2.736000000000000210e+00,2.812749999999999972e-01
2.786000000000000032e+00,2.862680000000000224e-01
2.835999999999999854e+00,2.912069999999999936e-01
2.886000000000000121e+00,2.960690000000000266e-01
2.935999999999999943e+00,2.999629999999999797e-01
2.986000000000000210e+00,3.038460000000000050e-01
3.036000000000000032e+00,3.076940000000000230e-01
3.085999999999999854e+00,3.114819999999999811e-01
3.136000000000000121e+00,3.151840000000000197e-01
3.185999999999999943e+00,3.187729999999999730e-01
3.236000000000000210e+00,3.213559999999999750e-01
3.286000000000000032e+00,3.238880000000000092e-01
3.335999999999999854e+00,3.263409999999999922e-01
3.386000000000000121e+00,3.286859999999999782e-01
3.435999999999999943e+00,3.300259999999999860e-01
3.486000000000000210e+00,3.313139999999999974e-01
3.536000000000000032e+00,3.325179999999999803e-01
3.585999999999999854e+00,3.336080000000000156e-01
3.636000000000000121e+00,3.336819999999999786e-01
3.685999999999999943e+00,3.336919999999999886e-01
3.736000000000000210e+00,3.336020000000000096e-01
3.786000000000000032e+00,3.325099999999999723e-01
3.835999999999999854e+00,3.323470000000000035e-01
3.886000000000000121e+00,3.322089999999999765e-01
3.935999999999999943e+00,3.321779999999999733e-01
3.986000000000000210e+00,3.333169999999999744e-01
4.035999999999999588e+00,3.348400000000000265e-01
4.086000000000000298e+00,3.369449999999999945e-01
4.136000000000000121e+00,3.388459999999999805e-01
4.185999999999999943e+00,3.406210000000000071e-01
4.236869999999999692e+00,3.423499999999999877e-01
4.288498999999999839e+00,3.441069999999999962e-01
4.340777000000000108e+00,3.459630000000000205e-01
4.392730000000000246e+00,3.479889999999999928e-01
4.445235000000000269e+00,3.502500000000000058e-01
4.498188999999999993e+00,3.528109999999999857e-01
4.551491999999999649e+00,3.557310000000000194e-01
4.605046999999999890e+00,3.590690000000000270e-01
4.658758999999999872e+00,3.638640000000000208e-01
4.711666000000000132e+00,3.693020000000000191e-01
4.764661000000000257e+00,3.754339999999999899e-01
4.817654000000000103e+00,3.823099999999999832e-01
4.870561000000000362e+00,3.899759999999999893e-01
4.923296999999999812e+00,3.984770000000000256e-01
4.975780999999999565e+00,4.078530000000000211e-01
5.027936999999999657e+00,4.181420000000000137e-01
5.078820000000000334e+00,4.293799999999999839e-01
5.129337999999999731e+00,4.415990000000000193e-01
5.179420000000000357e+00,4.548289999999999833e-01
5.228996999999999673e+00,4.690960000000000130e-01
5.278001999999999860e+00,4.844249999999999945e-01
5.326372000000000106e+00,5.008369999999999767e-01
5.373177000000000092e+00,5.183499999999999774e-01
5.419337999999999766e+00,5.369800000000000129e-01
5.465670000000000250e+00,5.567389999999999839e-01
5.511135000000000339e+00,5.776379999999999848e-01
5.556555000000000355e+00,5.996829999999999661e-01
5.601768999999999998e+00,6.228780000000000427e-01
5.646627999999999759e+00,6.472259999999999680e-01
5.690981999999999985e+00,6.727239999999999887e-01
5.734691999999999901e+00,7.002380000000000271e-01
5.777622000000000035e+00,7.296510000000000495e-01
5.819640999999999842e+00,7.608420000000000183e-01
5.860625999999999891e+00,7.936950000000000394e-01
5.900457000000000285e+00,8.280889999999999640e-01
5.939022999999999719e+00,8.639069999999999805e-01
5.976214999999999833e+00,9.010299999999999976e-01
6.011931999999999832e+00,9.393380000000000063e-01
6.046077999999999619e+00,9.787150000000000016e-01
6.078561999999999799e+00,1.019039999999999946e+00
6.109300000000000175e+00,1.060195999999999916e+00
6.138213000000000363e+00,1.102063000000000015e+00
6.165226999999999791e+00,1.144522999999999957e+00
6.190274999999999750e+00,1.187457999999999902e+00
6.213294000000000317e+00,1.230749000000000093e+00
6.234227999999999881e+00,1.274277000000000104e+00
6.253025000000000055e+00,1.317924000000000095e+00
6.269642000000000159e+00,1.362554999999999961e+00
6.284037999999999791e+00,1.407183999999999990e+00
6.296179000000000414e+00,1.451697000000000015e+00
6.306038000000000032e+00,1.495975999999999972e+00
6.313590999999999731e+00,1.539906999999999915e+00
6.318821999999999939e+00,1.584357999999999933e+00
6.321718999999999866e+00,1.628344999999999931e+00
6.322276999999999703e+00,1.671756999999999938e+00
6.320495000000000196e+00,1.715462999999999960e+00
6.316379999999999661e+00,1.758485000000000076e+00
6.309942000000000384e+00,1.800712000000000090e+00
6.301199000000000439e+00,1.842904000000000098e+00
6.290174000000000376e+00,1.883969000000000005e+00
6.276893000000000278e+00,1.923799999999999955e+00
6.261391999999999847e+00,1.963273000000000046e+00
6.243710000000000093e+00,2.001415999999999862e+00
6.223892000000000202e+00,2.038121999999999989e+00
6.201988000000000056e+00,2.073287000000000102e+00
6.178055999999999770e+00,2.107791999999999888e+00
6.152158000000000015e+00,2.140664000000000122e+00
6.124360000000000248e+00,2.171803000000000150e+00
6.094738000000000433e+00,2.201105000000000089e+00
6.063368999999999787e+00,2.229455000000000187e+00
6.030338999999999672e+00,2.255882999999999861e+00
5.995737000000000094e+00,2.280289999999999928e+00
5.959660999999999653e+00,2.303561999999999887e+00
5.922210999999999892e+00,2.324733000000000160e+00
5.883494999999999919e+00,2.343706000000000067e+00
5.843626000000000431e+00,2.361371000000000109e+00
5.802722000000000158e+00,2.376762999999999959e+00
5.760907999999999696e+00,2.390775000000000095e+00
5.718314000000000341e+00,2.403430000000000177e+00
5.675074999999999648e+00,2.414756000000000125e+00
5.631331999999999560e+00,2.424780999999999853e+00
5.586248000000000324e+00,2.433537999999999979e+00
5.539857999999999727e+00,2.441062000000000065e+00
5.492200999999999667e+00,2.447392999999999930e+00
5.444301000000000279e+00,2.452568999999999999e+00
5.395335000000000214e+00,2.456637000000000182e+00
5.345353000000000243e+00,2.459640999999999966e+00
5.294406999999999641e+00,2.461631000000000125e+00
5.242550999999999739e+00,2.462660000000000071e+00
5.189843999999999902e+00,2.462782999999999944e+00
5.137331999999999788e+00,2.462057999999999858e+00
5.084209000000000422e+00,2.461415000000000131e+00
5.030546000000000184e+00,2.459935999999999900e+00
4.976415000000000255e+00,2.457691000000000070e+00
4.921889000000000181e+00,2.454750999999999905e+00
4.867047999999999597e+00,2.451191000000000120e+00
4.811970999999999776e+00,2.447090000000000209e+00
4.757727000000000039e+00,2.442527000000000115e+00
4.703533000000000186e+00,2.437586000000000030e+00
4.649483000000000033e+00,2.432352999999999987e+00
4.595670000000000144e+00,2.426916999999999991e+00
4.542192000000000007e+00,2.421370000000000022e+00
4.489149000000000278e+00,2.415805999999999898e+00
4.437629000000000268e+00,2.410321999999999854e+00
4.386870000000000047e+00,2.405019999999999936e+00
4.336000000000000298e+00,2.400002000000000191e+00
4.285999999999999588e+00,2.395373999999999892e+00
4.235999999999999766e+00,2.391245000000000065e+00
4.185999999999999943e+00,2.387725999999999793e+00
4.136000000000000121e+00,2.384930999999999912e+00
4.086000000000000298e+00,2.382979000000000180e+00
4.035999999999999588e+00,2.380133999999999972e+00
3.986000000000000210e+00,2.377383000000000024e+00
3.935999999999999943e+00,2.373860000000000081e+00
3.886000000000000121e+00,2.369679000000000091e+00
3.835999999999999854e+00,2.365819999999999812e+00
3.786000000000000032e+00,2.361413000000000206e+00
3.736000000000000210e+00,2.357434000000000029e+00
3.685999999999999943e+00,2.353879000000000055e+00
3.636000000000000121e+00,2.350741999999999887e+00
3.585999999999999854e+00,2.348018000000000161e+00
3.536000000000000032e+00,2.345699999999999896e+00
3.486000000000000210e+00,2.343783000000000172e+00
3.435999999999999943e+00,2.342261999999999844e+00
3.386000000000000121e+00,2.341130000000000155e+00
3.335999999999999854e+00,2.340381999999999962e+00
3.286000000000000032e+00,2.340012999999999899e+00
3.236000000000000210e+00,2.340017000000000014e+00
3.185999999999999943e+00,2.340387999999999913e+00
3.136000000000000121e+00,2.341120000000000090e+00
3.085999999999999854e+00,2.342207999999999846e+00
3.036000000000000032e+00,2.343646999999999814e+00
2.986000000000000210e+00,2.345429999999999904e+00
2.935999999999999943e+00,2.347551999999999861e+00
2.886000000000000121e+00,2.350007000000000179e+00
2.835999999999999854e+00,2.352789000000000019e+00
2.786000000000000032e+00,2.355894000000000155e+00
2.736000000000000210e+00,2.359315000000000051e+00
2.685999999999999943e+00,2.363046999999999898e+00
2.636000000000000121e+00,2.366099000000000174e+00
2.585999999999999854e+00,2.369333000000000133e+00
2.536000000000000032e+00,2.372740999999999989e+00
2.486000000000000210e+00,2.376313999999999815e+00
2.435999999999999943e+00,2.380043999999999826e+00
2.386000000000000121e+00,2.384793000000000163e+00
2.335999999999999854e+00,2.389568999999999832e+00
2.286000000000000032e+00,2.395239000000000118e+00
2.236000000000000210e+00,2.401683999999999930e+00
2.185999999999999943e+00,2.407919999999999838e+00
2.136000000000000121e+00,2.414817000000000213e+00
2.085999999999999854e+00,2.422263000000000055e+00
2.036000000000000032e+00,2.429281000000000024e+00
1.985999999999999988e+00,2.435874000000000095e+00
1.935999999999999943e+00,2.442050000000000054e+00
1.885999999999999899e+00,2.447814000000000156e+00
1.836000000000000076e+00,2.453170000000000073e+00
1.786000000000000032e+00,2.458126000000000033e+00
1.735999999999999988e+00,2.462686000000000153e+00
1.685999999999999943e+00,2.466857000000000077e+00
1.635999999999999899e+00,2.470642999999999923e+00
1.586000000000000076e+00,2.474050999999999778e+00
1.536000000000000032e+00,2.477087000000000039e+00
1.485999999999999988e+00,2.479754999999999932e+00
1.435999999999999943e+00,2.482060999999999851e+00
1.385999999999999899e+00,2.484011999999999887e+00
1.336000000000000076e+00,2.485612000000000155e+00
1.286000000000000032e+00,2.486867999999999856e+00
1.235999999999999988e+00,2.487785000000000135e+00
1.185999999999999943e+00,2.488369000000000053e+00
1.135999999999999899e+00,2.488624999999999865e+00
1.086000000000000076e+00,2.488558999999999966e+00
1.036000000000000032e+00,2.488176999999999861e+00
9.859999999999999876e-01,2.486499999999999932e+00
9.360000000000000542e-01,2.484399999999999942e+00
8.860000000000000098e-01,2.481882000000000144e+00
8.359999999999999654e-01,2.478946000000000094e+00
7.860000000000000320e-01,2.475597000000000047e+00
7.359999999999999876e-01,2.471836999999999840e+00
6.860000000000000542e-01,2.467668000000000195e+00
6.360000000000000098e-01,2.463095000000000034e+00
5.859999999999999654e-01,2.458118999999999943e+00
5.360000000000000320e-01,2.452742999999999896e+00
4.859999999999999876e-01,2.446971000000000007e+00
4.359999999999999987e-01,2.441673999999999900e+00
3.860000000000000098e-01,2.435874999999999790e+00
3.360000000000000209e-01,2.429578999999999933e+00
2.859999999999999765e-01,2.422791999999999835e+00
2.359999999999999876e-01,2.415518000000000054e+00
1.859999999999999987e-01,2.407764999999999933e+00
1.360000000000000098e-01,2.399537000000000031e+00
8.599999999999999312e-02,2.390840999999999994e+00
3.599999999999999728e-02,2.381680999999999937e+00
-1.400000000000000029e-02,2.373047999999999824e+00
-6.400000000000000133e-02,2.364079999999999959e+00
-1.140000000000000041e-01,2.355770999999999837e+00
-1.640000000000000069e-01,2.348246000000000056e+00
-2.139999999999999958e-01,2.340648999999999980e+00
-2.640000000000000124e-01,2.333978000000000108e+00
-3.140000000000000013e-01,2.327380999999999922e+00
-3.639999999999999902e-01,2.320873999999999882e+00
-4.139999999999999791e-01,2.314474999999999838e+00
-4.640000000000000235e-01,2.308199999999999807e+00
-5.140000000000000124e-01,2.302065999999999946e+00
-5.639999999999999458e-01,2.296089999999999964e+00
-6.139999999999999902e-01,2.290289000000000019e+00
-6.640000000000000346e-01,2.284680999999999962e+00
-7.139999999999999680e-01,2.279281000000000112e+00
-7.640000000000000124e-01,2.274106999999999879e+00
-8.139999999999999458e-01,2.269175999999999860e+00
-8.639999999999999902e-01,2.264505000000000212e+00
-9.140000000000000346e-01,2.260111000000000203e+00
-9.639999999999999680e-01,2.256010999999999989e+00
-1.014000000000000012e+00,2.252221000000000029e+00
-1.064000000000000057e+00,2.248759000000000174e+00
-1.114000000000000101e+00,2.245640999999999998e+00
-1.163999999999999924e+00,2.242884999999999796e+00
-1.213999999999999968e+00,2.240507000000000026e+00
-1.264000000000000012e+00,2.238525000000000098e+00
-1.314000000000000057e+00,2.236955000000000027e+00
-1.364000000000000101e+00,2.235813999999999968e+00
-1.413999999999999924e+00,2.235120000000000218e+00
-1.463999999999999968e+00,2.234017999999999837e+00
-1.514000000000000012e+00,2.232638000000000122e+00
-1.564000000000000057e+00,2.231104999999999894e+00
-1.614000000000000101e+00,2.229543000000000053e+00
-1.663999999999999924e+00,2.227955999999999825e+00
-1.713999999999999968e+00,2.227218000000000142e+00
-1.764000000000000012e+00,2.225476000000000010e+00
-1.814000000000000057e+00,2.223599000000000103e+00
-1.864000000000000101e+00,2.222449999999999815e+00
-1.913999999999999924e+00,2.221039999999999903e+00
-1.963999999999999968e+00,2.219246000000000052e+00
-2.013999999999999790e+00,2.217925999999999842e+00
-2.064000000000000057e+00,2.217068999999999956e+00
-2.113999999999999879e+00,2.216664000000000190e+00
-2.164000000000000146e+00,2.216699000000000197e+00
-2.213999999999999968e+00,2.218033999999999839e+00
-2.263999999999999790e+00,2.219676000000000204e+00
-2.314000000000000057e+00,2.221614999999999895e+00
-2.363999999999999879e+00,2.223844000000000154e+00
-2.414000000000000146e+00,2.226354000000000166e+00
-2.463999999999999968e+00,2.229136000000000006e+00
-2.513999999999999790e+00,2.232183000000000028e+00
-2.564000000000000057e+00,2.235485000000000166e+00
-2.613999999999999879e+00,2.239034000000000191e+00
-2.664000000000000146e+00,2.242821999999999871e+00
-2.713999999999999968e+00,2.246840000000000170e+00
-2.763999999999999790e+00,2.251079999999999970e+00
-2.814000000000000057e+00,2.255532999999999788e+00
-2.863999999999999879e+00,2.260190999999999839e+00
-2.914000000000000146e+00,2.265045000000000197e+00
-2.963999999999999968e+00,2.270086000000000048e+00
-3.013999999999999790e+00,2.276177999999999813e+00
-3.064000000000000057e+00,2.283198000000000061e+00
-3.113999999999999879e+00,2.291030999999999818e+00
-3.164000000000000146e+00,2.299561999999999884e+00
-3.213999999999999968e+00,2.308679999999999843e+00
-3.263999999999999790e+00,2.318274000000000168e+00
-3.314000000000000057e+00,2.327370999999999857e+00
-3.363999999999999879e+00,2.335977000000000192e+00
-3.414000000000000146e+00,2.344101999999999908e+00
-3.463999999999999968e+00,2.351752999999999982e+00
-3.513999999999999790e+00,2.358941000000000177e+00
-3.564000000000000057e+00,2.365671999999999997e+00
-3.613999999999999879e+00,2.370969999999999800e+00
-3.664000000000000146e+00,2.375713000000000186e+00
-3.713999999999999968e+00,2.379904999999999937e+00
-3.763999999999999790e+00,2.383551000000000197e+00
-3.814000000000000057e+00,2.386658000000000168e+00
-3.863999999999999879e+00,2.389231999999999800e+00
-3.914000000000000146e+00,2.391277000000000097e+00
-3.963999999999999968e+00,2.392799999999999816e+00
-4.014000000000000234e+00,2.393806000000000100e+00
-4.064000000000000057e+00,2.394301000000000013e+00
-4.113999999999999879e+00,2.394289999999999807e+00
-4.163999999999999702e+00,2.393778999999999879e+00
-4.214000000000000412e+00,2.392774999999999874e+00
-4.264000000000000234e+00,2.391281000000000212e+00
-4.314000000000000057e+00,2.389304999999999790e+00
-4.363999999999999879e+00,2.386851000000000056e+00
-4.413999999999999702e+00,2.383926000000000212e+00
-4.464000000000000412e+00,2.380533999999999928e+00
-4.514000000000000234e+00,2.376682999999999879e+00
-4.564000000000000057e+00,2.372376000000000040e+00
-4.613999999999999879e+00,2.367621000000000198e+00
-4.663999999999999702e+00,2.362422000000000022e+00
-4.714000000000000412e+00,2.356784999999999908e+00
-4.764000000000000234e+00,2.350716999999999945e+00
-4.814000000000000057e+00,2.344221000000000110e+00
-4.863999999999999879e+00,2.337305000000000188e+00
-4.913999999999999702e+00,2.329973999999999990e+00
-4.964000000000000412e+00,2.322233999999999909e+00
-5.014000000000000234e+00,2.314089000000000063e+00
-5.064000000000000057e+00,2.305546000000000095e+00
-5.113999999999999879e+00,2.296610999999999958e+00
-5.163999999999999702e+00,2.287288999999999906e+00
-5.214000000000000412e+00,2.277585000000000193e+00
-5.264000000000000234e+00,2.267506000000000022e+00
-5.314000000000000057e+00,2.257057000000000091e+00
-5.363999999999999879e+00,2.246243999999999907e+00
-5.413999999999999702e+00,2.235072000000000170e+00
-5.464000000000000412e+00,2.223545999999999800e+00
-5.514000000000000234e+00,2.212657999999999792e+00
-5.564000000000000057e+00,2.202529999999999877e+00
-5.613999999999999879e+00,2.193287999999999904e+00
-5.663999999999999702e+00,2.185060000000000002e+00
-5.714000000000000412e+00,2.176992999999999956e+00
-5.764000000000000234e+00,2.169103999999999921e+00
-5.814000000000000057e+00,2.162393999999999927e+00
-5.863999999999999879e+00,2.156013000000000179e+00
-5.913999999999999702e+00,2.149980999999999920e+00
-5.964000000000000412e+00,2.145188000000000095e+00
-6.014000000000000234e+00,2.140671000000000213e+00
-6.064000000000000057e+00,2.136454000000000075e+00
-6.113999999999999879e+00,2.132559000000000093e+00
-6.163999999999999702e+00,2.129007999999999790e+00
-6.214000000000000412e+00,2.125824999999999854e+00
-6.264000000000000234e+00,2.122046000000000099e+00
-6.314000000000000057e+00,2.118562999999999974e+00
-6.363999999999999879e+00,2.115394999999999914e+00
-6.413999999999999702e+00,2.112560999999999911e+00
-6.464000000000000412e+00,2.110081999999999791e+00
-6.514000000000000234e+00,2.107976999999999990e+00
-6.564000000000000057e+00,2.106266999999999889e+00
-6.613999999999999879e+00,2.104969000000000090e+00
-6.663999999999999702e+00,2.104105999999999810e+00
-6.714000000000000412e+00,2.103695000000000093e+00
-6.764000000000000234e+00,2.103758000000000017e+00
-6.814000000000000057e+00,2.104314000000000018e+00
-6.863999999999999879e+00,2.105382000000000087e+00
-6.913999999999999702e+00,2.106981999999999911e+00
-6.964000000000000412e+00,2.109135000000000204e+00
-7.014000000000000234e+00,2.111858999999999931e+00
-7.064000000000000057e+00,2.114190999999999931e+00
-7.113999999999999879e+00,2.116032000000000135e+00
-7.163999999999999702e+00,2.117283000000000026e+00
-7.214000000000000412e+00,2.117840999999999863e+00
-7.264000000000000234e+00,2.117598000000000091e+00
-7.314000000000000057e+00,2.116448000000000107e+00
-7.363999999999999879e+00,2.115261999999999976e+00
-7.413999999999999702e+00,2.114043000000000117e+00
-7.464000000000000412e+00,2.112795000000000201e+00
-7.514000000000000234e+00,2.111520000000000064e+00
-7.564000000000000057e+00,2.110221999999999820e+00
-7.613999999999999879e+00,2.108902000000000054e+00
-7.663999999999999702e+00,2.107562999999999853e+00
-7.714000000000000412e+00,2.106209000000000220e+00
-7.764000000000000234e+00,2.105713000000000168e+00
-7.814000000000000057e+00,2.105094999999999938e+00
-7.863999999999999879e+00,2.104360999999999926e+00
-7.913999999999999702e+00,2.103517000000000081e+00
-7.964000000000000412e+00,2.102568999999999910e+00
-8.013999999999999346e+00,2.101522000000000112e+00
-8.064000000000000057e+00,2.100381000000000054e+00
-8.114000000000000767e+00,2.099152999999999825e+00
-8.163999999999999702e+00,2.097843000000000124e+00
-8.214000000000000412e+00,2.096457000000000015e+00
-8.263999999999999346e+00,2.095000000000000195e+00
-8.314000000000000057e+00,2.093478999999999868e+00
-8.364000000000000767e+00,2.091898000000000035e+00
-8.413999999999999702e+00,2.090263000000000204e+00
-8.464000000000000412e+00,2.088579999999999881e+00
-8.513999999999999346e+00,2.086854999999999905e+00
-8.564000000000000057e+00,2.085093999999999781e+00
-8.614000000000000767e+00,2.083301000000000069e+00
-8.663999999999999702e+00,2.081481999999999832e+00
-8.714000000000000412e+00,2.080515000000000114e+00
-8.763999999999999346e+00,2.080290999999999890e+00
-8.814870000000000871e+00,2.080709000000000142e+00
-8.865629000000000204e+00,2.081668000000000074e+00
-8.917149000000000214e+00,2.083070999999999895e+00
-8.969321000000000765e+00,2.084823000000000093e+00
-9.022040999999999755e+00,2.086831999999999798e+00
-9.075203999999999382e+00,2.089010000000000034e+00
-9.128710999999999132e+00,2.091269000000000045e+00
-9.182463000000000264e+00,2.093528000000000056e+00
-9.236366999999999550e+00,2.095705000000000151e+00
-9.290331000000000117e+00,2.097722000000000087e+00
-9.344265000000000043e+00,2.099505999999999872e+00
-9.398082999999999743e+00,2.100982999999999823e+00
-9.451703000000000188e+00,2.102085000000000203e+00
-9.505043999999999826e+00,2.102745999999999782e+00
-9.558026999999999163e+00,2.102901000000000131e+00
-9.610578999999999539e+00,2.102489999999999970e+00
-9.662627000000000521e+00,2.101455000000000073e+00
-9.714102000000000459e+00,2.099740999999999858e+00
-9.764936999999999756e+00,2.097296000000000049e+00
-9.815070000000000405e+00,2.094071000000000016e+00
-9.864437999999999818e+00,2.090018000000000153e+00
-9.912986000000000075e+00,2.085093999999999781e+00
-9.960656000000000176e+00,2.079257999999999829e+00
-1.000739800000000024e+01,2.072473000000000010e+00
-1.005316099999999935e+01,2.063717000000000024e+00
-1.009789999999999921e+01,2.053825999999999929e+00
-1.014156900000000050e+01,2.042768000000000139e+00
-1.018500000000000050e+01,2.030511999999999873e+00
-1.022717100000000023e+01,2.017033000000000076e+00
-1.026805000000000057e+01,2.002304999999999779e+00
-1.030760700000000085e+01,1.986309000000000102e+00
-1.034581700000000026e+01,1.969024000000000107e+00
-1.038265400000000049e+01,1.950436999999999976e+00
-1.041809699999999950e+01,1.930533999999999972e+00
-1.045212899999999934e+01,1.909305000000000030e+00
-1.048473399999999955e+01,1.886743000000000059e+00
-1.051589799999999997e+01,1.862843999999999944e+00
-1.054648199999999925e+01,1.837606999999999990e+00
-1.057549799999999962e+01,1.811032999999999893e+00
-1.060294400000000081e+01,1.783125999999999989e+00
-1.062882199999999955e+01,1.753894000000000064e+00
-1.065313500000000069e+01,1.723344999999999905e+00
-1.067589000000000077e+01,1.691494000000000053e+00
-1.069709899999999969e+01,1.658355000000000024e+00
-1.071677200000000063e+01,1.623947000000000029e+00
-1.073492700000000077e+01,1.588289999999999980e+00
-1.075158000000000058e+01,1.551409999999999956e+00
-1.076675400000000060e+01,1.513333000000000039e+00
-1.078134299999999968e+01,1.474086999999999925e+00
-1.079439099999999918e+01,1.433707000000000065e+00
-1.080593200000000031e+01,1.392228000000000021e+00
-1.081600000000000072e+01,1.349685999999999941e+00
-1.082463300000000039e+01,1.306124000000000063e+00
-1.083187299999999986e+01,1.261584999999999956e+00
-1.083776300000000070e+01,1.216115999999999975e+00
-1.084234999999999971e+01,1.169764999999999944e+00
-1.084568400000000032e+01,1.122586000000000084e+00
-1.084781599999999990e+01,1.074634000000000089e+00
-1.084967199999999998e+01,1.025965999999999934e+00
-1.085032700000000006e+01,9.766430000000000389e-01
-1.084984700000000046e+01,9.257440000000000113e-01
-1.084829599999999949e+01,8.742029999999999523e-01
-1.084574399999999983e+01,8.220859999999999834e-01
-1.084226400000000012e+01,7.694619999999999793e-01
-1.083792900000000081e+01,7.164040000000000408e-01
-1.083368800000000043e+01,6.629850000000000465e-01
-1.082864000000000004e+01,6.092849999999999655e-01
-1.082286999999999999e+01,5.553829999999999600e-01
-1.081646800000000042e+01,5.013630000000000031e-01
-1.080952599999999997e+01,4.473099999999999854e-01
-1.080213700000000010e+01,3.933150000000000257e-01
-1.079439999999999955e+01,3.394670000000000187e-01
-1.078728500000000068e+01,2.858629999999999782e-01
-1.077991300000000052e+01,2.326000000000000012e-01
-1.077239299999999922e+01,1.797769999999999924e-01
-1.076483699999999999e+01,1.274990000000000012e-01
-1.075822900000000004e+01,7.587000000000000688e-02
-1.075170400000000015e+01,2.500000000000000139e-02
-1.074538599999999988e+01,-2.500000000000000139e-02
-1.073939999999999984e+01,-7.499999999999999722e-02
-1.073387499999999939e+01,-1.250000000000000000e-01
-1.072795699999999997e+01,-1.749999999999999889e-01
-1.072351800000000033e+01,-2.250000000000000056e-01
-1.071872600000000020e+01,-2.750000000000000222e-01
-1.071360400000000013e+01,-3.250000000000000111e-01
-1.070817399999999964e+01,-3.750000000000000000e-01
-1.070332900000000009e+01,-4.249999999999999889e-01
-1.069810900000000053e+01,-4.749999999999999778e-01
-1.069254100000000030e+01,-5.250000000000000222e-01
-1.068664899999999918e+01,-5.749999999999999556e-01
-1.068046000000000006e+01,-6.250000000000000000e-01
-1.067486800000000002e+01,-6.750000000000000444e-01
-1.066891700000000043e+01,-7.249999999999999778e-01
-1.066350599999999993e+01,-7.750000000000000222e-01
-1.065768100000000018e+01,-8.249999999999999556e-01
-1.065234399999999937e+01,-8.750000000000000000e-01
-1.064654400000000045e+01,-9.250000000000000444e-01
-1.064118400000000086e+01,-9.749999999999999778e-01
-1.063531799999999983e+01,-1.024999999999999911e+00
-1.062985100000000038e+01,-1.074999999999999956e+00
-1.062383900000000025e+01,-1.125000000000000000e+00
-1.061819200000000052e+01,-1.175000000000000044e+00
-1.061283799999999999e+01,-1.225000000000000089e+00
-1.060770699999999955e+01,-1.274999999999999911e+00
-1.060273300000000063e+01,-1.324999999999999956e+00
-1.059698200000000057e+01,-1.375000000000000000e+00
-1.059137600000000035e+01,-1.425000000000000044e+00
-1.058585300000000018e+01,-1.475000000000000089e+00
-1.057937100000000008e+01,-1.524999999999999911e+00
-1.057274299999999911e+01,-1.574999999999999956e+00
-1.056591300000000011e+01,-1.625000000000000000e+00
-1.055882899999999935e+01,-1.675000000000000044e+00
-1.055057200000000073e+01,-1.725000000000000089e+00
-1.054207700000000081e+01,-1.774999999999999911e+00
-1.053329599999999999e+01,-1.824999999999999956e+00
-1.052418699999999951e+01,-1.875000000000000000e+00
-1.051470800000000061e+01,-1.925000000000000044e+00
-1.050482099999999974e+01,-1.975000000000000089e+00
-1.049350600000000000e+01,-2.024999999999999911e+00
-1.048159899999999922e+01,-2.075000000000000178e+00
-1.046906700000000079e+01,-2.125000000000000000e+00
-1.045587899999999948e+01,-2.174999999999999822e+00
-1.044200999999999979e+01,-2.225000000000000089e+00
-1.042743499999999912e+01,-2.275869999999999838e+00
-1.041213300000000075e+01,-2.326629000000000058e+00
-1.039608600000000038e+01,-2.377279000000000142e+00
-1.037927700000000009e+01,-2.427823000000000064e+00
-1.036169600000000024e+01,-2.479134000000000171e+00
-1.034333099999999916e+01,-2.530232999999999954e+00
-1.032319000000000031e+01,-2.581125999999999809e+00
-1.030213799999999935e+01,-2.632687999999999917e+00
-1.028017000000000003e+01,-2.683945000000000025e+00
-1.025728400000000029e+01,-2.734903000000000084e+00
-1.023348200000000041e+01,-2.786442000000000085e+00
-1.020876799999999918e+01,-2.837588000000000221e+00
-1.018314900000000023e+01,-2.888352999999999948e+00
-1.015663499999999964e+01,-2.939618999999999982e+00
-1.012923900000000010e+01,-2.990413999999999906e+00
-1.010097599999999929e+01,-3.040751999999999899e+00
-1.007088000000000072e+01,-3.091520000000000046e+00
-1.003983999999999988e+01,-3.141747000000000067e+00
-1.000787599999999955e+01,-3.192321999999999882e+00
-9.975013000000000574e+00,-3.242281000000000191e+00
-9.941278000000000503e+00,-3.291641999999999957e+00
-9.906700000000000728e+00,-3.341295000000000126e+00
-9.871311999999999642e+00,-3.390279000000000043e+00
-9.834163999999999461e+00,-3.438616000000000117e+00
-9.796162000000000702e+00,-3.486330000000000151e+00
-9.757343999999999795e+00,-3.533440999999999832e+00
-9.717752000000000834e+00,-3.580843999999999916e+00
-9.677428000000000807e+00,-3.627578999999999887e+00
-9.636419000000000068e+00,-3.673671000000000131e+00
-9.594775999999999527e+00,-3.719146999999999981e+00
-9.551565000000000083e+00,-3.764901000000000053e+00
-9.507707999999999160e+00,-3.809975999999999807e+00
-9.463262000000000285e+00,-3.854403000000000024e+00
-9.418283999999999878e+00,-3.899077999999999822e+00
-9.371850000000000236e+00,-3.943048999999999804e+00
-9.324890999999999153e+00,-3.987216000000000093e+00
-9.277469999999999217e+00,-4.030629000000000239e+00
-9.229654000000000025e+00,-4.074192000000000036e+00
-9.181513000000000702e+00,-4.116957000000000200e+00
-9.133117000000000374e+00,-4.158960999999999686e+00
-9.083558000000000021e+00,-4.201111000000000040e+00
-9.033780000000000143e+00,-4.242460999999999594e+00
-8.983862000000000236e+00,-4.283051999999999637e+00
-8.933882999999999797e+00,-4.323793000000000220e+00
-8.882941999999999894e+00,-4.363741000000000092e+00
-8.831993000000000649e+00,-4.402940000000000076e+00
-8.781121999999999872e+00,-4.442300999999999611e+00
-8.730418000000000234e+00,-4.480885999999999925e+00
-8.679971999999999355e+00,-4.518739000000000061e+00
-8.628895999999999233e+00,-4.556776000000000160e+00
-8.578153000000000361e+00,-4.594060999999999950e+00
-8.526856000000000435e+00,-4.631510999999999711e+00
-8.475974000000000785e+00,-4.668192000000000341e+00
-8.424621000000000137e+00,-4.705027000000000292e+00
-8.373768000000000100e+00,-4.741082999999999714e+00
-8.322533999999999210e+00,-4.777286000000000143e+00
-8.271891999999999356e+00,-4.812706000000000373e+00
-8.220964000000000382e+00,-4.847400000000000375e+00
-8.170724999999999127e+00,-4.882293999999999912e+00
-8.120298999999999268e+00,-4.916464999999999641e+00
-8.069680999999999216e+00,-4.950840000000000352e+00
-8.018865999999999161e+00,-4.984498000000000317e+00
-7.967846999999999902e+00,-5.018372000000000277e+00
-7.917603999999999864e+00,-5.051540000000000141e+00
-7.867263000000000339e+00,-5.084069000000000393e+00
-7.816823000000000299e+00,-5.116893000000000136e+00
-7.766278999999999932e+00,-5.149096000000000117e+00
-7.715628999999999849e+00,-5.181614999999999860e+00
-7.664869999999999628e+00,-5.213536999999999644e+00
-7.613999999999999879e+00,-5.245802000000000298e+00
-7.564000000000000057e+00,-5.277499999999999858e+00
-7.514000000000000234e+00,-5.309573999999999572e+00
-7.464000000000000412e+00,-5.341986000000000345e+00
-7.413999999999999702e+00,-5.373828999999999745e+00
-7.363999999999999879e+00,-5.406055000000000277e+00
-7.314000000000000057e+00,-5.437758999999999787e+00
-7.264000000000000234e+00,-5.469894000000000034e+00
-7.214000000000000412e+00,-5.502430999999999628e+00
-7.163999999999999702e+00,-5.534472000000000058e+00
-7.113999999999999879e+00,-5.566975000000000229e+00
-7.064000000000000057e+00,-5.599916000000000338e+00
-7.014000000000000234e+00,-5.631419000000000175e+00
-6.964000000000000412e+00,-5.663314999999999877e+00
-6.913999999999999702e+00,-5.695583000000000062e+00
-6.863999999999999879e+00,-5.728203999999999851e+00
-6.814000000000000057e+00,-5.759307999999999872e+00
-6.763130000000000308e+00,-5.789862000000000286e+00
-6.712371000000000087e+00,-5.819960000000000022e+00
-6.660851000000000077e+00,-5.848715999999999582e+00
-6.609549000000000341e+00,-5.877092000000000205e+00
-6.557587999999999973e+00,-5.905180999999999791e+00
-6.505944999999999645e+00,-5.932091999999999921e+00
-6.454610999999999876e+00,-5.958784999999999776e+00
-6.403578000000000436e+00,-5.986221999999999710e+00
-6.352837000000000067e+00,-6.012526000000000259e+00
-6.302380000000000315e+00,-6.039526999999999646e+00
-6.252197999999999922e+00,-6.067205999999999655e+00
-6.202283999999999686e+00,-6.093688000000000216e+00
-6.152626999999999846e+00,-6.120807000000000109e+00
-6.103220999999999563e+00,-6.147560000000000358e+00
-6.054056000000000104e+00,-6.174800000000000288e+00
-6.005124000000000350e+00,-6.202510000000000190e+00
-5.956417000000000073e+00,-6.229693000000000147e+00
-5.907925999999999789e+00,-6.257207000000000185e+00
-5.859642000000000017e+00,-6.284171999999999869e+00
-5.811556999999999640e+00,-6.311562000000000339e+00
-5.763663000000000203e+00,-6.339369999999999727e+00
-5.715951999999999700e+00,-6.366608000000000267e+00
-5.668413000000000146e+00,-6.394141000000000297e+00
-5.621040999999999954e+00,-6.421967999999999677e+00
-5.573824000000000112e+00,-6.450090999999999575e+00
-5.526756999999999920e+00,-6.477528999999999648e+00
-5.479828000000000365e+00,-6.505156000000000382e+00
-5.433031999999999861e+00,-6.532980000000000231e+00
-5.386358000000000423e+00,-6.560025000000000439e+00
-5.339798000000000044e+00,-6.587172999999999945e+00
-5.293345000000000411e+00,-6.613451000000000413e+00
-5.246987999999999985e+00,-6.640611999999999959e+00
-5.200720999999999705e+00,-6.667575000000000252e+00
-5.154535000000000089e+00,-6.694247999999999976e+00
-5.108419999999999739e+00,-6.720654999999999824e+00
-5.062369000000000341e+00,-6.745836999999999861e+00
-5.016372999999999749e+00,-6.769821000000000311e+00
-4.970423000000000258e+00,-6.793619999999999770e+00
-4.924512000000000000e+00,-6.816277000000000363e+00
-4.878630000000000244e+00,-6.838693000000000133e+00
-4.832770000000000010e+00,-6.860901000000000138e+00
-4.786921999999999677e+00,-6.881079999999999863e+00
-4.741077999999999903e+00,-6.901118999999999559e+00
-4.695229999999999571e+00,-6.921052000000000426e+00
-4.649370000000000225e+00,-6.939932999999999907e+00
-4.603487999999999580e+00,-6.958669999999999689e+00
-4.557577000000000211e+00,-6.976319000000000159e+00
-4.511626999999999832e+00,-6.993793000000000148e+00
-4.465631000000000128e+00,-7.009279000000000259e+00
-4.419579999999999842e+00,-7.024674000000000085e+00
-4.373465000000000380e+00,-7.039037000000000432e+00
-4.327278999999999876e+00,-7.053281000000000134e+00
-4.281011999999999595e+00,-7.067453999999999681e+00
-4.234655000000000058e+00,-7.079749999999999766e+00
-4.188202000000000425e+00,-7.092069000000000401e+00
-4.141642000000000046e+00,-7.103477999999999959e+00
-4.094967999999999719e+00,-7.114895999999999887e+00
-4.048172000000000104e+00,-7.125390999999999586e+00
-4.001242999999999661e+00,-7.135883999999999894e+00
-3.954175999999999913e+00,-7.145560999999999829e+00
-3.906959000000000071e+00,-7.154476999999999975e+00
-3.859586999999999879e+00,-7.163555999999999813e+00
-3.812047999999999881e+00,-7.171873999999999860e+00
-3.764336999999999822e+00,-7.180356999999999879e+00
-3.716442999999999941e+00,-7.188081000000000387e+00
-3.668358000000000008e+00,-7.195108000000000281e+00
-3.620073999999999792e+00,-7.201497999999999955e+00
-3.620073999999999792e+00,-7.201497999999999955e+00
-3.571582999999999952e+00,-7.207197999999999993e+00
-3.522876000000000118e+00,-7.213137999999999828e+00
-3.473943999999999921e+00,-7.218397000000000396e+00
-3.424779000000000018e+00,-7.223910000000000053e+00
-3.375373000000000179e+00,-7.228756999999999877e+00
-3.325715999999999894e+00,-7.232891000000000403e+00
-3.275802000000000103e+00,-7.237248000000000125e+00
-3.225620000000000154e+00,-7.240914000000000073e+00
-3.175162999999999958e+00,-7.243841999999999892e+00
-3.124422000000000033e+00,-7.246972999999999665e+00
-3.073389000000000149e+00,-7.249393000000000420e+00
-3.022054999999999936e+00,-7.250191000000000052e+00
-2.970412000000000052e+00,-7.250305000000000000e+00
-2.918451000000000128e+00,-7.250675000000000203e+00
-2.867148999999999948e+00,-7.251373000000000069e+00
-2.815628999999999937e+00,-7.252474000000000309e+00
-2.764870000000000161e+00,-7.254055000000000142e+00
-2.713999999999999968e+00,-7.256197000000000230e+00
-2.664000000000000146e+00,-7.258982999999999741e+00
-2.613999999999999879e+00,-7.262499000000000038e+00
-2.564000000000000057e+00,-7.266835000000000377e+00
-2.513999999999999790e+00,-7.271097000000000143e+00
-2.463999999999999968e+00,-7.276247999999999827e+00
-2.414000000000000146e+00,-7.281397000000000119e+00
-2.363999999999999879e+00,-7.286526000000000280e+00
-2.314000000000000057e+00,-7.292597999999999914e+00
-2.263999999999999790e+00,-7.298726000000000269e+00
-2.213999999999999968e+00,-7.304893999999999998e+00
-2.164000000000000146e+00,-7.311084000000000138e+00
-2.113999999999999879e+00,-7.317280000000000229e+00
-2.064000000000000057e+00,-7.323464999999999669e+00
-2.013999999999999790e+00,-7.329621999999999638e+00
-1.963999999999999968e+00,-7.336717000000000155e+00
-1.913999999999999924e+00,-7.343867999999999618e+00
-1.864000000000000101e+00,-7.351060000000000372e+00
-1.814000000000000057e+00,-7.358278999999999570e+00
-1.764000000000000012e+00,-7.365510999999999697e+00
-1.713999999999999968e+00,-7.372741000000000433e+00
-1.663999999999999924e+00,-7.379954999999999821e+00
-1.614000000000000101e+00,-7.387139999999999596e+00
-1.564000000000000057e+00,-7.394281000000000326e+00
-1.514000000000000012e+00,-7.401364000000000054e+00
-1.463999999999999968e+00,-7.407504999999999562e+00
-1.413999999999999924e+00,-7.413672000000000040e+00
-1.364000000000000101e+00,-7.419846999999999859e+00
-1.314000000000000057e+00,-7.425029000000000323e+00
-1.264000000000000012e+00,-7.429083000000000325e+00
-1.213999999999999968e+00,-7.432858000000000409e+00
-1.163999999999999924e+00,-7.436331000000000024e+00
-1.114000000000000101e+00,-7.439479999999999649e+00
-1.064000000000000057e+00,-7.443265000000000242e+00
-1.014000000000000012e+00,-7.446797000000000111e+00
-9.639999999999999680e-01,-7.450057000000000151e+00
-9.140000000000000346e-01,-7.453025000000000233e+00
-8.639999999999999902e-01,-7.455681000000000225e+00
-8.139999999999999458e-01,-7.458988999999999869e+00
-7.640000000000000124e-01,-7.462062999999999668e+00
-7.139999999999999680e-01,-7.464885999999999910e+00
-6.640000000000000346e-01,-7.467439999999999856e+00
-6.139999999999999902e-01,-7.469708999999999932e+00
-5.639999999999999458e-01,-7.471676000000000428e+00
-5.140000000000000124e-01,-7.473322999999999716e+00
-4.640000000000000235e-01,-7.475619000000000014e+00
-4.139999999999999791e-01,-7.477680000000000327e+00
-3.639999999999999902e-01,-7.479490000000000194e+00
-3.140000000000000013e-01,-7.481035999999999575e+00
-2.640000000000000124e-01,-7.482304000000000066e+00
-2.139999999999999958e-01,-7.484264999999999723e+00
-1.640000000000000069e-01,-7.486036000000000357e+00
-1.140000000000000041e-01,-7.487606000000000428e+00
-6.400000000000000133e-02,-7.488965000000000316e+00
-1.400000000000000029e-02,-7.490971000000000046e+00
3.599999999999999728e-02,-7.492631000000000263e+00
8.599999999999999312e-02,-7.494919999999999582e+00
1.360000000000000098e-01,-7.496965000000000323e+00
1.859999999999999987e-01,-7.498757000000000339e+00
2.359999999999999876e-01,-7.500293000000000099e+00
2.859999999999999765e-01,-7.501566000000000400e+00
3.360000000000000209e-01,-7.502570999999999657e+00
3.860000000000000098e-01,-7.504286999999999708e+00
