8.160859999999999559e+00,-1.128459999999999575e+00,-1.805375969242492828e-01
8.230899530435571876e+00,-9.870107844485791482e-01,-2.106438818716069583e-01
8.304189540780416934e+00,-8.472089517154672844e-01,-2.252702873830311481e-01
8.381302312743740046e+00,-7.094911742899694396e-01,-2.196842491481172666e-01
8.461034001207675459e+00,-5.732608183389147349e-01,-1.941238179820101162e-01
8.544256771446246290e+00,-4.391456892120695343e-01,-1.516822318084618260e-01
8.630298452811853593e+00,-3.068085207444548601e-01,-9.640028666996197648e-02
8.719347273229853812e+00,-1.764720480769152999e-01,-3.146775782993818660e-02
8.811022374206824992e+00,-4.797694021754850269e-02,4.112847019515026431e-02
8.905667102915591826e+00,7.835083354560623548e-02,1.188235127067484576e-01
9.000466220171867704e+00,2.045433328946222318e-01,1.968266488045638807e-01
9.085702799793338613e+00,3.374651918108080295e-01,2.687542317229148492e-01
9.162966675738402955e+00,4.751150823143277524e-01,3.288575185892555486e-01
9.230845201853046689e+00,6.176652263486765992e-01,3.739788388197985980e-01
9.289477646923414156e+00,7.642493284444236146e-01,4.041952315329879197e-01
9.338309702230723985e+00,9.143463679569523439e-01,4.221768948095023788e-01
9.377096382044992851e+00,1.067383965947412028e+00,4.317290394291715683e-01
9.405545090737030378e+00,1.222645915104634495e+00,4.362981839327831901e-01
9.423539713588466427e+00,1.379490800976086007e+00,4.381638389015216628e-01
9.430914299448216909e+00,1.537159355226415558e+00,4.384711941002130686e-01
9.427708267336539549e+00,1.695005164843040868e+00,4.376785784174682115e-01
9.413916132229815048e+00,1.852272800538889319e+00,4.359745808738536565e-01
9.389622020062416752e+00,2.008239639288097234e+00,4.335266497516020445e-01
9.355043652367687201e+00,2.162281393232383220e+00,4.306117430830340709e-01
9.310374400628472102e+00,2.313672970697166154e+00,4.276671147037699461e-01
9.255941315694487415e+00,2.461863671128758035e+00,4.252254009888007391e-01
9.192045014333302788e+00,2.606232691861995576e+00,4.237079327901560610e-01
9.119098057600409035e+00,2.746205171438262038e+00,4.231462262352038706e-01
9.037522613860081933e+00,2.881368993042262794e+00,4.229763063260469358e-01
8.947700669547719698e+00,3.011165764236873876e+00,4.220330856754852533e-01
8.850148948535631277e+00,3.135280320992816172e+00,4.188082998405018298e-01
8.743855204500720291e+00,3.251981688943427429e+00,4.119271814312909785e-01
8.629591053556382008e+00,3.360941764580066327e+00,4.006425104969172923e-01
8.508598600556773306e+00,3.462353975089607516e+00,3.850868386103112329e-01
8.381718404970822434e+00,3.556260670016422321e+00,3.661756147660612526e-01
8.249722567561125430e+00,3.642859325382665325e+00,3.452592756655525896e-01
8.113345001576021787e+00,3.722334604323439322e+00,3.237052599253493756e-01
7.973214342307635150e+00,3.795016429622176002e+00,3.025768951003175999e-01
7.829871673061391313e+00,3.861123904703855025e+00,2.825125612496660055e-01
7.683832432592965667e+00,3.921054331731088638e+00,2.637913889113017718e-01
7.535489353956876357e+00,3.975037987707021880e+00,2.464761707563590809e-01
7.385239691104872328e+00,4.023384190096717106e+00,2.305315971145910081e-01
7.233367557521050095e+00,4.066440747661410171e+00,2.158870010029161901e-01
7.080159205719941617e+00,4.104418583306566504e+00,2.024606993048990722e-01
6.925846687172446892e+00,4.137663094922022999e+00,1.901683573271222838e-01
6.770629183610299862e+00,4.166370725247104723e+00,1.789264755129989226e-01
6.614684087876248952e+00,4.190805561523849754e+00,1.686542411438244071e-01
6.458154068476806842e+00,4.211195731548473375e+00,1.592746030946805558e-01
6.301186322850567123e+00,4.227729026145190083e+00,1.507151211765357657e-01
6.143859735058538440e+00,4.240627823309096378e+00,1.429085600833708558e-01
5.986293976325205435e+00,4.250041220839489320e+00,1.357928905394542307e-01
5.828568567662061994e+00,4.256157831492298094e+00,1.293107024619407353e-01
5.670750205824085732e+00,4.259117123716603892e+00,1.234083408299881668e-01
5.512901420595899715e+00,4.259067694310190610e+00,1.180344692331490863e-01
5.355082805266664359e+00,4.256126237197956463e+00,1.131355403218572281e-01
5.197337266927259947e+00,4.250416312027764043e+00,1.086364314454472957e-01
5.039712847897487968e+00,4.242053881349087341e+00,1.043794495406080852e-01
4.882252467452255829e+00,4.231117925258388368e+00,9.998769900139697908e-02
4.724972750829269152e+00,4.217723496699044894e+00,9.466385375662093871e-02
4.567919288064675953e+00,4.201935076802311819e+00,8.704779530950165767e-02
4.411111092291893243e+00,4.183828568092510025e+00,7.534019302291553033e-02
4.254587051747092730e+00,4.163489283952126030e+00,5.779659451568237155e-02
4.098347649493775613e+00,4.140997759863797256e+00,3.345094118002939210e-02
3.942438853923373898e+00,4.116324070755926101e+00,2.759560032785202816e-03
3.786886870302934582e+00,4.089518083836146900e+00,-3.215134458775589094e-02
3.631505151283847876e+00,4.061759175601492800e+00,-6.786179157627314495e-02
3.475344321873445885e+00,4.038722414000968541e+00,-1.006267005481779608e-01
3.318644580881463302e+00,4.019674336972760109e+00,-1.275206008828585480e-01
3.161479486391033156e+00,4.005038208910380426e+00,-1.472047896788440391e-01
3.003980872413283709e+00,3.994557959001773462e+00,-1.600454401477575672e-01
2.846251136473056942e+00,3.988339962400901051e+00,-1.676686433991369796e-01
2.688418116150347537e+00,3.986361568641627606e+00,-1.722091586181143663e-01
2.530584875599119155e+00,3.988625156318062359e+00,-1.755713744477775951e-01
2.372871922688116531e+00,3.995146761181911366e+00,-1.789776386946681785e-01
2.215399225899211011e+00,4.005955131765023047e+00,-1.828597634720552367e-01
2.058270207482388425e+00,4.021046971779760781e+00,-1.869236004070224666e-01
1.901631407259781970e+00,4.040504364400769433e+00,-1.902084186462780491e-01
1.745668060328770199e+00,4.064834098158686793e+00,-1.911439785031310568e-01
1.590605370637005800e+00,4.094371532172725203e+00,-1.877613800152944656e-01
1.436582083735236548e+00,4.128902539086490187e+00,-1.781729174075411259e-01
1.283748192908815922e+00,4.168392789652408226e+00,-1.612319370082451464e-01
1.132232030968774117e+00,4.212652706473462239e+00,-1.371228779604665438e-01
9.822312353393107820e-01,4.261818044651073834e+00,-1.076217386449529467e-01
8.338642195830852089e-01,4.315719283539396045e+00,-7.583830621126917693e-02
6.856081193377594474e-01,4.369887591404872040e+00,-4.541842581429371417e-02
5.370059000009632655e-01,4.423115070767039470e+00,-1.949609516933733036e-02
3.882092991537469118e-01,4.475789619849678047e+00,1.135622094166374951e-04
2.391609147742315145e-01,4.527733455855166511e+00,1.315942468532039014e-02
8.988985018620354595e-02,4.579061862430119589e+00,2.066154437223721371e-02
-5.959969268582554491e-02,4.629739226139516717e+00,2.431364961294448651e-02
-2.092994519722655156e-01,4.679791972948407874e+00,2.588622335115032744e-02
-3.592014192557329011e-01,4.729228277086392040e+00,2.691055009570997650e-02
-5.093061738303870101e-01,4.778044401908118743e+00,2.871867498922158271e-02
-6.596061532424659646e-01,4.826270475422944628e+00,3.262664526118604774e-02
-8.100950394473134253e-01,4.873885133598562902e+00,3.995466868421680001e-02
-9.607776824350526823e-01,4.920904949857114019e+00,5.176033146613440161e-02
-1.111640379057240224e+00,4.967332819314282943e+00,6.841173814464580893e-02
-1.262671276137705689e+00,5.013203577296150293e+00,8.924609525107482511e-02
-1.413937976419791909e+00,5.058286139501528389e+00,1.125327201694337753e-01
-1.565947597796215396e+00,5.100812101273614729e+00,1.358372506123565193e-01
-1.719233540814691708e+00,5.138457760295227494e+00,1.566624206175341871e-01
-1.873653716356797672e+00,5.171208078324471380e+00,1.730395310665652775e-01
-2.028983224691644160e+00,5.199288203581608592e+00,1.837934300183971248e-01
-2.185112178730282739e+00,5.222531949639754423e+00,1.884837541063372479e-01
-2.341895632222156465e+00,5.240854790215843551e+00,1.872200418701329694e-01
-2.499177197751645707e+00,5.254188486536431668e+00,1.805207980700146431e-01
-2.656815580035847724e+00,5.262405004173751344e+00,1.692847107605000290e-01
-2.814631163429232696e+00,5.265570687399812932e+00,1.548399286004416842e-01
-2.972478874059810039e+00,5.263539026819606725e+00,1.389143629037025429e-01
-3.130262457287615874e+00,5.259332832850113881e+00,1.233721345459412311e-01
-3.287975530433346005e+00,5.252746305964048013e+00,1.097777472108596303e-01
-3.445575974126394936e+00,5.243991335696376765e+00,9.903761064469769615e-02
-3.603042508130291477e+00,5.233053049439543081e+00,9.130267818557107062e-02
-3.760346580815419060e+00,5.220012174368217295e+00,8.613003954280780416e-02
-3.917473801954443502e+00,5.204915844855827700e+00,8.279121690273807954e-02
-4.074386932639963987e+00,5.187831122186867816e+00,8.058222906996662105e-02
-4.231078931026083900e+00,5.168772515545209778e+00,7.900922152350280114e-02
-4.387521516029062596e+00,5.147782135278615279e+00,7.781914849503575315e-02
-4.543701144821900684e+00,5.124904238892026953e+00,7.695316691572548495e-02
-4.699594021239092534e+00,5.100142819101097125e+00,7.652601772215386622e-02
-4.855183089582828515e+00,5.073546805802083171e+00,7.686916140576217915e-02
-5.010447537236300874e+00,5.045113988849687203e+00,7.858334392398064194e-02
-5.165360319557430913e+00,5.014861808927944864e+00,8.248823750393320664e-02
-5.319916851906032917e+00,4.982803549573769253e+00,8.939789171035467108e-02
-5.474088981491041395e+00,4.948917669460142221e+00,9.977261148448095252e-02
-5.627851463116572361e+00,4.913264305945793886e+00,1.133945176614908484e-01
-5.781150303425557802e+00,4.875653726626881124e+00,1.292255762092558991e-01
-5.933961259305162272e+00,4.836137204284066904e+00,1.455678158630719088e-01
-6.085412401178091457e+00,4.791628343614213748e+00,1.605294717680415817e-01
-6.235425822272390839e+00,4.742527920963224730e+00,1.726042098954888027e-01
-6.383846335281961437e+00,4.688780795878541241e+00,1.810732228663910759e-01
-6.530577682824636021e+00,4.630595114009036450e+00,1.860708914994157193e-01
-6.675497264212141957e+00,4.568024291749816612e+00,1.883569934848974003e-01
-6.818478254541628480e+00,4.501162355081872235e+00,1.889420154352846326e-01
-6.959438144103383905e+00,4.430107369984773058e+00,1.887392601650154655e-01
-7.098228702615579699e+00,4.354924709050576936e+00,1.883948878527598458e-01
-7.234760529534117524e+00,4.275711770560848279e+00,1.883540962964282695e-01
-7.368918553782494385e+00,4.192535327047629323e+00,1.891281168337782259e-01
-7.500576820905799025e+00,4.105461861409924751e+00,1.916897397743332898e-01
-7.629629394867791348e+00,4.014569177958232871e+00,1.978608750943291750e-01
-7.755953873681608712e+00,3.919920990835098262e+00,2.104269160435645047e-01
-7.879418720679082000e+00,3.821575659676526460e+00,2.327051508007432490e-01
-7.999922812057238986e+00,3.719615556035082982e+00,2.675469777947752092e-01
-8.117221237381420096e+00,3.613990417557635393e+00,3.160774196412453607e-01
-8.231403472604228000e+00,3.505002596521021196e+00,3.766431586819986022e-01
-8.341649873811009641e+00,3.392058100272692389e+00,4.444810062258192085e-01
-8.443783567827521708e+00,3.271765849166937468e+00,5.124941495647649115e-01
-8.532550040260723279e+00,3.141158261322576362e+00,5.730330368214108239e-01
-8.607763265664917895e+00,3.002383794197877265e+00,6.199548778083033840e-01
-8.668422414041684121e+00,2.856585039537534065e+00,6.500828416211706928e-01
-8.713822939375340582e+00,2.705412374345264936e+00,6.635477430395142484e-01
-8.743722916045046034e+00,2.550355170433805885e+00,6.629461071785659465e-01
-8.757835974661107414e+00,2.393140362072673888e+00,6.517259664488771476e-01
-8.756573506824754105e+00,2.235234951221996003e+00,6.326313560321871199e-01
-8.740228785607978779e+00,2.078176171524316995e+00,6.069242261273519734e-01
-8.709501930886094812e+00,1.923349005863541406e+00,5.745229064762564786e-01
-8.665262087414452807e+00,1.771769708169266488e+00,5.347667066670963587e-01
-8.608437683912704586e+00,1.624508740318612698e+00,4.873999805651565431e-01
-8.540052655922965030e+00,1.482188278351057376e+00,4.333818882953767715e-01
-8.461295585743007663e+00,1.345393947317734540e+00,3.752398687878012451e-01
-8.372809298405121226e+00,1.214610743885995880e+00,3.168356690000762033e-01
-8.278283026488178820e+00,1.088154941254490193e+00,2.625457200574123351e-01
-8.181182296403990861e+00,9.637179318107844672e-01,2.161040865836413860e-01
-8.081568274490194881e+00,8.412743116548675459e-01,1.796286551885057647e-01
-7.979263879181397456e+00,7.210624931047746600e-01,1.532814959430149893e-01
-7.874596580021186121e+00,6.029102962026113843e-01,1.356118507800775086e-01
-7.767649420326558030e+00,4.868166939687972317e-01,1.243126172054595246e-01
-7.658557131793232386e+00,3.727399629113268276e-01,1.170555148049199773e-01
-7.547435296791055848e+00,2.606382097944219822e-01,1.121205116641294658e-01
-7.434381471813632736e+00,1.504775554696662354e-01,1.086783481427922859e-01
-7.319509210205286998e+00,4.221611890154797209e-02,1.067947700254356785e-01
-7.202894812941190494e+00,-6.415574102862464656e-02,1.072939591525425146e-01
-7.084609603627201935e+00,-1.686802411488965703e-01,1.114801132654553856e-01
-6.964732570286064295e+00,-2.713695053516618216e-01,1.206372292366681698e-01
-6.843314260150594741e+00,-3.722244498177209593e-01,1.353710079960938895e-01
-6.720453365649967203e+00,-4.713215605522016460e-01,1.550347986271720102e-01
-6.596031293186944033e+00,-5.684523005879293933e-01,1.775128046877582355e-01
-6.470175396153635461e+00,-6.637038229307239412e-01,1.995618923668842359e-01
-6.339885036800479767e+00,-7.528233936926946868e-01,2.177122534617015603e-01
-6.205334240451460204e+00,-8.354069037103188933e-01,2.293647221287348215e-01
-6.067520739645082983e+00,-9.123926501311721005e-01,2.335213891394903873e-01
-5.926771251932658302e+00,-9.838469278552701702e-01,2.308382495186040440e-01
-5.783438723202467102e+00,-1.049981840755053852e+00,2.231082413957612975e-01
-5.637876972610781579e+00,-1.111027586317619331e+00,2.124883195654208023e-01
-5.490391089534546687e+00,-1.167286867772286296e+00,2.008100807610346261e-01
-5.341235684657779537e+00,-1.218953716697001699e+00,1.892400438557838294e-01
-5.190638509661651412e+00,-1.266248773071434464e+00,1.783277906962751069e-01
-5.038801397213555688e+00,-1.309412875829413458e+00,1.682453060277254997e-01
-4.885905849399323486e+00,-1.348616119823945247e+00,1.590001161057860157e-01
-4.732087991241122893e+00,-1.384075585932976971e+00,1.505459822591922181e-01
-4.577501988233547259e+00,-1.415955861193651799e+00,1.428185629196931372e-01
-4.422241587345281388e+00,-1.444424921552170282e+00,1.357287453820460454e-01
-4.266414177285151155e+00,-1.469618633534301111e+00,1.291090614073957810e-01
-4.110121106408629821e+00,-1.491696460034844129e+00,1.225809601444648594e-01
-3.953433416880506979e+00,-1.510787597660762316e+00,1.153374115293224200e-01
-3.796419901593211410e+00,-1.526997839552021397e+00,1.059464162092501327e-01
-3.639146776223903146e+00,-1.540454130788316611e+00,9.240371015483797579e-02
-3.481675089537077383e+00,-1.551242622648333125e+00,7.260656742849300183e-02
-3.324041033194842676e+00,-1.559478928681265586e+00,4.514895140535898910e-02
-3.166297262973171822e+00,-1.565188721148242479e+00,1.009992596114410099e-02
-3.008495588699350964e+00,-1.568726733104256255e+00,-3.060642989644511702e-02
-2.850647427783368659e+00,-1.569990751111591365e+00,-7.346292113441144078e-02
-2.692900486271121885e+00,-1.575689815403608307e+00,-1.144431325355471374e-01
-2.535445719499552553e+00,-1.586963886862925222e+00,-1.504409868000646244e-01
-2.378416177510972229e+00,-1.603025857344873017e+00,-1.803435209793880778e-01
-2.221982686148135322e+00,-1.624120736598336556e+00,-2.051186298508979600e-01
-2.066325982446621801e+00,-1.650332075277145094e+00,-2.268343295629835499e-01
-1.911633446714362972e+00,-1.681731794977656236e+00,-2.470718787989871768e-01
-1.758071449268914677e+00,-1.718288900397366259e+00,-2.655602265150653341e-01
-1.605924907750853725e+00,-1.760308170337486544e+00,-2.798436112130902598e-01
-1.455381060979450858e+00,-1.807724876993729968e+00,-2.862510574093334315e-01
-1.308384555927840642e+00,-1.865319057365669497e+00,-2.816631903624420841e-01
-1.165401123720786192e+00,-1.932198471499990688e+00,-2.651089542828889978e-01
-1.027192622267356636e+00,-2.008547132830591941e+00,-2.383398859326793795e-01
-8.911074714555691223e-01,-2.088513671492348234e+00,-2.051318323243156438e-01
-7.565943580202172392e-01,-2.171102161761113258e+00,-1.698089629517047228e-01
-6.240574729044987556e-01,-2.256832403132522202e+00,-1.358621070530301733e-01
-4.933789762471629814e-01,-2.345370551627081745e+00,-1.052890787610806095e-01
-3.646526712191953123e-01,-2.436732972724451329e+00,-7.871932447812660105e-02
-2.365175637420211530e-01,-2.528903763538703942e+00,-5.597714028009125042e-02
-1.086499729817944626e-01,-2.621449215676125988e+00,-3.666276305864532570e-02
1.881335706302067479e-02,-2.714553683481419455e+00,-2.048334621561979929e-02
1.459146894974310271e-01,-2.808147153991171763e+00,-7.295517678841467041e-03
2.729462272858711458e-01,-2.901839881331298443e+00,3.011736554499967744e-03
4.003933017645024961e-01,-2.994962063180331313e+00,1.063108305710604162e-02
5.282323879513732834e-01,-3.087554491133346346e+00,1.587029612512887849e-02
6.563948871015661268e-01,-3.179687297135039614e+00,1.912844419960785247e-02
7.849024695675765884e-01,-3.271341701993883078e+00,2.086306750593662496e-02
9.137393857805058417e-01,-3.362537502712257265e+00,2.155151324011450598e-02
1.042895272390857997e+00,-3.453276735372675432e+00,2.163065404723588797e-02
1.172359031803814844e+00,-3.543580737246877277e+00,2.143655634654843128e-02
1.302116809895949245e+00,-3.633452101933222878e+00,2.119217924533214198e-02
1.432186086248531609e+00,-3.722884182294635025e+00,2.106312881569451234e-02
1.562535672775549500e+00,-3.811896160119033539e+00,2.125718006031281776e-02
1.693171384434595694e+00,-3.900496427007404066e+00,2.211792720550102842e-02
1.824088845199359099e+00,-3.988667161842890607e+00,2.415076064533855024e-02
1.955290797183021567e+00,-4.076428946843272172e+00,2.793113819271267340e-02
2.086766507131763149e+00,-4.163769020495475814e+00,3.390265051723486550e-02
2.218529756723732760e+00,-4.250682613915909513e+00,4.214378522727906667e-02
2.350548258434553617e+00,-4.337202163146343992e+00,5.221345234163834309e-02
2.482912562921155697e+00,-4.423198297011886382e+00,6.317004252507836537e-02
2.616184705173683511e+00,-4.507774736205294452e+00,7.380101071498255949e-02
2.750926219652144233e+00,-4.590001292959418500e+00,8.298804744633336838e-02
2.886944400895107954e+00,-4.670082854909597181e+00,9.003352390007553219e-02
3.024223448121934332e+00,-4.748000018338170314e+00,9.479752787383168011e-02
3.162697994245823985e+00,-4.823760415633572052e+00,9.762030828106309233e-02
3.302347013420186883e+00,-4.897328282173256220e+00,9.910698997522576770e-02
3.443137079553210356e+00,-4.968711113178191141e+00,9.988441744079726292e-02
3.585016121299932301e+00,-5.037876867315429052e+00,1.004311241669141180e-01
3.727966546296042516e+00,-5.104820195431844176e+00,1.010310007475373334e-01
3.871957684608797745e+00,-5.169487424849035229e+00,1.018267754838488165e-01
4.016955064083304272e+00,-5.231865327742180050e+00,1.029180633939024009e-01
4.162938216542931613e+00,-5.291905630702305352e+00,1.044851528928349843e-01
4.309867973501528837e+00,-5.349574472627588229e+00,1.069624129013763553e-01
4.457733135758806142e+00,-5.404814850093251799e+00,1.112533345406483826e-01
4.606500440164524868e+00,-5.457574833454746255e+00,1.188684314276064607e-01
4.756143341832936855e+00,-5.507793431388883221e+00,1.317972699521956503e-01
4.906646095782035033e+00,-5.555388791522902991e+00,1.520307064366613614e-01
5.057962444098405008e+00,-5.600314548759815381e+00,1.808648980462582434e-01
5.210116459329213967e+00,-5.642307439265473512e+00,2.182582169098450375e-01
5.362972380473640222e+00,-5.681682768116077753e+00,2.625347399305087426e-01
5.517086508390477206e+00,-5.715780296841597163e+00,3.106630376316376063e-01
5.673004321949065343e+00,-5.740357084349545502e+00,3.590932371704768644e-01
5.830202353341361388e+00,-5.754978090065382190e+00,4.047754651434521400e-01
5.987985590013663817e+00,-5.759135479687644832e+00,4.458702297975432050e-01
6.145710536653191447e+00,-5.752198117592773663e+00,4.819114861108723114e-01
6.302448959613057511e+00,-5.733538654146722813e+00,5.134752318604771659e-01
6.457293447566270217e+00,-5.702741691331360663e+00,5.415569757302015619e-01
6.609107725855220217e+00,-5.659382345029905892e+00,5.669581243801540271e-01
6.756613356880974308e+00,-5.603191057179651047e+00,5.899637552434469079e-01
6.898614239264312609e+00,-5.534159230663895812e+00,6.103697470737875497e-01
7.033617790186420748e+00,-5.452369340917472051e+00,6.276877648125592790e-01
7.160398327855740597e+00,-5.358248739568121977e+00,6.413378817683876854e-01
7.277434957906120161e+00,-5.252345319027328152e+00,6.507434203050223021e-01
7.383670046979577073e+00,-5.135520557146493914e+00,6.552837655995357169e-01
7.477887534089436627e+00,-5.008792613030649044e+00,6.540251271216714901e-01
7.559102986613094544e+00,-4.873447354033387136e+00,6.451929538054705926e-01
7.626768578823274858e+00,-4.730769135556230687e+00,6.256459791161556039e-01
7.680281820176031893e+00,-4.582276758253544635e+00,5.910116068208575157e-01
7.719628301910833379e+00,-4.429347844623843677e+00,5.370105918018411861e-01
7.744721638037354694e+00,-4.273449439264941141e+00,4.615479223147661014e-01
7.755989070675285646e+00,-4.116004194763824842e+00,3.663730183049385691e-01
7.753556781163760903e+00,-3.958115623997368271e+00,2.574738421661167398e-01
7.739118473757998551e+00,-3.800910291755657866e+00,1.441355144312540526e-01
7.721658870675184971e+00,-3.644014728861712626e+00,3.690635059112643002e-02
7.711070405374506720e+00,-3.486520702053316434e+00,-5.499373108641642666e-02
7.707167175479070487e+00,-3.328698170232104125e+00,-1.258474515922258785e-01
7.708455002137108991e+00,-3.170845701332036359e+00,-1.743281701768663317e-01
7.715367296760322624e+00,-3.013149259123339530e+00,-2.029463665535539418e-01
7.727953683815386832e+00,-2.855799375251860006e+00,-2.164089072457917040e-01
7.746193309011528250e+00,-2.699011044712123386e+00,-2.194568429514854035e-01
7.770092682787654859e+00,-2.542976545159751911e+00,-2.149727874317517717e-01
7.799603687228639615e+00,-2.387919297008762154e+00,-2.033942155994251100e-01
7.834559663750682468e+00,-2.233982424611101525e+00,-1.841800076643148598e-01
7.874532701198297069e+00,-2.081270528752161120e+00,-1.587235911402121169e-01
7.919237260147398594e+00,-1.929890715618737040e+00,-1.321463078272561431e-01
7.968573825714528880e+00,-1.779945200557877527e+00,-1.121033233177680249e-01
8.021802072546233120e+00,-1.631342531815201724e+00,-1.058762385642637305e-01
8.079871259924594540e+00,-1.484544962824383418e+00,-1.175436237111491949e-01
8.141130735588017586e+00,-1.339067940954051572e+00,-1.453333624318539075e-01
