0.000000000000000000e+00,-7.788801321347560425e-01,5.492825842667251601e-01,3.767319749916323790e+00,-1.765660528781136440e+00,1.994678447616258454e+00,1.999992308426745025e+00,-1.202622700894181579e-01,4.811537003157865477e+00
1.578398441577653633e-01,-7.586552173729542714e-01,6.324451424864390159e-01,3.765154549281477969e+00,-1.921113806483419006e+00,1.334919773017610778e+00,1.999982170900899803e+00,-1.866117087503244565e-01,4.966141459674231484e+00
3.156732289512507172e-01,-7.318187933995654593e-01,6.966277142794986554e-01,3.806106147778499871e+00,-1.999999626763734106e+00,6.119601443240542116e-01,1.217919842653945928e+00,3.831263007815279009e-02,5.032182670043328088e+00
4.735007700749602755e-01,-6.973810251048839781e-01,7.519869837739598939e-01,3.830816205210745284e+00,-1.999999722222268073e+00,6.283231917543571354e-01,-1.999974310060943283e+00,7.175538607102703581e-02,4.917302489955292621e+00
6.313359408601937339e-01,-6.546972160248731853e-01,8.089418019742444788e-01,3.741627434964138743e+00,-1.999999610497257052e+00,7.161451668513076907e-01,-1.999980518012250741e+00,9.672842156416344706e-02,4.616555278126770467e+00
7.891656251032345137e-01,-6.033962998511464004e-01,8.672992553228460189e-01,3.631386008460237846e+00,-1.999999641860830124e+00,8.473954654320898783e-01,-1.999939446101558271e+00,7.447177902375035075e-02,4.264584639957772261e+00
9.470004133077283281e-01,-5.426293676269089428e-01,9.251157585316365228e-01,3.500377903094008314e+00,-1.999999791580373998e+00,9.145028567862655278e-01,1.999988759956189410e+00,6.902947442462145644e-02,3.908138863181900291e+00
1.104840621716450366e+00,-4.703212602879893178e-01,9.791756494609380468e-01,3.513708557972028412e+00,-1.999999892262128487e+00,9.596628388734421700e-01,1.999996420007056352e+00,7.344334144240616258e-02,3.674071602697102090e+00
1.262681461522275228e+00,-3.850590367063345121e-01,1.027568192540156966e+00,3.513029948592543583e+00,-1.999999915587023835e+00,1.010979710305429879e+00,1.999998242781821034e+00,6.859465507075750146e-02,3.472980335224910675e+00
1.420518228414948236e+00,-2.880764569973314759e-01,1.068789999535734392e+00,3.497463205820245058e+00,-1.999999921926608470e+00,1.041023132701733189e+00,1.999998968421719425e+00,6.751524900202776625e-02,3.322437707940215645e+00
1.578359492907691175e+00,-1.820075975574106386e-01,1.100927539162821489e+00,3.465913131094901622e+00,-1.999999928671285065e+00,1.062346548656433853e+00,1.999999321799000862e+00,6.470723692279518879e-02,3.236567769447256548e+00
1.736119677055532495e+00,-7.098654470332350919e-02,1.122502576917369987e+00,3.419663439596851262e+00,-1.999999924254680650e+00,1.070487597027992344e+00,1.999999514092209552e+00,7.162274538103549637e-02,3.223066034314576722e+00
1.893929269320524078e+00,4.011860945176656118e-02,1.133436275943057625e+00,3.359131150369825125e+00,-1.999999938406064048e+00,1.095079394200830558e+00,1.999999626270180908e+00,6.429574580959070140e-02,3.277748489007102251e+00
2.051709477387540836e+00,1.468197070380790892e-01,1.134170237859082775e+00,3.291193282213475513e+00,-1.999999926040928466e+00,1.090467236522855599e+00,1.999999695373708697e+00,5.833602591157022177e-02,3.390315343687648308e+00
2.209509697694257646e+00,2.460313533155810417e-01,1.125163796479934364e+00,3.222074723991431355e+00,-1.999999923948661218e+00,1.068551760674568696e+00,1.999999740424629247e+00,5.461967677629315371e-02,3.546126593257255877e+00
2.367281937511195533e+00,3.360874956801699343e-01,1.107920234675187299e+00,3.155694309548669807e+00,-1.999999932046838458e+00,1.040070048869690345e+00,1.999999771280921879e+00,4.654715409491379241e-02,3.727528103239198476e+00
2.525053648535680040e+00,4.165210488752887352e-01,1.083971506560785336e+00,3.095394538460946698e+00,-1.999999907128676258e+00,9.961531615818367547e-01,1.999999793702149864e+00,4.494051024838417729e-02,3.920792383431449757e+00
2.682826593173742058e+00,4.875917127549859176e-01,1.054722074466288406e+00,3.041295607434111758e+00,-1.999999934672794133e+00,9.564096195756757179e-01,1.999999810698350311e+00,3.794127897574726960e-02,4.115913049655227418e+00
2.840598310788523317e+00,5.498209415960776392e-01,1.021231771262088861e+00,2.994171102732169576e+00,-1.999999889261971697e+00,9.074994499118078650e-01,1.999999824204144350e+00,3.874646361023662694e-02,4.307018202445973998e+00
2.998365782695653792e+00,6.038375305256447056e-01,9.843090474685951552e-01,2.952560816979446834e+00,-1.999999941006323168e+00,8.685066916065089515e-01,1.999999835305569240e+00,3.198336267360316759e-02,4.488147162930503420e+00
3.156136732688610280e+00,6.502270322993984886e-01,9.445683728786488098e-01,2.916820699830874108e+00,-1.999999921839303418e+00,8.214335681008005929e-01,1.999999844712670116e+00,2.546354548301145437e-02,4.654697676327688605e+00
3.313922521897811890e+00,6.895568052838659812e-01,9.022440177781897441e-01,2.886877641028658292e+00,-1.999999646260016473e+00,7.687358007397742110e-01,1.999999853427470331e+00,3.437953138611880843e-02,4.802706151482319719e+00
3.471693240198370223e+00,7.223148525934313113e-01,8.580893307934209790e-01,2.859920348019909575e+00,-1.999999854376540043e+00,7.411229152286497035e-01,1.999999861905224163e+00,4.705982055600446690e-02,4.925690041229338512e+00
3.629467839254204797e+00,7.489011539437270271e-01,8.132961327706094146e-01,2.833613467242335648e+00,-1.999999965363753907e+00,7.392843585051311894e-01,1.999999869843983369e+00,4.399809453823586708e-02,5.018503793531821522e+00
3.787241177560768168e+00,7.696802003551141969e-01,7.684297402568464053e-01,2.808938065022558828e+00,-1.999523365720093038e+00,7.308572338609176100e-01,1.999999877629024425e+00,5.584747455758688750e-02,5.082214257838927551e+00
3.945015394690555510e+00,7.849957847778757936e-01,7.238512692627218081e-01,2.783658221670672450e+00,-1.999999923645495281e+00,7.429502664585975191e-01,1.999999885384019294e+00,6.210367263453073217e-02,5.118938383806203696e+00
4.102807214907126188e+00,7.950385543416135237e-01,6.800529224228013536e-01,2.757332050307188975e+00,-1.999999717476984351e+00,7.623364346358216803e-01,1.999999893027907705e+00,7.326988402498851860e-02,5.129571189457918123e+00
4.260585671994953749e+00,8.000000050539902707e-01,6.373365804574607774e-01,2.728567111030667736e+00,-1.999999988416383712e+00,7.957188252424310937e-01,1.999999899189404795e+00,5.813560916080164065e-02,5.114293594864760095e+00
4.418364913718290765e+00,8.000000059009619857e-01,5.954444450189514404e-01,2.700640548456310519e+00,-1.999999973292617694e+00,8.011067828633520183e-01,1.999999902695474674e+00,2.970198207932029169e-02,5.074842442347009097e+00
4.576147343322695349e+00,7.951348418338350932e-01,5.532215894370750009e-01,2.677209938767694641e+00,-1.996113832460519877e+00,7.579207207599263363e-01,1.999999905210640971e+00,7.318921642320110228e-03,5.006852989852692559e+00
4.733928721278660490e+00,7.854917213066896498e-01,5.095485493692286649e-01,2.660227402100635352e+00,-1.983733622954421350e+00,6.781951820489947602e-01,1.999999908259937564e+00,-1.154937851895477402e-02,4.902789806988563370e+00
4.891682709510733140e+00,7.711245940436207702e-01,4.637966005009749315e-01,2.651706186985586022e+00,-1.959248530070577532e+00,5.687939355633223615e-01,1.999999911875892877e+00,-2.528055549768765467e-02,4.760066896136073922e+00
5.049455387880246171e+00,7.520734978157482820e-01,4.157183021146788615e-01,2.653300489910643378e+00,-1.919404912003553898e+00,4.395501140037780252e-01,1.999999915938825312e+00,-3.259966128537303276e-02,4.583531644936485350e+00
5.207254444022550999e+00,7.284078809770101470e-01,3.654135275767981805e-01,2.666040871256850409e+00,-1.861726969290423694e+00,3.036695646767027523e-01,1.999999920185514757e+00,-3.279120316404999375e-02,4.385379954042000428e+00
5.365044117906551335e+00,7.002834503464109295e-01,3.133279672435225760e-01,2.689943944684686006e+00,-1.785243633685878129e+00,1.776509707516523151e-01,1.999999924293790698e+00,-2.592661964436583991e-02,4.181481413039373152e+00
5.522840649826602721e+00,6.679864317331858370e-01,2.603356212123043023e-01,2.723647705687956666e+00,-1.691354734408542893e+00,7.988058305401248005e-02,1.999999927983585168e+00,-1.303565431693848829e-02,3.986674452391228307e+00
5.680641818473985971e+00,6.319384155168200623e-01,2.078553362668569549e-01,2.764369685482225947e+00,-1.584452097690858707e+00,2.723368829465985103e-02,1.999999931080642668e+00,3.893554742937066927e-03,3.811533241883417578e+00
5.838445955779847374e+00,5.926556267223865859e-01,1.578576307068352835e-01,2.808431483842541265e+00,-1.471764378376404503e+00,3.008917494650216809e-02,1.999999933525647089e+00,2.218962160550601651e-02,3.661466349678255128e+00
5.996258817961015453e+00,5.506856994340764144e-01,1.126258776301240078e-01,2.852253937173585108e+00,-1.360779445524518572e+00,8.799084997908336592e-02,1.999999935343342417e+00,3.912374296733345941e-02,3.537461132793322527e+00
6.154077893517587938e+00,5.066132463964245769e-01,7.428900802023161165e-02,2.893322813803512084e+00,-1.259143288124815241e+00,1.885907005003747694e-01,1.999999936583273019e+00,5.208569948812084849e-02,3.438290995291843011e+00
6.311904830467372385e+00,4.610244219363371365e-01,4.426286567176263703e-02,2.930739124629862413e+00,-1.175645359446391147e+00,3.085230736210525793e-01,1.999999937284370422e+00,5.904198772530608319e-02,3.361907825606520461e+00
6.469725159625647315e+00,4.143521728851921049e-01,2.275492819694872187e-02,2.965193394306169239e+00,-1.111356666294391227e+00,4.215938606104336350e-01,1.999999937468484701e+00,6.029481215304430958e-02,3.305453530472734158e+00
6.627547880113612955e+00,3.670392376389821076e-01,8.807096720966321735e-03,2.998230704786039702e+00,-1.065018545782365988e+00,5.075232733197541091e-01,1.999999937129942840e+00,5.715150181438519855e-02,3.266313438206049913e+00
6.785377436475526380e+00,3.194732653352104768e-01,6.520194633506174158e-04,3.031635834558576104e+00,-1.030166298326456786e+00,5.582247607924081256e-01,1.999999936250774768e+00,5.182957107802176749e-02,3.242002105834846493e+00
6.943207810967632732e+00,2.720967484264325553e-01,-3.648780830579588519e-03,3.066915043760160664e+00,-1.003331384226124223e+00,5.738323973330098360e-01,1.999999934812350944e+00,4.557570882996208467e-02,3.230387489191084427e+00
7.101042299022537918e+00,2.252288194336568850e-01,-5.906399045448113699e-03,3.105212112809646374e+00,-9.811047047954768452e-01,5.603746785686772869e-01,1.999999932803104175e+00,3.951780362371763028e-02,3.229510519762619492e+00
7.258876298019341533e+00,1.790674016891078135e-01,-7.541465970588922402e-03,3.147185032941222982e+00,-9.608692691532595420e-01,5.275616703788297279e-01,1.999999930217299049e+00,3.452634250106692559e-02,3.237627125839185105e+00
7.416713222380853843e+00,1.337020605999209300e-01,-9.445113693690637691e-03,3.192959582410380914e+00,-9.389609616597226482e-01,4.883711359790512407e-01,1.999999927049724846e+00,3.112323941746963571e-02,3.253227289862489879e+00
7.574545562948100219e+00,8.923580433823644076e-02,-1.188807790567338388e-02,3.242154695448813406e+00,-9.179076741234586390e-01,4.482227109091119766e-01,1.999999923292569370e+00,2.863058313541206115e-02,3.275060592215543576e+00
7.732380267658629514e+00,4.559236860161745147e-02,-1.495763296387538251e-02,3.294280886257229035e+00,-8.938645569086896003e-01,4.169048104550414635e-01,1.999999918926733899e+00,2.710653851292006700e-02,3.302057464346518589e+00
7.890221187521259338e+00,2.838148710523792986e-03,-1.832691701336796111e-02,3.348620670121712717e+00,-8.743785649891672174e-01,3.864998738606916784e-01,1.999999913924873862e+00,2.497918211348677808e-02,3.333319221646961594e+00
8.048057892213485331e+00,-3.926841333953447893e-02,-2.212653945454145024e-02,3.404905244689012012e+00,-8.537576121192127498e-01,3.634315316764689108e-01,1.999999908239809443e+00,2.326704483312336952e-02,3.368080100374934549e+00
8.205895025926608355e+00,-8.074004317164917843e-02,-2.611995136861117173e-02,3.462624452184783319e+00,-8.373345819595651163e-01,3.395685012856813345e-01,1.999999901813182435e+00,2.102281978023907288e-02,3.405640888655415033e+00
8.363735305195326930e+00,-1.217985924298738837e-01,-3.047141459308203709e-02,3.521634326173046059e+00,-8.203320840299394012e-01,3.201206467309400394e-01,1.999999894561063973e+00,1.916653723267837395e-02,3.445473100015419288e+00
8.521576089830388057e+00,-1.624832536740026812e-01,-3.504172464860471486e-02,3.581585824929066408e+00,-8.053227237264518612e-01,3.003334233936438835e-01,1.999999886380945391e+00,1.698852069668654180e-02,3.487071426644813066e+00
8.679417451247477544e+00,-2.029302320469092979e-01,-3.993520513046677073e-02,3.642373825824406275e+00,-7.940655913116659859e-01,2.759905737877619836e-01,1.999999877142941251e+00,1.484364323815126445e-02,3.529947141348951156e+00
8.837259335114033831e+00,-2.433659931899061768e-01,-4.536257885155061537e-02,3.703966248328467881e+00,-7.841105857245463939e-01,2.526188291775695594e-01,1.999999866673166871e+00,1.403830053452938785e-02,3.573815360378834516e+00
8.995096956256858789e+00,-2.839378059271633892e-01,-5.117410980452769681e-02,3.766062890151134823e+00,-7.720043879905797990e-01,2.405951769091925763e-01,1.999999854726494330e+00,1.486693446297943089e-02,3.618901647342065875e+00
9.152936507953931766e+00,-3.246152649496074627e-01,-5.676064501700293224e-02,3.828156879670589152e+00,-7.641612063290378343e-01,2.330889449043480610e-01,1.999999840959841624e+00,1.587093986338049961e-02,3.665987470704375362e+00
9.310778981885945882e+00,-3.655173456113240960e-01,-6.179209775096881907e-02,3.890200008715546609e+00,-7.596378997520956133e-01,2.329207331568087791e-01,1.999999824831647288e+00,1.701663535863206025e-02,3.717581637770136727e+00
9.468622264040330805e+00,-4.066180132504365607e-01,-6.563778570519736288e-02,3.952274171158280947e+00,-7.593638612211630612e-01,2.388066127445374609e-01,1.999999805525763508e+00,1.730449955453896085e-02,3.778211907167862371e+00
9.626463299027795628e+00,-4.477518922229010712e-01,-6.753806813300541889e-02,4.014835236051450096e+00,-7.645383910466095889e-01,2.450456298379197484e-01,1.999999781868073478e+00,1.534484754365863374e-02,3.854341198260543777e+00
9.784304555741982767e+00,-4.885914183041324965e-01,-6.679376648529887495e-02,4.078808753974775492e+00,-7.700834065690561614e-01,2.498784974658249114e-01,1.999999752261627739e+00,9.467836111614922473e-03,3.953696397325801914e+00
9.942150251549977114e+00,-5.284348462297719928e-01,-6.274266337979918229e-02,4.145384242495702587e+00,-7.756793641168571174e-01,2.348203049078797511e-01,1.999999714753121882e+00,-3.924977667661454402e-03,4.082637711462298036e+00
1.009999350767617088e+01,-5.664803155631831233e-01,-5.563956974552320550e-02,4.216284070031371733e+00,-7.877763489314099088e-01,1.630085836229297758e-01,1.999999667164556572e+00,-2.743845350209120348e-02,4.243232965385661082e+00
1.025783606785904745e+01,-6.022996122185472201e-01,-4.726484654788012246e-02,4.293639253250523424e+00,-7.837919390329409763e-01,3.713775307994143099e-02,1.999999607109540944e+00,-5.932411525361213495e-02,4.433002918373662560e+00
1.041566426524147460e+01,-6.350977333652142454e-01,-3.935582418764138612e-02,4.378290274878551713e+00,-7.736636923961823786e-01,-1.852003673948562912e-01,1.999999532229582266e+00,-1.004196402818797046e-01,4.641059529839327347e+00
1.057350347943974711e+01,-6.649014282816135823e-01,-3.522052357108129000e-02,4.470798622316390691e+00,-7.263524883636851559e-01,-4.813286138462541386e-01,1.999999439527856193e+00,-1.440798068179421076e-01,4.854013888872439786e+00
1.073133706317985769e+01,-6.913680568031231877e-01,-3.719360423519272457e-02,4.569033960386087223e+00,-6.591505145113817354e-01,-8.813530998620193735e-01,1.999999324506119169e+00,-1.869896480993474275e-01,5.055917829233632865e+00
1.088916931738454252e+01,-7.151432111563874594e-01,-4.838081206877515444e-02,4.670402744753497259e+00,-5.396859220061835938e-01,-1.328745594753290016e+00,1.999999178511080444e+00,-2.173947208704170297e-01,5.238400857738749750e+00
1.104700447191966362e+01,-7.363336583813102632e-01,-6.969341935814625522e-02,4.769249492757403175e+00,-3.559873058643185373e-01,-1.759651528600346904e+00,1.999998985146699493e+00,-2.303403744116012675e-01,5.399504993545949816e+00
1.120483906410020936e+01,-7.548459533138370814e-01,-1.001342152162455063e-01,4.858083001990791239e+00,-9.603878355384920518e-02,-2.120734971451768036e+00,1.999998713066255318e+00,-2.243181366454026215e-01,5.544941629730163690e+00
1.136267225895295852e+01,-7.701227197339028940e-01,-1.372392591614224888e-01,4.928710230459403263e+00,2.099320855760115900e-01,-2.443563907418401460e+00,1.999998301748603824e+00,-2.027196163342869228e-01,5.678947455146028389e+00
1.152050649146960382e+01,-7.821012974642169713e-01,-1.795222185295057282e-01,4.975681910905520589e+00,5.384063352641745848e-01,-2.660800888318190616e+00,1.999997620764379258e+00,-1.623762022575986619e-01,5.804339432422807477e+00
1.167833735174868970e+01,-7.910871041933099646e-01,-2.237148226406282525e-01,4.997976307941611296e+00,8.826189261301846667e-01,-2.736833264321649750e+00,1.999996327141419394e+00,-9.073518985537294690e-02,5.926563776834838926e+00
1.183617038070603300e+01,-7.970436857534335395e-01,-2.653164581807514466e-01,4.999999762237578693e+00,1.214281818797771306e+00,-2.625105356383375277e+00,1.999995768638840543e+00,2.633388370990480398e-02,6.043909716422750655e+00
1.199400248571754801e+01,-7.999999981789950310e-01,-2.983688910632498192e-01,4.993874077520174204e+00,1.526610499437611956e+00,-2.238119199001816551e+00,1.999991449935610621e+00,1.383158535891769736e-01,6.159224894248016113e+00
1.215182945968079054e+01,-7.994831985614387904e-01,-3.169670448038631738e-01,4.993945690186967212e+00,1.787275047482441925e+00,-1.635354381410576430e+00,1.480719575260102117e+00,5.235933745290326513e-01,6.258668968430405322e+00
1.230965758393391951e+01,-7.944230007607222532e-01,-3.079956174625155252e-01,4.999999832384700582e+00,1.979450999419234636e+00,-1.008253525717872218e-01,-1.157154121066698460e+00,9.755401615229580825e-02,6.305294415851385281e+00
1.246748573893937007e+01,-7.843265811051411962e-01,-2.776759526673685530e-01,4.999999836656093599e+00,1.999999699663059127e+00,1.192660496903008571e-01,-1.160132106116833040e+00,1.144729484845741566e-02,6.226901005276589629e+00
1.262531513582266918e+01,-7.697073244839277573e-01,-2.462445907146044444e-01,4.999999842212596413e+00,1.999999572130265912e+00,1.271157672506433856e-01,-9.810518251020571290e-01,-1.233911220435655876e-02,6.092828933342020470e+00
1.278314656896915480e+01,-7.506508708851330480e-01,-2.179433395071753432e-01,4.999999847921716700e+00,1.999999587248482591e+00,1.017177209827243439e-01,-7.460544307430326816e-01,-2.651718618487552970e-02,5.923922653444183339e+00
1.294097618752468470e+01,-7.273711603990020702e-01,-1.944764768257061516e-01,4.999999854221725215e+00,1.999999596945878810e+00,5.937982885065757471e-02,-5.038153617669055562e-01,-2.978425240267010624e-02,5.741717575710510779e+00
1.309881001642328791e+01,-7.003448319223886109e-01,-1.768671400923650938e-01,4.999999860486563641e+00,1.999999606852690626e+00,2.169934075560610645e-02,-2.878589582437736660e-01,-2.705547956621464495e-02,5.569715505240868225e+00
1.325665828207898045e+01,-6.703007788469604877e-01,-1.652242403684493488e-01,4.999999865918613118e+00,1.999999615411885756e+00,1.447341072028343265e-02,4.268751629799247271e-01,-1.334270786847769896e-01,5.426044884649355637e+00
1.341450212660527619e+01,-6.383482746783368800e-01,-1.620074684652034747e-01,4.999999871843391119e+00,1.999999828549023473e+00,-2.283002112458450972e-01,-7.899825618821875173e-01,5.235978368327918187e-01,5.323377634942316305e+00
1.357234801495493137e+01,-6.038090598582707136e-01,-1.408512051687224598e-01,4.999999882637417237e+00,1.998403493238023465e+00,1.432740697220167947e+00,-1.891227263415769633e+00,-5.235909229269450904e-01,5.230673260307695749e+00
1.373019021600012124e+01,-5.670810661780615325e-01,-1.090589631922256053e-01,4.936606224749035654e+00,1.788461628651487390e+00,6.323222314868994776e-01,-1.999994900954373378e+00,5.235983256804275232e-01,5.064148016604047342e+00
1.388803479915067740e+01,-5.285514280009757648e-01,-6.559124953639820788e-02,4.929827395134258161e+00,1.638415126055286164e+00,2.170465014014598459e+00,-1.999997592145328573e+00,5.235984759052243476e-01,4.972314174809065790e+00
1.404588209699039858e+01,-4.869430781114316154e-01,2.315398568841506646e-02,4.972541764192080826e+00,1.250634623071924967e+00,3.433430566653040472e+00,-1.999998494649363856e+00,5.235985759882904045e-01,4.884425835129858839e+00
1.420372758606998786e+01,-4.424144930935360875e-01,1.501048572954960802e-01,5.000000013664763543e+00,6.693178502659965501e-01,4.423018679123909891e+00,-2.643681860467055333e-01,5.235980443282967078e-01,4.788842095219335349e+00
1.436157186520450324e+01,-3.949451829821025162e-01,3.068834630179029244e-01,4.999999988765789993e+00,-2.893429592581836865e-02,5.154059535096632949e+00,1.999996648453017389e+00,1.004664500441940916e-02,4.724921701079556335e+00
1.451941480371977100e+01,-3.451002789062059262e-01,4.572255968815909233e-01,5.000000026857778224e+00,-7.768706615730860410e-01,4.135458348158219444e+00,1.999999344919738631e+00,-1.225868757778226514e-01,4.781968103434033779e+00
1.467725981667522639e+01,-2.943791877788280997e-01,5.686291962302697511e-01,4.940479585799904427e+00,-1.323678470119553197e+00,2.943036950386663797e+00,1.999999213974801737e+00,-1.598440780935956318e-01,4.829431529188198624e+00
1.483510419219275711e+01,-2.424936475783203427e-01,6.422024069684044711e-01,4.886945215314685065e+00,-1.673874880945179999e+00,1.908695238769465563e+00,1.999999041233785135e+00,-1.560140218053239214e-01,4.868773529776018627e+00
1.499294903194657458e+01,-1.893634557580619604e-01,6.845048551598260644e-01,4.866145261069085848e+00,-1.882539085253639666e+00,1.111613113321364477e+00,1.999998802432035205e+00,-1.198138251322169306e-01,4.912122925821713615e+00
1.515079552526056084e+01,-1.355641092559997651e-01,7.034308608251832462e-01,4.877235183657750994e+00,-1.977052652412881084e+00,6.098438766505742681e-01,1.999998448937027717e+00,-5.368375650051767506e-02,4.952416638540384497e+00
1.530863941851100662e+01,-8.132953048634637694e-02,7.082405926099615279e-01,4.903608668163003337e+00,-1.999998967783759296e+00,4.137957727155144871e-01,1.999997857527961997e+00,-1.087899431060262122e-02,4.989111407617043525e+00
1.546648138364089142e+01,-2.700597365935554148e-02,7.058822065535756973e-01,4.930988869011458497e+00,-1.999998517669116627e+00,3.620641925361814950e-01,1.999996654388265682e+00,-1.047276757392820966e-02,5.034786572005609528e+00
1.562431973508963345e+01,2.658686222967051108e-02,6.982293074746731554e-01,4.957298954624228315e+00,-1.998673535370808496e+00,3.067422992873175547e-01,1.999992999171374963e+00,-1.240366518809949033e-02,5.100492656582796158e+00
1.578214310980001045e+01,7.841599004491645042e-02,6.850733094841245929e-01,4.982983143113183466e+00,-1.999997751048032235e+00,2.468095678400243076e-01,1.853702342478092957e+00,1.295680076575916884e-02,5.187876296870273407e+00
1.593997106120957774e+01,1.274436078561632102e-01,6.678284820218191031e-01,4.999999818558213072e+00,-1.999998971503058387e+00,2.618088863298113078e-01,1.406601251106216255e+00,1.294641901329908473e-02,5.280863326915073763e+00
1.609780420846664839e+01,1.729141690542735921e-01,6.482821158583496057e-01,4.999999806030990257e+00,-1.999999675241670660e+00,2.752132129069152500e-01,1.336864921318144050e+00,-1.769077564841749911e-02,5.363708096150543447e+00
1.625563363660890204e+01,2.144608781127324004e-01,6.260940390449569737e-01,4.999999797433083870e+00,-1.999999646064165360e+00,2.072975085009385321e-01,1.293008979256340618e+00,-5.794180240273655476e-03,5.443624833237188376e+00
1.641346420708794795e+01,2.519821961601200755e-01,6.016836655917647825e-01,4.999999788097376552e+00,-1.999999656314734642e+00,1.790670394918609243e-01,1.359878940163928407e+00,1.998586016726667386e-02,5.514115600734275091e+00
1.657129241472300407e+01,2.854260017200243582e-01,5.775810384913470097e-01,4.999999776960039277e+00,-1.999999662036838766e+00,2.189785506149702909e-01,1.266879359091763524e+00,-7.665616227902681198e-03,5.567810057017037018e+00
1.672912063245719949e+01,3.149757647206232192e-01,5.545716662468896940e-01,4.999999767989203647e+00,-1.999999669438134564e+00,1.867696388106183381e-01,1.156631967055637533e+00,-6.612007090570066678e-03,5.602517911210911805e+00
1.688695025496055635e+01,3.410440355868653572e-01,5.324962439255433999e-01,4.999999760275781746e+00,-1.999999677548858656e+00,1.604957594598615256e-01,1.064709569843793835e+00,-5.855708210625603814e-04,5.619851785996063498e+00
1.704478292046537291e+01,3.639227721064415277e-01,5.122152627825443671e-01,4.999999752311635071e+00,-1.999999686398722165e+00,1.526026653643360043e-01,9.558703324690531744e-01,-3.690945999837030173e-03,5.622777530927500322e+00
1.720262938423008592e+01,3.839417412500207294e-01,4.941370144039586298e-01,4.999999744163313053e+00,-1.999999695648893461e+00,1.383818709344613040e-01,9.177673995066769619e-01,1.009380824337378045e-02,5.616474987186349743e+00
1.736046998658444451e+01,4.014865776930465202e-01,4.786323975667275965e-01,4.999999739157070522e+00,-1.999999704335299278e+00,1.598349635934042945e-01,3.400243622371234564e-01,-1.150463201936280794e-01,5.606355263858393556e+00
1.751831324383365285e+01,4.165837961552659174e-01,4.610311730883313586e-01,4.999999746243771526e+00,-1.999999772483068705e+00,-1.554216875722087277e-01,-1.874983025626245636e+00,5.235595690279555292e-01,5.598702832325527012e+00
1.767615416437362796e+01,4.292505647219247988e-01,4.496611335780786312e-01,4.864359726941637874e+00,-1.966643037595073418e+00,4.656586255642293781e-01,-1.999988288511782120e+00,-1.758605887783643018e-01,5.449200741932793690e+00
1.783399548897952513e+01,4.392722461555298996e-01,4.404174098349574740e-01,4.789608369062214877e+00,-1.999999724131102274e+00,-8.317418069153470483e-02,-1.999994273159793057e+00,5.235975494023461518e-01,5.389081656127985731e+00
1.799183935235225462e+01,4.468115967173574843e-01,4.332872586397747972e-01,4.642856710122774011e+00,-1.970132230107853877e+00,5.286197424603792383e-01,-1.999996077864738986e+00,-2.607386530233469779e-01,5.234625115378110927e+00
1.814968180758339855e+01,4.517677935783683818e-01,4.228090361068678749e-01,4.572181421862961948e+00,-1.999999849282422915e+00,-3.200906397835437400e-01,-1.999997151535777506e+00,5.235981814060524098e-01,5.178731092322863105e+00
1.830752232617233233e+01,4.542743427985188598e-01,4.097589786374152832e-01,4.433653988775091648e+00,-1.930277299550775982e+00,3.146165551219627377e-01,-1.999997650331913013e+00,5.235982875950057069e-01,5.015642828712442380e+00
1.846536496035796659e+01,4.552322621345788467e-01,4.166603698421070257e-01,4.254402841641938160e+00,-1.938154459865027546e+00,8.959998407426845723e-01,-1.999997839115097209e+00,-1.987350410023550062e-01,4.846499249345811222e+00
1.862320750393788771e+01,4.542273244824795997e-01,4.212575452014712396e-01,4.154406900978072414e+00,-1.999999900885243820e+00,1.630529815743451683e-01,-1.999998041366488177e+00,5.235983707505441620e-01,4.775966675179335041e+00
1.878105137692154614e+01,4.513428810278361514e-01,4.239612064357952126e-01,3.975155614367155810e+00,-1.972206097499344946e+00,7.238404913461281565e-01,-1.999998110559394027e+00,-9.443204663348785111e-02,4.593182158707737273e+00
1.893889511915230273e+01,4.470361182191248117e-01,4.302710736239871991e-01,3.866389896301917428e+00,-1.999999880671972985e+00,3.536538668047043976e-01,-1.999998126014100874e+00,5.235984084391854809e-01,4.502949430837801081e+00
1.909673845965695094e+01,4.414068717525449492e-01,4.400563046718612426e-01,3.663893488536713594e+00,-1.976697732792773499e+00,8.688456541560931612e-01,-1.999997922827345453e+00,-4.236222830984599091e-02,4.306252070935987497e+00
1.925457844417674380e+01,4.348589871025073106e-01,4.552569883655682159e-01,3.529170446629693370e+00,-1.999999908406662641e+00,6.252849496048887845e-01,-1.999997443686916565e+00,5.235983114871983757e-01,4.199752103727928620e+00
1.941241843242822540e+01,4.274890543057373038e-01,4.750953811785756931e-01,3.292336621251471307e+00,-1.986875589622319138e+00,1.069386151630236093e+00,-1.999995129134718219e+00,5.366592686418244357e-02,3.988996449839419256e+00
1.957026488964968536e+01,4.195808766021769665e-01,5.038230681513762299e-01,3.109339562990843575e+00,-1.999999884314772380e+00,1.042513360271960510e+00,1.999982944153661180e+00,5.881412345745808123e-02,3.849695917981775573e+00
1.972810929973897132e+01,4.136223228973078259e-01,5.308914736835844694e-01,3.088980339324133961e+00,-1.999999934860860584e+00,1.029448024335403389e+00,1.999997120982956345e+00,3.923941737431248244e-02,3.857323632210104325e+00
1.988594961520657378e+01,4.111581481211598610e-01,5.542437660227420571e-01,3.072667460669953776e+00,-1.999999926532816330e+00,9.717938487099920808e-01,1.999998450989969312e+00,8.342702640225235777e-02,3.870958258237596095e+00
2.004378797962834469e+01,4.116961994090224120e-01,5.749416943375021960e-01,3.048368875927816468e+00,-1.999999947788767107e+00,1.026035092074016886e+00,1.999998956390943938e+00,6.751586434204902287e-02,3.878259005627911371e+00
2.020161358680221042e+01,4.145797758098333508e-01,5.943174046860288939e-01,3.021871800253232543e+00,-1.999999919860493636e+00,1.031154226568447685e+00,1.999999223498437395e+00,7.605479365655128110e-02,3.881953640761038660e+00
2.035944544404977563e+01,4.195703995416108500e-01,6.118937064041153340e-01,2.991318480130149560e+00,-1.999999946021124408e+00,1.052794580359461829e+00,1.999999388485880880e+00,5.719030968360545863e-02,3.878279450372570381e+00
2.051727480689138616e+01,4.263131171484346726e-01,6.275427944410469916e-01,2.962305418082625152e+00,-1.999999883209300222e+00,1.027750360879750913e+00,1.999999501528820334e+00,7.198422579382135478e-02,3.871041047996384599e+00
2.067510665892076460e+01,4.346160149726647770e-01,6.416846752884296512e-01,2.930841962704839432e+00,-1.999999933008298036e+00,1.040805176214154804e+00,1.999999585048962025e+00,7.664080667135507452e-02,3.856857290256966664e+00
2.083293757923996736e+01,4.442417856315816205e-01,6.559184315704675861e-01,2.896837791574696563e+00,-1.999999874897016028e+00,1.060025811313125343e+00,1.999999649742705055e+00,9.678451569852512815e-02,3.836507982554480112e+00
2.099076626665013734e+01,4.551913377421932250e-01,6.716699974286580721e-01,2.856413847103927761e+00,-1.999999967194931560e+00,1.115253641005970575e+00,1.999999699213107052e+00,7.319710944836538280e-02,3.808052571459704883e+00
2.114859806048661284e+01,4.675453825460182400e-01,6.887858574843130910e-01,2.817418080869320995e+00,-1.999999534826342629e+00,1.110484134539195811e+00,1.999999738925988702e+00,8.088504370163761281e-02,3.779848188339474113e+00
2.130643164556465408e+01,4.815391518557738393e-01,7.064706631455133223e-01,2.777035613115832025e+00,-1.999999893897968173e+00,1.123628080352775394e+00,1.999999772922832708e+00,8.981124449416032218e-02,3.750965606397051122e+00
2.146426099727144532e+01,4.972023000767856749e-01,7.255237998182386683e-01,2.733555833945413127e+00,-1.997717631869447397e+00,1.150532984976339934e+00,1.999999802481350120e+00,1.182768719499227433e-01,3.718934110829448692e+00
2.162209263772422929e+01,5.147125153400101683e-01,7.473215230870354775e-01,2.681097597582033032e+00,-1.993076337389198649e+00,1.223654769674089149e+00,1.999999829059959211e+00,1.507301200506988847e-01,3.679445999837551717e+00
2.177992429830322507e+01,5.342855754272892721e-01,7.738025393074626779e-01,2.614862746545365990e+00,-1.991474018282926473e+00,1.337229759293236508e+00,1.999999852433845149e+00,1.778277859684028184e-01,3.634276140571363722e+00
2.193775497726101875e+01,5.560566823820474180e-01,8.062425106186162926e-01,2.532274578467776927e+00,-1.993901389466447904e+00,1.468663799250357949e+00,1.999999872547730817e+00,1.965584925117800641e-01,3.586447484763771953e+00
2.209558625880726623e+01,5.801384262783586543e-01,8.446987340813966183e-01,2.432958372413178694e+00,-1.998457418498006621e+00,1.597913522552717236e+00,1.999999889407553466e+00,2.071999896135854335e-01,3.542186004960548029e+00
2.225341623487963005e+01,6.065234471927705151e-01,8.879256962794126462e-01,2.318107858679450572e+00,-2.000000003134994042e+00,1.711222340294660027e+00,1.999999900127704011e+00,1.892732227380663212e-01,3.509665464610826735e+00
2.241124771946251926e+01,6.350198120085824849e-01,9.328375811667979356e-01,2.195794965113408548e+00,-1.995735803479938841e+00,1.780575322558730411e+00,1.999999906326397792e+00,1.718762040867941598e-01,3.506701983603205619e+00
2.256907806326205801e+01,6.649794444209274902e-01,9.748877165289959734e-01,2.070250709476594508e+00,-1.984380697466972654e+00,1.814285475781341139e+00,1.999999911174054068e+00,1.489329765898681213e-01,3.550580217814390149e+00
2.272690868338902703e+01,6.950940446089796110e-01,1.009000654679116371e+00,1.947385353224651672e+00,-1.963309850594805228e+00,1.810925670394815779e+00,1.999999914335094608e+00,1.208509908573339175e-01,3.656113618628615836e+00
2.288472357994913509e+01,7.236973692757410204e-01,1.030054196904490516e+00,1.833636744857922496e+00,-1.932686771932896175e+00,1.770010496641990505e+00,1.999999915670540585e+00,8.809149805035189351e-02,3.834194087926652283e+00
2.304244539610289877e+01,7.491020676039933379e-01,1.033898718503959646e+00,1.734772703885417044e+00,-1.899904401310556601e+00,1.693560876823562600e+00,1.999999915264757178e+00,5.073040789882269502e-02,4.090112649950417456e+00
2.320007915100308082e+01,7.698729071432772741e-01,1.018308501010461109e+00,1.654434650366362503e+00,-1.867245414452805896e+00,1.581034026574703377e+00,1.999999914031224790e+00,1.058935926249947312e-02,4.397876144951491817e+00
2.335776240379344415e+01,7.852975622884789120e-01,9.835272390689081545e-01,1.593909845945188142e+00,-1.837724541308795256e+00,1.433547896085330065e+00,1.999999913417291664e+00,-3.004706993525017161e-02,4.702311587381876379e+00
2.351543549955964707e+01,7.952690419445336278e-01,9.319065959281044309e-01,1.552606453275842568e+00,-1.811001702962346638e+00,1.252065750253460896e+00,1.999999915037901976e+00,-6.817376988579335051e-02,4.926661289308623459e+00
2.367310658013312974e+01,8.000000080980605999e-01,8.668506371907475083e-01,1.529366258569588854e+00,-1.783256606043291281e+00,1.037180037148536238e+00,1.999999917555767226e+00,-9.955088677727516600e-02,5.007268125882854193e+00
2.383078259157212742e+01,7.997182449404388604e-01,7.916071708856071698e-01,1.523475503391257480e+00,-1.747881337949991787e+00,7.915589357080698996e-01,1.999999920936243347e+00,-1.212896814032957404e-01,4.925483108387233244e+00
2.398846182048627540e+01,7.945324149718576701e-01,7.084266576176719843e-01,1.535176561646357518e+00,-1.697153695595940537e+00,5.207218131387397753e-01,1.999999926632463954e+00,-1.313909029440020193e-01,4.707818408163288559e+00
2.414615288732226261e+01,7.844728783931166349e-01,6.183564433571949737e-01,1.565221648057588455e+00,-1.623834200429830954e+00,2.365266691124116860e-01,1.999999933621694703e+00,-1.272981534050441066e-01,4.400726537202952926e+00
2.430388086077191190e+01,7.696062941958635717e-01,5.217681263784919032e-01,1.613481272071014994e+00,-1.522073690498344734e+00,-3.540842767384827505e-02,1.999999941021928240e+00,-1.071302131763544885e-01,4.048382895616597921e+00
2.446158990947670731e+01,7.501436162410690667e-01,4.195510216724571140e-01,1.677183311795161114e+00,-1.389207618000357858e+00,-2.508509585284410259e-01,1.999999948209729261e+00,-7.056782230764999109e-02,3.686336531159573493e+00
2.461931191699610011e+01,7.264988042512687816e-01,3.148022839538300865e-01,1.749539008894452685e+00,-1.229004940397737666e+00,-3.495249138267565447e-01,1.999999954791925161e+00,-2.024546176856769145e-02,3.342799780725832726e+00
2.477704546314851441e+01,6.992851384870875098e-01,2.144043200492040113e-01,1.820497606256603396e+00,-1.055007397821678072e+00,-2.775321235768574701e-01,1.999999960564286638e+00,3.679958756056192493e-02,3.039106877001664486e+00
2.493479114948413056e+01,6.692837258381220122e-01,1.288472043133645495e-01,1.881081873023751738e+00,-8.896059958279052271e-01,-3.113085715814860321e-02,1.999999965445456551e+00,8.941618685073327022e-02,2.788661898167070330e+00
2.509255352199869904e+01,6.374729496902058479e-01,6.876188091008531011e-02,1.928781309228643659e+00,-7.545325303426325680e-01,3.168124938104624477e-01,1.999999969388406962e+00,1.264788052536012508e-01,2.597370077736946836e+00
2.525032557084151819e+01,6.051873307295219107e-01,3.971169313499347403e-02,1.968312354309990297e+00,-6.614126861953439906e-01,6.522893695048710416e-01,1.999999972333195375e+00,1.422458602698177532e-01,2.465829811826182549e+00
2.540817478931076678e+01,5.741107394120336105e-01,3.942775766228493600e-02,2.007288737018365410e+00,-6.072788309832739539e-01,8.852815353527375697e-01,1.999999974240427747e+00,1.390615483289621701e-01,2.389895938751696036e+00
2.556602607299809549e+01,5.460485846912512820e-01,5.961689619911781507e-02,2.051873246798361805e+00,-5.795457445884618641e-01,9.866418352571306727e-01,1.999999975137632946e+00,1.245801349904941541e-01,2.361412800032789416e+00
2.572386043152399893e+01,5.225576700224133786e-01,9.036605754446949690e-02,2.105224666964566449e+00,-5.654991018983485107e-01,9.791573435825202676e-01,1.999999975127983110e+00,1.063410831561243108e-01,2.370143980241572912e+00
2.588169951821300785e+01,5.045857780319222829e-01,1.236570952994122397e-01,2.167782165529219096e+00,-5.572822070238645509e-01,9.061013988889089488e-01,1.999999974357474120e+00,8.893243997298694303e-02,2.406059258391620492e+00
2.603954017059215431e+01,4.923474440521137252e-01,1.545432311759779576e-01,2.238170819618873431e+00,-5.496951943762047321e-01,8.075040375922027946e-01,1.999999972979980667e+00,7.449518794715305481e-02,2.460385471747707609e+00
2.619737851638404180e+01,4.855663876454418548e-01,1.808244830856677310e-01,2.314239884929631952e+00,-5.415818820562929847e-01,7.090511803012395919e-01,1.999999971127386589e+00,6.291385059209192443e-02,2.526405345509012967e+00
2.635521658650501919e+01,4.836427556722557863e-01,2.019996348618068316e-01,2.393892865382953872e+00,-5.332562038022302664e-01,6.211769397772859413e-01,1.999999968900251668e+00,5.344117276943299855e-02,2.599363064423421132e+00
2.651305429342887621e+01,4.858431559894300089e-01,2.183565366742132308e-01,2.475512910921015219e+00,-5.254759149387758788e-01,5.449763204088307056e-01,1.999999966364269577e+00,4.546958395439124057e-02,2.676351650745629751e+00
2.667089543531610119e+01,4.914150611618727238e-01,2.304211181920354234e-01,2.557990281002704425e+00,-5.179698440001209159e-01,4.792966865578279778e-01,1.999999963555168181e+00,3.887331772583020595e-02,2.755861241235820991e+00
2.682873911648224663e+01,4.996852741487475269e-01,2.387633357426203196e-01,2.640530242184558674e+00,-5.106752042986656415e-01,4.228109443836862713e-01,1.999999960476088523e+00,3.350561948719375099e-02,2.837834408154981336e+00
2.698657884944075391e+01,5.100486670551096502e-01,2.438304951757732653e-01,2.722453967895527072e+00,-5.035246091682743508e-01,3.745935761842389411e-01,1.999999957099204861e+00,2.922071455468354048e-02,2.923473911810755332e+00
2.714441982942778608e+01,5.219391956908990826e-01,2.458410640052694773e-01,2.803026990110029093e+00,-4.965970750924487143e-01,3.339052557271368626e-01,1.999999953367832761e+00,2.579648922771065125e-02,3.015038794471182282e+00
2.730226373804595497e+01,5.347797880389887348e-01,2.447095856085149679e-01,2.881359990929298398e+00,-4.901365394253204277e-01,2.997260305315528339e-01,1.999999949207680983e+00,2.295953075665200030e-02,3.115243243813114127e+00
2.746010359966692960e+01,5.479335292925195944e-01,2.400422888923745279e-01,2.956420616370984966e+00,-4.844447176152861800e-01,2.706511272775273258e-01,1.999999944552147690e+00,2.047770218619322791e-02,3.226123038148882571e+00
2.761794303881044854e+01,5.606818071951970017e-01,2.312501477852673959e-01,3.027174392520179502e+00,-4.788569330961285897e-01,2.466805547542733623e-01,1.999999939384415004e+00,1.819281468141312891e-02,3.347309873276586245e+00
2.777578333402070143e+01,5.722842981845187582e-01,2.178252085011334327e-01,3.092816386987488286e+00,-4.743029396473644188e-01,2.241998095820938453e-01,1.999999933764933679e+00,1.567750977036754673e-02,3.475278246619022848e+00
2.793362027273680681e+01,5.819694214071651217e-01,1.994231529771026967e-01,3.153093195868749365e+00,-4.699741482591872077e-01,2.023265140298549092e-01,1.999999927869970051e+00,1.299441060404902051e-02,3.602043236793409875e+00
2.809142046652110380e+01,5.890641192305197116e-01,1.762089343800163632e-01,3.208386032399471954e+00,-4.665782736637998918e-01,1.776009758128935245e-01,1.999999921952454462e+00,1.012422397878742081e-02,3.717215500026688879e+00
2.824923585368508583e+01,5.929853962602028572e-01,1.487874336616250570e-01,3.259706583669912838e+00,-4.625511974639154311e-01,1.523027259195756378e-01,1.999999916276356648e+00,7.595218156233827025e-03,3.810529971090988788e+00
2.840706856414562509e+01,5.933353517575798985e-01,1.183012349871713498e-01,3.308377700600142912e+00,-4.580117574046043694e-01,1.264808478213987342e-01,1.999999910995503560e+00,5.557594666334131871e-03,3.876413318952230735e+00
2.856489107469202793e+01,5.898358100827217898e-01,8.604212247806564129e-02,3.355800605513271417e+00,-4.519733099105902596e-01,1.033735995076697362e-01,1.999999906101909364e+00,4.299074657788763514e-03,3.915324689517795775e+00
2.872271485097639854e+01,5.823482911931363581e-01,5.330111994319520347e-02,3.403151516236612828e+00,-4.442536781068253116e-01,8.500556577884614551e-02,1.999999901433662020e+00,3.690152318612612784e-03,3.932986437182826922e+00
2.888053977336812750e+01,5.708376854344537898e-01,2.111533829374758267e-02,3.451263566092766855e+00,-4.351999010580369087e-01,7.156887381223715761e-02,1.999999896750317863e+00,3.330072994942693664e-03,3.937257893219188620e+00
2.903836672366645288e+01,5.553417162090010795e-01,-9.862807648849765060e-03,3.500621218817705493e+00,-4.252456511667142003e-01,6.204913130311021097e-02,1.999999891814788766e+00,2.701564632445703062e-03,3.935091263855976074e+00
2.919619899487317127e+01,5.359456862400261423e-01,-3.935581925345071203e-02,3.551437219530239719e+00,-4.169815707040114283e-01,4.922025571081074108e-02,1.999999886442985320e+00,1.388657073757118207e-03,3.930969039251444919e+00
2.935403202994575622e+01,5.126712938588361412e-01,-6.755160095861240110e-02,3.603831478241570352e+00,-4.096061954652257531e-01,3.484321653206737257e-02,1.999999880501345029e+00,1.355609355093600381e-04,3.926982160883766060e+00
2.951186846244221584e+01,4.855531276874825442e-01,-9.460512748426459784e-02,3.657748850648792072e+00,-4.008606755614135264e-01,2.525178833534778150e-02,1.999999873870226708e+00,-4.095244594112642167e-04,3.924092566276573546e+00
2.966970253199122354e+01,4.547012407666000122e-01,-1.204294258774036425e-01,3.712976909344468002e+00,-3.918196345767694933e-01,1.873499705034725044e-02,1.999999866431108275e+00,-5.070939955944576971e-04,3.922606531146464182e+00
2.982753759913666158e+01,4.202062600147533078e-01,-1.450166331702459066e-01,3.769336210129866416e+00,-3.825856655020629105e-01,1.557688597569570517e-02,1.999999858044651857e+00,-3.536456510405935937e-04,3.922631446088069129e+00
2.998537262562769357e+01,3.821653364012214116e-01,-1.683576065366542418e-01,3.826660541007560923e+00,-3.758453065655859016e-01,9.815450166863654707e-03,1.999999848560653382e+00,-2.964159804797357727e-04,3.923737403333317442e+00
3.014320706128485838e+01,3.405803980634418693e-01,-1.906646449870510185e-01,3.884888811642095430e+00,-3.700201209578392048e-01,7.012260548893586160e-03,1.999999837769394606e+00,5.958336732322689093e-05,3.925843914682704661e+00
3.030104821502489898e+01,2.954914059358477174e-01,-2.119127692266083718e-01,3.943883030799420819e+00,-3.660648518933825035e-01,6.589464467667989142e-03,1.999999825417077215e+00,3.055654408787724470e-04,3.928541682108381394e+00
3.045888816004092448e+01,2.469101675462875012e-01,-2.321052073239820712e-01,4.003564821841663068e+00,-3.645740494166070378e-01,7.291985115316522784e-03,1.999999811172160635e+00,-1.136788637729738740e-04,3.931332232527073867e+00
3.061672655840354906e+01,1.948295548360594320e-01,-2.512762555870105552e-01,4.063964632119862586e+00,-3.620775364122849060e-01,1.443421134156256877e-02,1.999999794531152952e+00,-2.335803691239131917e-03,3.934730185806726066e+00
3.077456716890862509e+01,1.393828147988287192e-01,-2.692503931405938467e-01,4.125229250108758627e+00,-3.599371817350204839e-01,1.273853547575489256e-02,1.999999774830022226e+00,-9.509118279887544128e-03,3.939021046299943318e+00
3.093240901672077925e+01,8.069255329924711340e-02,-2.864236548606879373e-01,4.188055325130921602e+00,-3.607068013880851409e-01,-2.686356513092968620e-02,1.999999751141678717e+00,-2.432209948746997391e-02,3.944942193346621551e+00
3.109024762592622437e+01,1.875237750396022487e-02,-3.041058489192628445e-01,4.253848578165368544e+00,-3.525867940807763112e-01,-1.082555036853212471e-01,1.999999721848332523e+00,-4.735086870672063075e-02,3.958472061511496776e+00
3.124808739612432973e+01,-4.610974297365726809e-02,-3.234353064613184614e-01,4.324035583276232053e+00,-3.323874354239637063e-01,-2.651146562814249985e-01,1.999999684745259243e+00,-7.960095618298833331e-02,3.985891725147074460e+00
3.140593040923509704e+01,-1.135245652028642471e-01,-3.464612866639757982e-01,4.399824388889964411e+00,-2.869971733293175675e-01,-5.090369428171491739e-01,1.999999636510228829e+00,-1.174996698147466323e-01,4.036303860696526691e+00
3.156377087412647242e+01,-1.828310318338503826e-01,-3.750470934793450617e-01,4.480692545410414063e+00,-2.057634587929323688e-01,-8.407796223755703569e-01,1.999999572440680495e+00,-1.539830646323752106e-01,4.116904147020873594e+00
3.172161405417166691e+01,-2.531951577979846268e-01,-4.103484112179851540e-01,4.563483979654202827e+00,-6.930884222979108444e-02,-1.202485208748168111e+00,1.999999485149362322e+00,-1.793601495491084497e-01,4.235770111069339983e+00
3.187945000792729289e+01,-3.232575143917904015e-01,-4.509601384104670041e-01,4.642010892637130404e+00,1.275157687247878702e-01,-1.535877572670261149e+00,1.999999363526979268e+00,-1.880079309320100978e-01,4.396153848955653309e+00
3.203727919109874023e+01,-3.914186951869988995e-01,-4.937943955926747397e-01,4.709301383284083542e+00,3.752570563659072267e-01,-1.807769297376161211e+00,1.999999190644205838e+00,-1.783422109723515891e-01,4.595181795869888397e+00
3.219511426296599410e+01,-4.562159786640497816e-01,-5.355977590809450906e-01,4.760368126121077736e+00,6.547352401189380222e-01,-2.016984422959231527e+00,1.999998939641396412e+00,-1.507268106475076197e-01,4.824859570099356176e+00
3.235294305054934938e+01,-5.166208132268889086e-01,-5.740317661215825762e-01,4.793568704794852309e+00,9.385020067989950920e-01,-2.152104828426004701e+00,1.999998565310772136e+00,-1.045132590483096036e-01,5.072389148493696709e+00
3.251077062110528715e+01,-5.722980503881270886e-01,-6.069675988167375635e-01,4.811680811691712911e+00,1.217189479631130222e+00,-2.136797901010916156e+00,1.999997977749707223e+00,-3.397893991229688354e-02,5.339663106037209950e+00
3.266859622459273282e+01,-6.228756484745113786e-01,-6.300405239257477197e-01,4.823360253090061001e+00,1.485388002060095358e+00,-1.921366223473764734e+00,1.999996973439461811e+00,6.553017893185768272e-02,5.640493935224252908e+00
3.282642444395244041e+01,-6.675565955816823438e-01,-6.377239147785411788e-01,4.841598394710660003e+00,1.710708838542267962e+00,-1.505313262063937563e+00,1.999994979994244249e+00,1.885056212635001505e-01,5.966157673976953291e+00
3.298424709565355784e+01,-7.058787916031531440e-01,-6.257184756510865142e-01,4.879517316864196097e+00,1.888185819914465657e+00,-8.048264479374189762e-01,1.999989145038567395e+00,3.181046445223364993e-01,6.306733379774068560e+00
3.314206048630258294e+01,-7.372314184449200170e-01,-5.897234226607707130e-01,4.949487690169683596e+00,1.989822175746026156e+00,1.169085716348294002e-01,1.923816832716757907e-01,7.182173554019181949e-02,6.616368089772151961e+00
3.329982419201258637e+01,-7.618379982600043121e-01,-5.398596653714533566e-01,4.999999773256917024e+00,1.999999532831658877e+00,2.783543915816889536e-01,-1.986396420393014894e+00,1.580213082917900080e-02,6.769558424011042241e+00
3.345760730243782177e+01,-7.800777832972144443e-01,-4.886957403339216577e-01,4.999999770640485508e+00,1.999999554260407209e+00,2.974008620548031501e-01,-1.853839258274052826e+00,-3.715084667082297395e-03,6.749516449397694018e+00
3.361539132028904930e+01,-7.922093855517851058e-01,-4.401735524045993775e-01,4.999999771342731769e+00,1.999999566284632158e+00,2.794907951351954800e-01,-1.620813348788653130e+00,-1.841460410360967748e-02,6.626825976790290618e+00
3.377324524756173929e+01,-7.986913066073717538e-01,-3.965368966356767610e-01,4.999999774540182962e+00,1.999999587999153672e+00,2.394143541412863396e-01,-1.352995187198280602e+00,-2.427291510740621147e-02,6.439501142297509695e+00
3.393108025480361079e+01,-8.000000013317667413e-01,-3.590926776568053591e-01,4.999999813582589603e+00,1.999999498797510045e+00,1.960083801065891640e-01,-1.071957130741183040e+00,-2.919401064315297126e-02,6.230298213579895439e+00
3.408891473863642574e+01,-7.966752490140105447e-01,-3.282873394859303628e-01,4.999999845908815743e+00,1.999999589598566496e+00,1.582484868603378780e-01,-8.018646452107547340e-01,-3.530834285393123773e-02,6.030559561350372633e+00
3.424675311238344477e+01,-7.893349332812436003e-01,-3.038804072576787862e-01,4.999999854105049657e+00,1.999999702669914781e+00,1.164135560501831923e-01,-6.065612052175257674e-01,-2.781703334942734265e-02,5.856049291937594603e+00
3.440459406562189315e+01,-7.786245413037676810e-01,-2.851097557019957041e-01,4.999999862065449996e+00,1.999999698785760671e+00,7.379159796116609160e-02,-3.710585879035400159e-01,-3.267200303011089102e-02,5.710704326223664751e+00
3.456244068825660065e+01,-7.652288717662290018e-01,-2.717941442656962026e-01,4.999999868496580291e+00,1.999999696942942551e+00,3.764525829747520508e-02,3.691760653294106631e-01,-1.419779242463602431e-01,5.592949865908050100e+00
3.472028354675438777e+01,-7.500655986178625945e-01,-2.662676295248543323e-01,4.999999875547810113e+00,1.999999693489366237e+00,-2.522053557416376046e-01,-7.946555564457563614e-01,5.168123579222033692e-01,5.501347461580802900e+00
3.487812822665672741e+01,-7.323821228319765675e-01,-2.446283535878901183e-01,4.999999879363785205e+00,1.999999780456532150e+00,1.290593710517578874e+00,-1.999917684126414574e+00,-4.152258142009633279e-01,5.416789066593173274e+00
3.503597252300145470e+01,-7.126342625255333019e-01,-2.142430580760766867e-01,4.947154475744570234e+00,1.796279686852762847e+00,4.717042481290166234e-01,-1.999995276997996507e+00,5.235981378821693566e-01,5.243213502928830927e+00
3.519381709499616306e+01,-6.913893472869446777e-01,-1.744052680664055777e-01,4.935728198666621935e+00,1.650988574517870067e+00,1.935065697891171776e+00,-1.999997696800762226e+00,5.235984336030216069e-01,5.136640429201680291e+00
3.535166130172920163e+01,-6.676238585084486310e-01,-9.312656147338885249e-02,4.972580291743629921e+00,1.269205569250931642e+00,3.188506673710234107e+00,-1.999998525442805652e+00,5.235985677206436151e-01,5.033334938620350307e+00
3.550950690676879162e+01,-6.420336326765168078e-01,2.460720741531658914e-02,5.000000014394445635e+00,6.904088721159338249e-01,4.230214719939675128e+00,-4.792369450828600774e-01,5.235980220459948153e-01,4.931253144764452756e+00
3.566735194450732394e+01,-6.150255965751899589e-01,1.724419062927587398e-01,4.999999972438253337e+00,-1.908022615355041418e-02,5.018817840929479246e+00,1.999995336533274548e+00,1.463398606566931603e-01,4.871803183383989655e+00
3.582519464284396093e+01,-5.870442913236900706e-01,3.240896097478602744e-01,4.999999998617238539e+00,-7.828205670755685741e-01,4.553409266362340446e+00,1.999998505899467816e+00,-1.731291105945369224e-01,4.928627575582596343e+00
3.598303981118935724e+01,-5.591176114191268587e-01,4.431630928438606287e-01,4.927770853885157898e+00,-1.413195219495961164e+00,3.155889798674892610e+00,1.999998033048776103e+00,-3.001692341315834733e-01,4.997505273555940875e+00
3.614088518068047762e+01,-5.317104395321081700e-01,5.149369388310450768e-01,4.866386589988013434e+00,-1.813423653557158621e+00,1.667080313591376539e+00,1.999997284148602006e+00,-3.121942392367960672e-01,5.070094398109522338e+00
3.629873065422975031e+01,-5.048901332030378830e-01,5.434680076795571635e-01,4.868010157199170962e+00,-1.982754512419929060e+00,4.514033189416143399e-01,1.999995813289528801e+00,-6.014824284784421604e-02,5.136335679535435794e+00
3.645657469768858050e+01,-4.775106429358842441e-01,5.504283083803021004e-01,4.910124825231125811e+00,-1.999999780057237997e+00,2.510020435376401071e-01,1.999991378367422579e+00,-1.849082027701993980e-02,5.178601917334398230e+00
3.661441941855960636e+01,-4.489597305171942887e-01,5.534845055291572891e-01,4.956979354859770481e+00,-1.999999113231972991e+00,1.883207262545193439e-01,1.796573300719619182e+00,-1.329631541542484682e-02,5.218849492989898309e+00
3.677226448978874629e+01,-4.194539404252909942e-01,5.549569013078128332e-01,4.999999769216275425e+00,-1.999999402112048408e+00,1.441318179130951505e-01,3.187666524894565701e-01,-1.005001314970324286e-02,5.256558955292364388e+00
3.693010890316880079e+01,-3.895076161473610132e-01,5.552654335128529572e-01,4.999999754765471316e+00,-1.999999705517656379e+00,1.135854152750538637e-01,1.781654932013112813e-01,1.598707786806004283e-02,5.257843242264047312e+00
3.708795221871891812e+01,-3.595063212502229155e-01,5.556220169382498630e-01,4.993412309116307846e+00,-1.999999615582793266e+00,1.552053563941354630e-01,-1.999989941406112193e+00,-1.150161955440948680e-01,5.251612970917243217e+00
3.724579615911209629e+01,-3.301825659753851450e-01,5.510752698245017234e-01,4.936158657560080876e+00,-1.999999512527595336e+00,-1.802077407106710827e-01,-1.999994998677012914e+00,5.235977172644512567e-01,5.204627559087158239e+00
3.740364118990326858e+01,-3.018192109054848582e-01,5.511875164159394380e-01,4.797112766292705999e+00,-1.964689705750821025e+00,4.840353226502436823e-01,-1.999996501286347206e+00,-1.688423862427755329e-01,5.063767483596264718e+00
3.756148533004500933e+01,-2.746041018448991400e-01,5.517192864852806800e-01,4.724922921472116677e+00,-1.999999788803506595e+00,-8.104173889284872756e-02,-1.999997324162220202e+00,5.235982089462909439e-01,5.014137037474821312e+00
3.771933008549329713e+01,-2.486588297833824124e-01,5.527151532102715370e-01,4.572343200380171169e+00,-1.967087503864900500e+00,5.673563746309213673e-01,-1.999997738555215232e+00,-1.509614998072231484e-01,4.861138593191510537e+00
3.787717488991119552e+01,-2.240150352664075917e-01,5.539277285767665315e-01,4.488347362321142064e+00,-1.999999836977687684e+00,3.653130342489447485e-02,-1.999998040610261540e+00,5.235983666261876390e-01,4.801302086595613083e+00
3.803501794845048067e+01,-2.008265170885839834e-01,5.555597311424130824e-01,4.318442953720784239e+00,-1.970295206004070376e+00,6.640380565048753514e-01,-1.999998176237536951e+00,-1.277930681117197820e-01,4.639382069552220322e+00
3.819285850063162258e+01,-1.792123551461319020e-01,5.580675801883102638e-01,4.219166365912548677e+00,-1.999999878774255224e+00,1.839397353266830626e-01,-1.999998276512206408e+00,5.235984246396411246e-01,4.570160664502288306e+00
3.835069919423160201e+01,-1.592051619482222069e-01,5.618508928527085056e-01,4.028234449465195155e+00,-1.972795616184141787e+00,7.790574511057070106e-01,-1.999998230192941540e+00,-8.319936716932310738e-02,4.396964432639345333e+00
3.850854007321307648e+01,-1.407810924271009900e-01,5.690691040152749958e-01,3.907285603026504628e+00,-1.999999901357668808e+00,4.187271493523462285e-01,-1.999998101126281069e+00,5.235984057029632321e-01,4.311662899683308403e+00
3.866638242883720977e+01,-1.238176977762434350e-01,5.799208675790602507e-01,3.687343171178095069e+00,-1.976497585422323233e+00,9.556542648352095437e-01,-1.999997572616980746e+00,-2.792698743768612379e-02,4.117750147249421566e+00
3.882422067511659947e+01,-1.079014105133724033e-01,5.972099384401349242e-01,3.534616439811665067e+00,-1.999999915013069840e+00,7.317657343710733953e-01,-1.999995820646204070e+00,5.235980645522076982e-01,4.004652012297545305e+00
3.898206298985405738e+01,-9.283758065699243556e-02,6.206614434253363566e-01,3.274468050664393726e+00,-1.980669128209131324e+00,1.181686136702418732e+00,1.999981235693915949e+00,1.310801507265560439e-02,3.780606715869560652e+00
3.913990446834989001e+01,-7.624653946918177883e-02,6.513173434714171206e-01,3.254228697345897370e+00,-1.999999946232044357e+00,1.031534768839264427e+00,1.999997482041530272e+00,6.108820184635963685e-02,3.771629906426093637e+00
3.929774418720808882e+01,-5.575105368944750783e-02,6.790106958721128239e-01,3.232860426484517546e+00,-1.999999942569608447e+00,1.032882960320756327e+00,1.999998683354411444e+00,6.372512618881295832e-02,3.750714565554619018e+00
3.945558651328734356e+01,-3.121395078050176811e-02,7.070728920868271095e-01,3.210659494667921887e+00,-1.999999939167230290e+00,1.040207421550102485e+00,1.999999130920453894e+00,6.843234505738352014e-02,3.728329345497454206e+00
3.961342727882070136e+01,-2.591868455953203355e-03,7.358460342151389444e-01,3.186591166313893719e+00,-1.999999942841609091e+00,1.056807934396606585e+00,1.999999364420484316e+00,6.319950385043547614e-02,3.703543700872750755e+00
3.977126888224721313e+01,3.017717952224937411e-02,7.651501807401467348e-01,3.162376471491723517e+00,-1.999999920079949423e+00,1.056551055574037612e+00,1.999999508822412730e+00,7.917384656981862889e-02,3.677840743841779503e+00
3.992910852816475398e+01,6.719351325120087592e-02,7.954196367692483172e-01,3.133853684728435951e+00,-1.999999947391464694e+00,1.093966744200964403e+00,1.999999606712013600e+00,7.569361592172027531e-02,3.648185960645031312e+00
4.008694747790385549e+01,1.084865319155237651e-01,8.270428728957740505e-01,3.102818786306662080e+00,-1.999999906888314305e+00,1.114146406663942157e+00,1.999999677633294004e+00,8.680031597240847607e-02,3.616290474366536500e+00
4.024478829820817793e+01,1.541960015486004143e-01,8.598848124656088832e-01,3.066560828214669243e+00,-1.999999951711523893e+00,1.155515632074003651e+00,1.999999730703734935e+00,7.629637373877111439e-02,3.582199909788477576e+00
4.040262780474477466e+01,2.042822187169802961e-01,8.931733696538042278e-01,3.028545572520281670e+00,-1.999999578633561148e+00,1.163215014914790846e+00,1.999999772488919358e+00,9.981721908169433055e-02,3.552502268623471515e+00
4.056046869375885677e+01,2.585873709798681697e-01,9.264787353397007097e-01,2.981769307679615011e+00,-1.999999952007164961e+00,1.223053304843743749e+00,1.999999805493658300e+00,1.019693508864167181e-01,3.528755012179271233e+00
4.071830953737347869e+01,3.164943953234523599e-01,9.595787243277946743e-01,2.926713808885170298e+00,-1.999999936223466612e+00,1.273225230642567984e+00,1.999999830493007114e+00,9.236639634171313340e-02,3.518868059964783690e+00
4.087614577598557020e+01,3.771441005887091191e-01,9.898447698755220570e-01,2.866574638739042058e+00,-1.999992147951213495e+00,1.291066171406904051e+00,1.999999850215160135e+00,1.007203601516600128e-01,3.536188070464906463e+00
4.103398418101491529e+01,4.391074680785191364e-01,1.014984432334420150e+00,2.798833910833265826e+00,-1.999999925383421528e+00,1.322588463771708245e+00,1.999999865147463973e+00,9.908006730929821981e-02,3.589503622850712006e+00
4.119180438870476735e+01,5.004086292633046495e-01,1.033290664151451654e+00,2.725320379337138554e+00,-1.999998325761400908e+00,1.341930130640631935e+00,1.999999875919754366e+00,1.051772920548861567e-01,3.686409330077259128e+00
4.134957200271385602e+01,5.590019955832641330e-01,1.043249668153700904e+00,2.646082645045287673e+00,-1.999999973343583370e+00,1.366159153828644390e+00,1.999999882688476394e+00,8.453433618705999408e-02,3.828721157709393363e+00
4.150735191220245213e+01,6.130132072622989092e-01,1.043230793833950898e+00,2.568749917143366979e+00,-1.999999808850593253e+00,1.344039285473009437e+00,1.999999886215643174e+00,6.414757024046742473e-02,4.018341511269433397e+00
4.166512217822480579e+01,6.610854025253461996e-01,1.031559396231636505e+00,2.497727951697954918e+00,-1.999999889306021572e+00,1.287748325856818976e+00,1.999999887796295672e+00,3.885639255925760899e-02,4.252071502662733593e+00
4.182288239341202996e+01,7.023139602817559668e-01,1.007583741459503246e+00,2.436790008376936267e+00,-1.999467719508065233e+00,1.196002607232595549e+00,1.999999888143713767e+00,2.163106083054153195e-02,4.522209873488699294e+00
4.198063410362271242e+01,7.362846949693435672e-01,9.715791492417472641e-01,2.386271030401078352e+00,-1.999999824809923110e+00,1.092209545819039507e+00,1.999999887748757477e+00,5.294366712390779182e-03,4.819470499729471058e+00
4.213837586130882329e+01,7.628652633879270395e-01,9.244992439432863085e-01,2.345912305873210091e+00,-1.999999730276085685e+00,9.791127908034985561e-01,1.999999887049995095e+00,-5.437041446229187378e-03,5.127972454320007145e+00
4.229612467833687361e+01,7.821972736409033011e-01,8.674594952579244289e-01,2.314359795016391885e+00,-1.999783205973902245e+00,8.677057431349597394e-01,1.999999886680384753e+00,-6.914237279603874069e-03,5.430215537243647361e+00
4.245384495039485273e+01,7.945050156766703120e-01,8.018167292886896336e-01,2.289244850365064643e+00,-1.999999849730133450e+00,7.720305984691689938e-01,1.999999887136908239e+00,-7.377734101880691758e-03,5.701776049265936841e+00
4.261155897139315840e+01,8.000000082127798340e-01,7.289627308273503026e-01,2.268980409208598115e+00,-1.999999991557760426e+00,6.893154782774747469e-01,1.999999885828550150e+00,-3.512157117467943485e-02,5.910733949867590376e+00
4.276926014939061105e+01,7.988344238037423661e-01,6.495679329631416365e-01,2.256121212050895330e+00,-1.999999980965653235e+00,5.761823729670654259e-01,1.999999882779288640e+00,-7.524220827558550373e-02,6.029779765440038908e+00
4.292695876219142548e+01,7.909927633539225456e-01,5.634495747731361748e-01,2.253263316121553395e+00,-1.995502286737664388e+00,4.114589813757254522e-01,1.999999881816959979e+00,-1.012112453151892133e-01,6.029469062874055929e+00
4.308464232237444236e+01,7.762307594885574646e-01,4.703848819719282925e-01,2.261095681357531362e+00,-1.980078437707923023e+00,2.159126467398831684e-01,1.999999883994572070e+00,-1.208306051634826100e-01,5.886271917795348863e+00
4.324232721686766467e+01,7.539786414693679939e-01,3.702867966272712641e-01,2.281036552659455818e+00,-1.947737542077945028e+00,-4.905381923528728642e-03,1.999999889375511763e+00,-1.316086802633282260e-01,5.596206236741425144e+00
4.340004465082538587e+01,7.232740356576108365e-01,2.628869401293983943e-01,2.314651767963200601e+00,-1.891222953176050048e+00,-2.406058994852607047e-01,1.999999897575184260e+00,-1.309000012643000976e-01,5.174200853662727972e+00
4.355773031924393734e+01,6.827111995757472185e-01,1.478345673624568979e-01,2.363134390035489751e+00,-1.802147168758813089e+00,-4.714043694554305719e-01,1.999999907814613342e+00,-1.161051042925736743e-01,4.651863302010327494e+00
4.371541879338520431e+01,6.304240915847164617e-01,2.522113981992783055e-02,2.426068957432493622e+00,-1.672212316413910882e+00,-6.613187232027204487e-01,1.999999918998688120e+00,-8.539373035555564151e-02,4.074568798415781679e+00
4.387310885771271529e+01,5.641811876962860017e-01,-1.030453811773629352e-01,2.499364975270476297e+00,-1.497147372315169589e+00,-7.518724698063553591e-01,1.999999929809148203e+00,-3.949991887708632216e-02,3.498706210001801598e+00
4.403080930381167946e+01,4.817735889181232745e-01,-2.306654447572356881e-01,2.573552517410582219e+00,-1.285202821434757725e+00,-6.693216059160396192e-01,1.999999938916450448e+00,1.528635422676754424e-02,2.983424916920731640e+00
4.418854864820590933e+01,3.818882892518696837e-01,-3.443156819847039141e-01,2.636518086725658350e+00,-1.066838992892416904e+00,-3.707594781186915323e-01,1.999999945254320455e+00,6.544610685275314976e-02,2.575639301971569761e+00
4.434627178253688129e+01,2.653931741882148421e-01,-4.256506841528429064e-01,2.683245991426414179e+00,-8.882979170188352036e-01,7.949633570645374403e-02,1.999999948026378371e+00,9.542335547706763677e-02,2.300737833142235456e+00
4.450400056463234222e+01,1.365997438009595166e-01,-4.617745741852171681e-01,2.722346321660909840e+00,-7.836082407982004616e-01,5.078974254583612513e-01,1.999999946497235337e+00,9.840962679124262702e-02,2.164206810479485377e+00
4.466177317375165501e+01,3.146127357508976714e-03,-4.556253773446566901e-01,2.768754410970371005e+00,-7.466927104254059699e-01,7.587261524635341425e-01,1.999999939879462341e+00,8.228155166957056010e-02,2.158718974758054632e+00
4.481963137675244724e+01,-1.260971407029044811e-01,-4.223342927440673078e-01,2.832878934515179470e+00,-7.489419937848774689e-01,8.064405095908905308e-01,1.999999927539051869e+00,6.045320756546541247e-02,2.266435051008785617e+00
4.497745050443763404e+01,-2.443696508105776821e-01,-3.768097073557788446e-01,2.916799153258792465e+00,-7.589760116812774848e-01,7.296068225939054130e-01,1.999999909023403966e+00,4.143159435589356676e-02,2.466036902974479528e+00
4.513527520258060122e+01,-3.480855858807480607e-01,-3.273295096163393869e-01,3.016159853445554262e+00,-7.678748489298941049e-01,6.060337912371526192e-01,1.999999884340330158e+00,2.599238914725580940e-02,2.728662061856697019e+00
4.529311812007650673e+01,-4.368702469179631120e-01,-2.775403323355115082e-01,3.124521308950508836e+00,-7.708358541057077629e-01,4.786152207214468546e-01,1.999999853790739746e+00,1.540941541550550943e-02,3.024059671067518718e+00
4.545094584046407959e+01,-5.119359783017604082e-01,-2.288682672695840636e-01,3.236092273979621403e+00,-7.725318995090807439e-01,3.641398804405019951e-01,1.999999817871456198e+00,1.116111146522163859e-02,3.321530979754267587e+00
4.560877041567641044e+01,-5.752720058690087290e-01,-1.819109762398697372e-01,3.346806168162628659e+00,-7.710093235452528670e-01,2.845188781554786606e-01,1.999999776636775639e+00,1.680736375230209440e-02,3.600318297198236372e+00
4.576659394116039437e+01,-6.285968933039280948e-01,-1.360608050539894309e-01,3.453541733787587553e+00,-7.705413738499514720e-01,2.595610656561987417e-01,1.999999729481720889e+00,3.368121060976477649e-02,3.847928047875504465e+00
4.592441806658266756e+01,-6.733078198675033210e-01,-8.987847149488098486e-02,3.553717987555090829e+00,-7.753988158833906574e-01,3.085576129041462945e-01,1.999999675004406674e+00,6.149642766746074574e-02,4.056997477202286539e+00
4.608223975709955056e+01,-7.104084660897604930e-01,-4.140306637823611136e-02,3.644696697144909958e+00,-7.919642751303572759e-01,4.422384145080960338e-01,1.999999610957463592e+00,9.715552578031234898e-02,4.218308852235341355e+00
4.624006351811807036e+01,-7.406330844103266031e-01,1.121845932759753077e-02,3.723540827377663121e+00,-8.266727047109823090e-01,6.583190543673446138e-01,1.999999533025809351e+00,1.352358819863667683e-01,4.322166172621108693e+00
4.639789873615238491e+01,-7.644966432285238422e-01,6.934637860008045773e-02,3.786953720129423218e+00,-8.865600935287791806e-01,9.372113360379457081e-01,1.999999430817672952e+00,1.689162284324406127e-01,4.369492429453257998e+00
4.655572939129375953e+01,-7.823248125755311033e-01,1.337911528194483668e-01,3.831554382092274391e+00,-9.759323390723296798e-01,1.247056420857505010e+00,1.999999278620249843e+00,1.914416100321805481e-01,4.380340307516720877e+00
4.671355895641993783e+01,-7.942038097516506134e-01,2.049968152166017354e-01,3.854679533016865722e+00,-1.095256315531997870e+00,1.547963151200468124e+00,1.999999010288437074e+00,1.950103501431921516e-01,4.387560846770794498e+00
4.687139634013716716e+01,-8.000000050956168618e-01,2.828507138453756342e-01,3.856253853403027954e+00,-1.243545220892217973e+00,1.789346309458080597e+00,1.999998523176148790e+00,1.915775433561282270e-01,4.424878563474464066e+00
4.702923202947480519e+01,-7.995305209648413403e-01,3.668920996552358371e-01,3.837381018379577124e+00,-1.411391275770987441e+00,1.968620473906313784e+00,1.999997666252319561e+00,1.772224341479115284e-01,4.512348702013846413e+00
4.718707987257567993e+01,-7.925523140645774900e-01,4.567075092937656899e-01,3.802390387082804413e+00,-1.588811435831433361e+00,2.078466969363749417e+00,1.999995942500199186e+00,9.850258323129723603e-02,4.648809304401274822e+00
