8.832585328889194898e+00,-1.461069314471429959e+00,1.470542251678739420e+00,4.701760534727140062e+00
8.875090050986168322e+00,-1.315299450566566719e+00,1.519959338203261012e+00,4.747671675740735786e+00
8.910296376894509152e+00,-1.175690800171004247e+00,1.561562105673829581e+00,4.793680281975862378e+00
8.943255613902806545e+00,-1.031228217062440278e+00,1.608233126379092548e+00,4.839709116218067209e+00
8.971475222354225565e+00,-8.809362835585909934e-01,1.656097225357606728e+00,4.883212465647035927e+00
8.994421765998367846e+00,-7.251140656237988757e-01,1.701240746197351550e+00,4.921231126760005736e+00
9.011798872330427201e+00,-5.611054482758879303e-01,1.743755030298001607e+00,4.951804294121021854e+00
9.023872789660689619e+00,-3.891008369680228896e-01,1.779241340450719022e+00,4.974284488787966474e+00
9.031498910887176379e+00,-2.091836203336434608e-01,1.805135265798683442e+00,4.983844118986999305e+00
9.038498639581542093e+00,-2.130103543627903662e-02,1.829110972416354564e+00,4.981201920733281163e+00
9.044869941184924045e+00,1.736911064488437795e-01,1.888316798402787322e+00,4.964059176053629230e+00
9.035906211596509863e+00,3.673721140412287145e-01,1.964150734823441491e+00,4.931571112793564637e+00
9.015850531569206794e+00,5.513206066344671363e-01,2.023722304881833356e+00,4.886542661201529469e+00
8.987978323234443678e+00,7.239318657867693796e-01,2.074640509432196023e+00,4.832170329402152298e+00
8.956270351251804485e+00,8.849444132665852392e-01,2.116117701715578558e+00,4.772745654119619374e+00
8.922224601531373978e+00,1.034612565599418943e+00,2.152276240098352389e+00,4.711689379705811476e+00
8.886863202211635837e+00,1.174296280966119488e+00,2.184372577736437115e+00,4.651669843441156971e+00
8.850483003668191628e+00,1.305242416186010335e+00,2.213704714462374046e+00,4.593733967717802180e+00
8.813235682926135794e+00,1.428719000334294886e+00,2.241250361268207314e+00,4.537979573673791123e+00
8.775054310847066219e+00,1.545824531607569385e+00,2.267621586640200970e+00,4.483984458954155983e+00
8.735947555908685658e+00,1.657689510995547622e+00,2.293029681609067616e+00,4.432130151775106164e+00
8.695780521035707977e+00,1.764954536759818726e+00,2.317986508428773185e+00,4.381775886502961903e+00
8.654369019420181885e+00,1.868610711271007752e+00,2.342518202819153572e+00,4.332474276918818923e+00
8.611582413289930571e+00,1.969383214547968164e+00,2.366751897450558584e+00,4.284843840016942629e+00
8.567186088589950899e+00,2.067824989206403785e+00,2.390603965947708520e+00,4.238750751792506044e+00
8.520984073137132242e+00,2.164601152834231712e+00,2.414029940836865507e+00,4.193818458919394310e+00
8.472746112025888010e+00,2.260060201289570969e+00,2.437122046531777109e+00,4.149947009572865220e+00
8.422160055927147226e+00,2.354789961821838418e+00,2.459563880630308841e+00,4.106495561326840793e+00
8.369106223205228900e+00,2.448984606066932024e+00,2.481614427695297831e+00,4.063745355875870935e+00
8.313226308097952710e+00,2.542955906808281874e+00,2.502826813448339127e+00,4.022582427031593966e+00
8.257346756582704117e+00,2.633486103493392960e+00,2.529023172291034793e+00,3.983656762564278697e+00
8.200037873613215567e+00,2.720463305266126675e+00,2.560004264106641614e+00,3.947621026368813180e+00
8.136504997464051314e+00,2.809530011951248074e+00,2.587093495681109800e+00,3.915150182875512641e+00
8.066389779509929525e+00,2.901161644752208169e+00,2.610238042609844378e+00,3.886921167061408777e+00
7.990093134574584255e+00,2.994601991997031476e+00,2.631320057930947254e+00,3.863532761755672063e+00
7.907398402086768030e+00,3.089667749979874145e+00,2.650990359894660475e+00,3.845378387430113953e+00
7.818166528241389024e+00,3.185920112192220710e+00,2.669843749313695724e+00,3.832529560988673811e+00
7.722428452167453550e+00,3.282793147080338425e+00,2.688680836083180203e+00,3.824706664755347596e+00
7.620133840627335786e+00,3.379567694439942205e+00,2.707979789809647819e+00,3.821379918763328831e+00
7.511462087174373359e+00,3.475606493400505315e+00,2.728190923328267736e+00,3.822257317380055142e+00
7.396716539209382546e+00,3.570106759800708573e+00,2.749628938107179010e+00,3.827357693619422907e+00
7.276064376957494417e+00,3.662517165368895711e+00,2.771715328092570374e+00,3.836696762033419805e+00
7.149930059451047981e+00,3.752312987802939759e+00,2.794553546014931555e+00,3.849963644628877191e+00
7.018681335033826407e+00,3.838972006105253243e+00,2.818013279044019104e+00,3.866767762725682456e+00
6.882725374836901722e+00,3.922217101570759645e+00,2.841610439163444912e+00,3.887550383934510911e+00
6.742509108692657627e+00,4.001720565717693745e+00,2.865067443222822696e+00,3.911936467049760502e+00
6.598409697961737486e+00,4.077356790807025178e+00,2.887437644663803038e+00,3.940872023020590920e+00
6.450827987429934574e+00,4.148993821241724334e+00,2.909276490954807670e+00,3.972018839631031639e+00
6.300135969787121759e+00,4.216512697431142875e+00,2.931236256540986407e+00,4.005427484455651665e+00
6.146644404806612449e+00,4.279927910247368850e+00,2.953147728780977310e+00,4.040683171761773274e+00
5.990686237968342098e+00,4.339213182929864132e+00,2.975024781217364911e+00,4.077510006500916440e+00
5.832545331768921315e+00,4.394418802071494490e+00,2.996768540470938547e+00,4.115653666002711653e+00
5.672468974180596035e+00,4.445572203396511490e+00,3.018396411173947858e+00,4.155044774320056256e+00
5.510687277136907980e+00,4.492755233373928014e+00,3.039512691797719768e+00,4.195827538076860819e+00
5.347408828534824465e+00,4.536038960228972350e+00,3.059904333555216294e+00,4.237658663282275029e+00
5.182833285120238997e+00,4.575459266689224869e+00,3.080380304109721745e+00,4.279429769709568454e+00
5.017109317078565667e+00,4.611101774347559079e+00,3.100816926465767676e+00,4.322080462359080499e+00
4.850411089039376122e+00,4.643020929530813135e+00,3.121056232050307688e+00,4.364406475637399474e+00
4.682864766661957390e+00,4.671275402738468863e+00,3.141374229460210277e+00,4.407043023743279164e+00
4.514579910028663434e+00,4.695849250514648965e+00,-3.121209362315140456e+00,4.449402039960025590e+00
4.345729248980803483e+00,4.716688932269681445e+00,-3.100472811445441401e+00,4.493297847226512154e+00
4.176512990195393904e+00,4.733609561714532177e+00,-3.078962592979415991e+00,4.537559046196818713e+00
4.006900556146466563e+00,4.746211718419186099e+00,-3.055160947412326244e+00,4.583233576205115511e+00
3.837066824726782954e+00,4.753842735420391818e+00,-3.027903995471174614e+00,4.630734102865092794e+00
3.669873547225455113e+00,4.756309171762914900e+00,-3.000374749111752948e+00,4.680597445865449124e+00
3.518250341155671812e+00,4.756379254118375144e+00,-2.989950252414006027e+00,4.732224242239669643e+00
3.378557571378163260e+00,4.758239440892298333e+00,-2.990400733476423323e+00,4.785683549060787634e+00
3.239326917469784295e+00,4.758745522135205519e+00,-2.987692655403570541e+00,4.843654832153456269e+00
3.101356802474658725e+00,4.758268897907019124e+00,-2.985394931833520449e+00,4.898135493055895573e+00
2.963630299574229188e+00,4.756293299720290690e+00,-2.981489288633385026e+00,4.938628620967057792e+00
2.826378707025245074e+00,4.753432684275672671e+00,-2.985018554381586586e+00,4.956644057811651294e+00
2.689108519476909098e+00,4.750532974398504749e+00,-3.008009811460087946e+00,4.965155670474681315e+00
2.551729762843007343e+00,4.748106368642331709e+00,-3.052760868391735105e+00,4.973101318544310701e+00
2.414170019286108193e+00,4.746248079671671505e+00,-3.111384593298584633e+00,4.981213799198059178e+00
2.276253235323871582e+00,4.745129651980438901e+00,3.107388690051033464e+00,4.983168395507616921e+00
2.138003318904604377e+00,4.745163906822722488e+00,3.040311039948450755e+00,4.982274046631167685e+00
2.000543784817099269e+00,4.746653046936100573e+00,2.972575139269964861e+00,4.985518906425657093e+00
1.864381176259693351e+00,4.750277039941822821e+00,2.905751745049693469e+00,4.986899632132045568e+00
1.727947498515826741e+00,4.756952439529207766e+00,2.841510665749955589e+00,4.980763850788116898e+00
1.590478186274562722e+00,4.766883104352452882e+00,2.782316517984514626e+00,4.973737832101488010e+00
1.452119384032084293e+00,4.780257607378015194e+00,2.729979522665722858e+00,4.968714469199492889e+00
1.313358725142923733e+00,4.797213805747864157e+00,2.682723091530267112e+00,4.967653973196909156e+00
1.174515061411950168e+00,4.818461196906511645e+00,2.638200633428769759e+00,4.970073677358600506e+00
1.027681717880893686e+00,4.847698476638957032e+00,2.608883970268967012e+00,4.972590759233467494e+00
8.709238584952823103e-01,4.882128530631028696e+00,2.595571354004286402e+00,4.972133933439256914e+00
7.132904691416754872e-01,4.918165294535100429e+00,2.581401470819190802e+00,4.968555575973158334e+00
5.569828849752411770e-01,4.956282280232699122e+00,2.564912607501462993e+00,4.963385439273801936e+00
4.015853982498391872e-01,4.996924219980783732e+00,2.551351840278346828e+00,4.958886671471484320e+00
2.473229479741885228e-01,5.040161345315695485e+00,2.546565412922936922e+00,4.954650180197300635e+00
9.386404295327110958e-02,5.085558322696137168e+00,2.559084420951938998e+00,4.951348304768855790e+00
-5.902194845843133919e-02,5.132338249034638977e+00,2.596899939725606288e+00,4.960003541437310481e+00
-2.114916410386395995e-01,5.180249456089235593e+00,2.654003265201181350e+00,4.977683563156102942e+00
-3.636442477085655156e-01,5.228956818554600261e+00,2.722328907897709538e+00,4.984139799775723745e+00
-5.157532789279173357e-01,5.277741808306380733e+00,2.799475120838137876e+00,4.987758218356684203e+00
-6.680495313637448973e-01,5.325940931871375739e+00,2.879781159453594697e+00,4.988192407906207215e+00
-8.207162853452887319e-01,5.372867577162388386e+00,2.958521843166821430e+00,4.992216497718173329e+00
-9.738021204867424174e-01,5.418179038636980138e+00,3.027735302947044627e+00,4.988308680240281845e+00
-1.127615599665833024e+00,5.462082259498967751e+00,3.080043030168067020e+00,4.980249577923038018e+00
-1.284828142870729106e+00,5.505228441814197460e+00,3.120081380624248890e+00,4.977354574922440378e+00
-1.448860226181859723e+00,5.546683780636364247e+00,-3.124691183366945513e+00,4.980334893915589589e+00
-1.617469527939870089e+00,5.583275926370808051e+00,-3.087850341882481864e+00,4.983486918903706098e+00
-1.786638133003148443e+00,5.614292954580766271e+00,-3.056692295564035433e+00,4.985000571055642204e+00
-1.956281155635656077e+00,5.640480071210784097e+00,-3.028829523906685139e+00,4.984165133145906701e+00
-2.126718889644142685e+00,5.662115426444182198e+00,-3.002063282154408430e+00,4.982393567368166742e+00
-2.297701107824529743e+00,5.679309387788640251e+00,-2.975931594048259132e+00,4.980691164935239001e+00
-2.469215809893703373e+00,5.692023522377771982e+00,-2.948876254869590152e+00,4.978215095372565457e+00
-2.641026510247833858e+00,5.699993897461798298e+00,-2.920367007833647222e+00,4.976276662570205289e+00
-2.813059487238287470e+00,5.703057968086961083e+00,-2.890032995764249435e+00,4.976025667187754742e+00
-2.981120360918104062e+00,5.700792517777547808e+00,-2.866351440051003063e+00,4.977027264603657741e+00
-3.145201923133538191e+00,5.696048614299047408e+00,-2.848148383819765872e+00,4.978398458702974594e+00
-3.309160479885780770e+00,5.688160193471904158e+00,-2.826005233918226001e+00,4.979341732918906693e+00
-3.472638157724960983e+00,5.676951744538399680e+00,-2.800834205783790942e+00,4.979959262643404827e+00
-3.635725301387875419e+00,5.662074837199114974e+00,-2.772994682892016893e+00,4.979977439303779896e+00
-3.798230921463619403e+00,5.643367032177477149e+00,-2.743592949240395651e+00,4.979709258734514421e+00
-3.960080914219940240e+00,5.620699407515084900e+00,-2.713476414192299124e+00,4.979244273134949772e+00
-4.121199045187642795e+00,5.594006172400593613e+00,-2.683068691007346906e+00,4.978522503785690390e+00
-4.281524970408701947e+00,5.563199459774648581e+00,-2.652478633423836829e+00,4.977324296261281589e+00
-4.440909500595169312e+00,5.528245449511472565e+00,-2.621741451684779456e+00,4.975174015417588969e+00
-4.599299070222863328e+00,5.489111478973009994e+00,-2.590551291740538886e+00,4.971598786092378930e+00
-4.756575704842841645e+00,5.445735746098908869e+00,-2.558688622473320518e+00,4.966006100838869841e+00
-4.912636120749953150e+00,5.398094441312487390e+00,-2.525742670122236078e+00,4.957166574050772212e+00
-5.067395326378759890e+00,5.346109276065428517e+00,-2.491261702693616797e+00,4.944213555712105190e+00
-5.220709075006760180e+00,5.289755416095099250e+00,-2.455375006155934070e+00,4.926727547541686292e+00
-5.372513048220819876e+00,5.229041554074384202e+00,-2.418580003170919035e+00,4.905058608685018307e+00
-5.522665628395465376e+00,5.164025428734186463e+00,-2.382018477808634405e+00,4.879611383662489921e+00
-5.671188112491386768e+00,5.094895382989087729e+00,-2.346051595038178839e+00,4.850124541357860863e+00
-5.817953798077449612e+00,5.021723136784808084e+00,-2.311439509313777840e+00,4.816925220721083534e+00
-5.963924534635812513e+00,4.944636430122362647e+00,-2.269082905032212771e+00,4.779450825874539177e+00
-6.107027317109941400e+00,4.861238225816120639e+00,-2.220037382245978907e+00,4.737941945614696948e+00
-6.245857715554826939e+00,4.772798267908498815e+00,-2.174140839571789385e+00,4.693425559559457838e+00
-6.380396924163660444e+00,4.679685159513479853e+00,-2.130111270685247860e+00,4.645235515638187707e+00
-6.510632590722484458e+00,4.582423757267956255e+00,-2.087326065013758392e+00,4.593882651758318225e+00
-6.636505599627534835e+00,4.481294142294976801e+00,-2.045212387756899286e+00,4.541843757437484363e+00
-6.757930729044741014e+00,4.376508197747126516e+00,-2.003714211572102055e+00,4.489030358137351406e+00
-6.874809238627339170e+00,4.268213528901848797e+00,-1.962252141117223125e+00,4.435769413684623963e+00
-6.986953934028933944e+00,4.156496548922713252e+00,-1.920487199086085450e+00,4.381704319363321609e+00
-7.094229939928462514e+00,4.041458742957953376e+00,-1.878103353549567478e+00,4.326335477037901889e+00
-7.196420195857103685e+00,3.923208465141439838e+00,-1.834593021959087578e+00,4.268672396429437299e+00
-7.293334676559142693e+00,3.801863261128943350e+00,-1.789770844229844116e+00,4.208206128353762843e+00
-7.384824728101744284e+00,3.677621883754045307e+00,-1.743812994064288358e+00,4.144764564336791857e+00
-7.470776122321121093e+00,3.550818655777723265e+00,-1.697363223238815610e+00,4.078481807031518969e+00
-7.551316533460261660e+00,3.421952242696271629e+00,-1.652161741365739456e+00,4.010471051354559613e+00
-7.626680949546813082e+00,3.292042510197786154e+00,-1.609970119212309259e+00,3.940032690706992469e+00
-7.697979858883202020e+00,3.161798381050917151e+00,-1.574472719120023845e+00,3.867661679408620046e+00
-7.765571070023716160e+00,3.033930459777478994e+00,-1.546241324375786430e+00,3.793190557532131635e+00
-7.821689613871438240e+00,2.918594073822997181e+00,-1.510107234492075623e+00,3.717525207228573603e+00
-7.857094495469090667e+00,2.825376397359755209e+00,-1.452272601020800469e+00,3.642595958244232879e+00
-7.880313563455174197e+00,2.744125354296211849e+00,-1.393715290692613129e+00,3.571149412622154795e+00
-7.901765882897320736e+00,2.665298176380195727e+00,-1.350837563634582628e+00,3.504465777321480235e+00
-7.920609314406433121e+00,2.589512829750283629e+00,-1.317467593739705789e+00,3.442639786164094051e+00
-7.937494028635224019e+00,2.514516702183864361e+00,-1.291536833036773357e+00,3.384887473729585761e+00
-7.952614656314534791e+00,2.438852780267676934e+00,-1.269660331752343163e+00,3.330200735875129325e+00
-7.965939172023503545e+00,2.360846840013351766e+00,-1.249761624840818541e+00,3.277802146339593659e+00
-7.977709690969891909e+00,2.278775146786837791e+00,-1.230382737022004402e+00,3.227274189346813316e+00
-7.987698190161864886e+00,2.191752309201808302e+00,-1.209846069439247662e+00,3.178638784704486131e+00
-7.995592818246533895e+00,2.098017021671164439e+00,-1.187954609394812344e+00,3.132363350416723424e+00
-8.000833205719617425e+00,1.996471705650809447e+00,-1.163584851725780966e+00,3.089313385994263417e+00
-8.002440972337875991e+00,1.886530043927854949e+00,-1.135414020605467256e+00,3.050649976464374191e+00
-7.998778657964381367e+00,1.767533927315193543e+00,-1.102455382343696000e+00,3.017616572849556533e+00
-7.988399003604099491e+00,1.640967386671442929e+00,-1.061479390675388546e+00,2.991581483291004151e+00
-7.965656321794178041e+00,1.504279520787856539e+00,-1.021807889766982669e+00,2.975749181496438744e+00
-7.928188477588564709e+00,1.355550281390660139e+00,-9.961236014833414476e-01,2.971759886874037804e+00
-7.881773325771776584e+00,1.202287322610722686e+00,-9.732062327066626217e-01,2.979805440037102571e+00
-7.828903558479180624e+00,1.051521647618149924e+00,-9.414034182931604322e-01,2.999853415487823582e+00
-7.768210522912854188e+00,9.043203170149469727e-01,-9.040306039040389985e-01,3.029085069073845116e+00
-7.699494989892778918e+00,7.610946836124163895e-01,-8.639535886199297687e-01,3.065059039001627905e+00
-7.623102075011789047e+00,6.224898203794833051e-01,-8.221255824197157835e-01,3.105657206444817575e+00
-7.539495078659828486e+00,4.886623317998530780e-01,-7.800318170148239361e-01,3.149322854884995859e+00
-7.449279051970647991e+00,3.596393914022879557e-01,-7.390630827682432846e-01,3.195896303261665850e+00
-7.353067060223372309e+00,2.353301248275965207e-01,-7.006455920958110095e-01,3.245232279665691610e+00
-7.251481393503888206e+00,1.155855925829918363e-01,-6.654874790227270909e-01,3.297103877322989707e+00
-7.145081652825951757e+00,2.374450977589148692e-04,-6.338870717227664819e-01,3.351083267096571117e+00
-7.034403531961684664e+00,-1.109756255224834121e-01,-6.060804228624616652e-01,3.406491340195051176e+00
-6.920006449113531133e+00,-2.183480765363539078e-01,-5.822010859238935243e-01,3.462402048582755576e+00
-6.802427473479463416e+00,-3.222735167396271194e-01,-5.628777979445880320e-01,3.517707139461949239e+00
-6.682336533085731389e+00,-4.232873828819867512e-01,-5.477641929500496332e-01,3.571216303039473683e+00
-6.560158695230320802e+00,-5.217841677458441296e-01,-5.372856653499989976e-01,3.621842196349686738e+00
-6.437274684953513848e+00,-6.179949546670058247e-01,-5.156344904841393406e-01,3.668834043607581030e+00
-6.311132399442697327e+00,-7.084742668584769199e-01,-4.810124187123706596e-01,3.712019777616804461e+00
-6.181207287380063420e+00,-7.942252828739411186e-01,-4.531827327030522046e-01,3.751992124755423763e+00
-6.048543278418943459e+00,-8.767794902431718107e-01,-4.325637546309002435e-01,3.789887351845054653e+00
-5.913543519051636110e+00,-9.565354725529622293e-01,-4.148233343140413920e-01,3.826806433713681344e+00
-5.776375713279455759e+00,-1.033938024138429057e+00,-3.991195913704520537e-01,3.863771509293628892e+00
-5.637172626055162894e+00,-1.109268010477996391e+00,-3.846527765763863571e-01,3.901507786650092235e+00
-5.496023939033072736e+00,-1.182769084397814030e+00,-3.710355560567880628e-01,3.940783055155102410e+00
-5.352962407792789534e+00,-1.254473601874525723e+00,-3.574574796098548557e-01,3.981239762000966742e+00
-5.208032897665865413e+00,-1.324403849815876555e+00,-3.439465833152330898e-01,4.023238638791805322e+00
-5.061290879507232887e+00,-1.392616718583596480e+00,-3.307660739278293072e-01,4.066774544791713630e+00
-4.912795548761236475e+00,-1.459078642084754129e+00,-3.177892815415507277e-01,4.111409631733231151e+00
-4.762595987177500767e+00,-1.523796700862024345e+00,-3.047735438453229584e-01,4.156882587678014218e+00
-4.610772402547923754e+00,-1.586773288190411968e+00,-2.920051443459044105e-01,4.203331617648175644e+00
-4.457364636681510284e+00,-1.648036327658440214e+00,-2.798388262563328288e-01,4.250623572227183011e+00
-4.302445785558733249e+00,-1.707525062312662101e+00,-2.674869872683122707e-01,4.298434554161199905e+00
-4.146106793875077301e+00,-1.765272151478916918e+00,-2.553836165712803918e-01,4.347278482909427311e+00
-3.988374540444379779e+00,-1.821287433913848730e+00,-2.436069362824153095e-01,4.395854591617389673e+00
-3.829315490028660562e+00,-1.875493025603852892e+00,-2.316599289341288448e-01,4.444825041241242225e+00
-3.668984100225475053e+00,-1.927801086949033404e+00,-2.193797407101192309e-01,4.494465594675424391e+00
-3.507439357483916442e+00,-1.977973505187588188e+00,-2.066059100919207248e-01,4.545764801917171916e+00
-3.344651965449481068e+00,-2.025575666630373917e+00,-1.919410782211720123e-01,4.598897776260192138e+00
-3.181086819790447162e+00,-2.069824964125047018e+00,-1.746189240725705694e-01,4.654638551136248026e+00
-3.016733779558623763e+00,-2.110244301057839778e+00,-1.550921231086193897e-01,4.714539866351011632e+00
-2.863355140860374348e+00,-2.145955796152035688e+00,-1.584545637161536014e-01,4.779708643776232613e+00
-2.725597739999377822e+00,-2.182898193532919251e+00,-1.952004777224925214e-01,4.847365346220672500e+00
-2.590638603794657158e+00,-2.221923992035419460e+00,-2.450179658262834903e-01,4.910398025830817303e+00
-2.456551256084304580e+00,-2.262189885381576282e+00,-3.036600888243387586e-01,4.955621135263960753e+00
-2.324941688704295295e+00,-2.303365381295717995e+00,-3.653373097424872373e-01,4.974692461380579189e+00
-2.195339751947308571e+00,-2.345325820703541897e+00,-4.242912278934987125e-01,4.978813339839972762e+00
-2.067408582420576124e+00,-2.388333253372225240e+00,-4.813063295589884438e-01,4.979306498334169717e+00
-1.941564385267103177e+00,-2.432184866166335446e+00,-5.347405713057580279e-01,4.983735407939414941e+00
-1.817722312802001916e+00,-2.477123049689287981e+00,-5.834152415671292058e-01,4.982091935596064225e+00
-1.706564361867700885e+00,-2.519433632470652995e+00,-6.444885818730146099e-01,4.976308358750522132e+00
-1.607757047398690187e+00,-2.562752249024006002e+00,-7.156515704250722143e-01,4.970691639058839151e+00
-1.510441774677052429e+00,-2.609598119012717543e+00,-7.817902251159793980e-01,4.966518311297632771e+00
-1.402835691765957016e+00,-2.667705739836983003e+00,-8.260730724020446392e-01,4.964969926968917591e+00
-1.279784434527143411e+00,-2.735527253612723086e+00,-8.453794507035798933e-01,4.966231016121407826e+00
-1.156031780460509140e+00,-2.804838894711064512e+00,-8.640416486930022621e-01,4.969396092376137553e+00
-1.033936482127910228e+00,-2.875914612915249080e+00,-8.865879014291775384e-01,4.971950063568313816e+00
-9.126752231464410059e-01,-2.949968191428991027e+00,-9.128636731625258127e-01,4.971679831347776357e+00
-7.889743720619453171e-01,-3.030586642585232582e+00,-9.364474251070116217e-01,4.968444745051717071e+00
-6.610457606615423032e-01,-3.117267635348776267e+00,-9.536672484157137086e-01,4.964175004937009028e+00
-5.340050148695816290e-01,-3.206455094201626110e+00,-9.698193007584086089e-01,4.960714239084376587e+00
-4.090561388755382666e-01,-3.297958378797112289e+00,-9.823169498192316773e-01,4.957156065493240504e+00
-2.848915640365845547e-01,-3.392717885723982363e+00,-9.845150910378350773e-01,4.949824604385760551e+00
-1.597185680676886932e-01,-3.491214343874503356e+00,-9.688005076381334124e-01,4.946109171390718373e+00
-3.365323690149324420e-02,-3.591609114935181424e+00,-9.286529831890331099e-01,4.955516917725395487e+00
9.207979492267526211e-02,-3.691996845184448262e+00,-8.600059794039008887e-01,4.973343297828050069e+00
2.177391961661072628e-01,-3.792296800629010534e+00,-7.717072133293960690e-01,4.988572371209514245e+00
3.436155173875796720e-01,-3.892411659907374144e+00,-6.780001369144093015e-01,4.986729074915898785e+00
4.700710470822393461e-01,-3.991680972768428148e+00,-5.860474406641370537e-01,4.993724917385040207e+00
5.976573303883476740e-01,-4.089297624266045261e+00,-4.990823599179684544e-01,4.994975734260754585e+00
7.266547493637993682e-01,-4.184823497410086190e+00,-4.243574518490069725e-01,4.985672552219738485e+00
8.572922719094790978e-01,-4.278043450520954138e+00,-3.663220860641344112e-01,4.976998842525885536e+00
9.898265022921926004e-01,-4.368457820380406531e+00,-3.205295737310074333e-01,4.973959416021270563e+00
1.124397965861081872e+00,-4.455700309267385251e+00,-2.820593840507074623e-01,4.974826105086719963e+00
1.261231566089033862e+00,-4.539601419810090022e+00,-2.471775568551422553e-01,4.977005616789315745e+00
1.400359856743762066e+00,-4.619975084460520520e+00,-2.139409911639529316e-01,4.978892416671790500e+00
1.541788154650568288e+00,-4.696741650426876191e+00,-1.816575960638660003e-01,4.980117794857407354e+00
1.685544583657136997e+00,-4.769881037847508054e+00,-1.503904629163151929e-01,4.980956253891194230e+00
1.831505912404603365e+00,-4.839323434753445952e+00,-1.208475308919965130e-01,4.981836883314598730e+00
1.979838573340975572e+00,-4.905320174626364604e+00,-9.316041232622068735e-02,4.983043858817224780e+00
2.132413244111601713e+00,-4.969038650846963279e+00,-6.411326817285500912e-02,4.984231006076079495e+00
2.290911402660678498e+00,-5.030413353984665825e+00,-3.034902181811560684e-02,4.983941021428769602e+00
2.453069692932621670e+00,-5.086880581481913133e+00,4.353934555430538644e-03,4.982283511483260874e+00
2.616610335996492509e+00,-5.137691378463551395e+00,3.663241465333866298e-02,4.979917584693065002e+00
2.781651186832093892e+00,-5.183263126255572395e+00,6.725271111478747788e-02,4.977811598814929184e+00
2.947936269062126691e+00,-5.223753659803740845e+00,9.703508275716105080e-02,4.974176101218980683e+00
3.115288861885404437e+00,-5.259233521708631010e+00,1.266539297914824891e-01,4.970010031703389508e+00
3.283518009082696310e+00,-5.289734481751086292e+00,1.568780101837931040e-01,4.962712556955463761e+00
3.452468374537780882e+00,-5.315253684520547139e+00,1.878342035350821781e-01,4.954987726465450493e+00
3.622024704504746673e+00,-5.335798000503850780e+00,2.194709913879963614e-01,4.944797550689255417e+00
3.792051317681642608e+00,-5.351249780636400111e+00,2.526691349200506642e-01,4.930957614386238141e+00
3.962397027254144000e+00,-5.361546419432577260e+00,2.876560357846076332e-01,4.913296385616838791e+00
4.132917050749903787e+00,-5.366611695597463871e+00,3.241326958566972394e-01,4.892566772044803614e+00
4.303421259660957787e+00,-5.366406211400478021e+00,3.613088152016060151e-01,4.870260315967684939e+00
4.473727616013464470e+00,-5.360884606762630789e+00,3.985879436178200175e-01,4.846450673711698798e+00
4.643616587959806807e+00,-5.350020066503054395e+00,4.362482529005218268e-01,4.818659295943023224e+00
4.812808549543182046e+00,-5.333914199275175960e+00,4.739051856293028941e-01,4.788236349297529060e+00
4.980972844661955889e+00,-5.312922711792049668e+00,5.098582821867390091e-01,4.755246853297746767e+00
5.147490929485437405e+00,-5.287732120088140420e+00,5.430522400209227829e-01,4.719412528693612607e+00
5.312264525091514145e+00,-5.259403950833482888e+00,5.706942037226838682e-01,4.679334863580855597e+00
5.471305180422822545e+00,-5.229067666261768998e+00,5.990377643612936343e-01,4.634301687539205794e+00
5.615754077497443930e+00,-5.194426151201890995e+00,6.411625556630093925e-01,4.584751887814420890e+00
5.746313094030856661e+00,-5.154759370170747701e+00,6.885360009942190773e-01,4.531370865817294202e+00
5.868453171483899666e+00,-5.113374215713013982e+00,7.287374561976318610e-01,4.475534729725936245e+00
5.981927549182248782e+00,-5.071588579140351882e+00,7.629655942734822061e-01,4.418702254013350483e+00
6.086936043201950142e+00,-5.030138843968124718e+00,7.926793785507936230e-01,4.362121242925819153e+00
6.184321543987745251e+00,-4.989318199869961390e+00,8.186499818799941597e-01,4.306228073195203621e+00
6.275084128402449224e+00,-4.949251048686494237e+00,8.417475935050862113e-01,4.251524246710582489e+00
6.359828961564714334e+00,-4.909873336299654056e+00,8.630795300950779847e-01,4.198052847618130023e+00
6.439845336173120494e+00,-4.870846987165670328e+00,8.826899126840619392e-01,4.145835400357490208e+00
6.516247602967004227e+00,-4.831891307798425572e+00,9.010373250327196049e-01,4.094669041167271928e+00
6.590147672798415179e+00,-4.792411996845560296e+00,9.182862893403800353e-01,4.044442932785214495e+00
6.662914391394729741e+00,-4.751845952403949802e+00,9.347092773030603041e-01,3.995020725774039771e+00
6.735742513579952906e+00,-4.709330950723696674e+00,9.505328257571217243e-01,3.946056222834306126e+00
6.810458018696080806e+00,-4.663746584040821652e+00,9.657872842696453297e-01,3.897160833282484749e+00
6.888349457132461495e+00,-4.614153265558650574e+00,9.814056192706451798e-01,3.847992070110999752e+00
6.971481610954046282e+00,-4.558777222176972010e+00,9.973549970085427985e-01,3.798363190802156009e+00
7.062024915174384354e+00,-4.495735174658692657e+00,1.014619536104315989e+00,3.748409530087418062e+00
7.162078822531186439e+00,-4.422632471960453060e+00,1.034505431323966773e+00,3.698857405428631839e+00
7.273683691590004052e+00,-4.336297172942905398e+00,1.059326902070281573e+00,3.651369306111402757e+00
7.396942585641600232e+00,-4.233092745548851177e+00,1.092700193779236661e+00,3.608751708258596480e+00
7.528838747129239728e+00,-4.109639810347786693e+00,1.139245104137656117e+00,3.577487197389471518e+00
7.661490512511262452e+00,-3.963044989158948095e+00,1.197585696596591864e+00,3.567444729713365792e+00
7.785364125987636719e+00,-3.796213903753739238e+00,1.240823334429439706e+00,3.582480222050683949e+00
7.900600623200524808e+00,-3.628050553596731564e+00,1.242915574719005711e+00,3.622152497219622180e+00
8.011173035480926075e+00,-3.472728226764498771e+00,1.229948663055849156e+00,3.682919402335315340e+00
8.112461218329572787e+00,-3.325340263051152601e+00,1.234063169258013071e+00,3.757711645699796765e+00
8.202089018858480074e+00,-3.183673693009914096e+00,1.249581920949909941e+00,3.839566105354969228e+00
8.281468361865590211e+00,-3.048186088797120163e+00,1.268288299889995585e+00,3.923342563768045022e+00
8.352354334117062962e+00,-2.917071074182013835e+00,1.288917141451437542e+00,4.005989455190265502e+00
8.416431832625715259e+00,-2.789295952784327071e+00,1.310006713106689036e+00,4.085780798890564114e+00
8.475126090094683207e+00,-2.664021546250149086e+00,1.330617921698832307e+00,4.162455714507598437e+00
8.529614185931272630e+00,-2.540225019975627330e+00,1.350200656792769127e+00,4.236298663044303581e+00
8.580936203252132799e+00,-2.416358041095336695e+00,1.369114155847588998e+00,4.307180617655827604e+00
8.629669030295850973e+00,-2.291546335059744255e+00,1.387120996083530677e+00,4.374623796830751310e+00
8.676107693458071424e+00,-2.166103672186832974e+00,1.402481749982193548e+00,4.438703441513959902e+00
8.721172093282255844e+00,-2.038496765472328942e+00,1.416649283655837976e+00,4.499174128063721412e+00
8.763715157389864174e+00,-1.910871835459388102e+00,1.427900445793455431e+00,4.555251745652132200e+00
8.805862398695474269e+00,-1.780949627063114438e+00,1.442580793420517260e+00,4.606963028878247712e+00
8.850598882009755641e+00,-1.637820596809454798e+00,1.478235703040204463e+00,4.655295092268408652e+00
