0.000000000000000000e+00,-7.773562496459996973e-01,5.653583627757413632e-01,3.739661431597308017e+00,-1.818332005398134443e+00,1.781017671023534588e+00,1.999980237442100517e+00,-1.627526190359332992e-01,4.806413500336184974e+00
1.578398441577653633e-01,-7.569189544484888899e-01,6.399064405201595473e-01,3.752885687635675982e+00,-1.951814012565847190e+00,1.010930008606759634e+00,1.999954252908349162e+00,-1.053683563856299132e-01,4.967941658094355617e+00
3.156732289512507172e-01,-7.298753682921682584e-01,6.987686353326860722e-01,3.801216366954675685e+00,-1.999999137539153260e+00,5.731926362637659311e-01,-1.309707190031413407e-02,5.594618457627762581e-02,5.022726981450101214e+00
4.735007700749602755e-01,-6.954400599903015623e-01,7.537014728764100946e-01,3.785533917563879580e+00,-1.999999116716907777e+00,6.001552825239989675e-01,-1.999935576678123939e+00,8.650517767398734070e-02,4.873508209443509820e+00
6.313359408601937339e-01,-6.531354668326039281e-01,8.104955323411956458e-01,3.694214463553634253e+00,-1.999998892723499067e+00,6.912494144015086661e-01,-1.999953173260746064e+00,1.157627907583338583e-01,4.575167151311259950e+00
7.891656251032345137e-01,-6.023280670382759050e-01,8.689699431508653982e-01,3.580404370995785790e+00,-1.999998952710510869e+00,8.287226739538773312e-01,-1.999898812513114521e+00,9.116025229677654496e-02,4.224880796955722495e+00
9.470004133077283281e-01,-5.421803553962394329e-01,9.271934102992998028e-01,3.445397424804048647e+00,-1.999999402784459424e+00,8.939577478555069678e-01,1.999963248685944883e+00,7.937263159373095234e-02,3.869648789115277321e+00
1.104840621716450366e+00,-4.705632072930221454e-01,9.813954819823795805e-01,3.457796131571077236e+00,-1.999999672548206098e+00,9.455350910515241125e-01,1.999989443210718587e+00,8.853952410583705579e-02,3.638485750677854735e+00
1.262681461522275228e+00,-3.860251730055245245e-01,1.030535603256423460e+00,3.454273122772807181e+00,-1.999999737076940232e+00,1.002149199371366706e+00,1.999994950822688411e+00,8.294082934721309919e-02,3.437314568764142209e+00
1.420518228414948236e+00,-2.897071719946085477e-01,1.072852204652041674e+00,3.435414722913482155e+00,-1.999999760434115759e+00,1.034771619726855718e+00,1.999997056973340737e+00,7.286572567700433378e-02,3.284877669721982141e+00
1.578359492907691175e+00,-1.841681080990087149e-01,1.105711586072446684e+00,3.402951208387396953e+00,-1.999999773450084506e+00,1.059114655098710056e+00,1.999998061827644946e+00,6.318840153524363235e-02,3.197865541058871219e+00
1.736119677055532495e+00,-7.354807791444090137e-02,1.127689966358166318e+00,3.357709312770998711e+00,-1.999999758532420735e+00,1.070400979983720857e+00,1.999998604658880019e+00,6.766911294269412069e-02,3.183532090789057190e+00
1.893929269320524078e+00,3.727239875252397194e-02,1.139021637426143929e+00,3.298652371797919258e+00,-1.999999793160362804e+00,1.101976326734519063e+00,1.999998921407264652e+00,6.195559902162455640e-02,3.236551076444718511e+00
2.051709477387540836e+00,1.438146233417061659e-01,1.140606746677925942e+00,3.231042171309612687e+00,-1.999999782255410530e+00,1.100748813199954323e+00,1.999999116103801322e+00,5.141614417113290342e-02,3.345172617946834848e+00
2.209509697694257646e+00,2.430266414404344821e-01,1.132290846002308005e+00,3.163270522865835321e+00,-1.999999759803403832e+00,1.080289426008331777e+00,1.999999242102927788e+00,4.385408866652411308e-02,3.497408370068245897e+00
2.367281937511195533e+00,3.332025647347246489e-01,1.115553785639768369e+00,3.099057713469989039e+00,-1.999999781449443459e+00,1.052959551282224515e+00,1.999999328138004184e+00,3.290133293089220201e-02,3.676008519730807667e+00
2.525053648535680040e+00,4.138355096750348516e-01,1.091975110216265143e+00,3.041416824377834338e+00,-1.999999723744303015e+00,1.008115836831272150e+00,1.999999390375363895e+00,2.871961287282978961e-02,3.867311445708937701e+00
2.682826593173742058e+00,4.851594583544966977e-01,1.062921527247241871e+00,2.990456807455615706e+00,-1.999999787697190667e+00,9.687353504201544618e-01,1.999999437312893535e+00,1.982464319732872224e-02,4.061623893542101627e+00
2.840598310788523317e+00,5.476718162510154642e-01,1.029532754506122583e+00,2.946666101342641397e+00,-1.999999691188655282e+00,9.179579765871735964e-01,1.999999474398462596e+00,1.841359677395346464e-02,4.252852897527706233e+00
2.998365782695653792e+00,6.019919824839624622e-01,9.925516351665433223e-01,2.908762266392783236e+00,-1.999999807946247321e+00,8.777880394494991245e-01,1.999999504631075009e+00,9.111848972151349521e-03,4.435394084859813013e+00
3.156136732688610280e+00,6.486916974148221327e-01,9.525956461431777100e-01,2.877097435950532578e+00,-1.999999768264032252e+00,8.260497479570414470e-01,1.999999530018081950e+00,-7.743685299664627465e-04,4.604676432022555943e+00
3.313922521897811890e+00,6.883297749672926402e-01,9.097617716879154992e-01,2.851940762303830201e+00,-1.999999313747415908e+00,7.664930177978831471e-01,1.999999553309131706e+00,5.493784633185837783e-03,4.757236966483775475e+00
3.471693240198370223e+00,7.213819286965745814e-01,8.648175048490670536e-01,2.830436065192827755e+00,-1.999999633671202037e+00,7.347124775835432997e-01,1.999999575865607282e+00,1.602182626865210693e-02,4.886465975827415598e+00
3.629467839254204797e+00,7.482368751302556076e-01,8.190782271501403367e-01,2.809986570136505435e+00,-1.999999882288503006e+00,7.299583078964645422e-01,1.999999596831952164e+00,6.554448708302849577e-03,4.986657693018512916e+00
3.787241177560768168e+00,7.692518255653513215e-01,7.729702746854812956e-01,2.792214499717441623e+00,-1.999658957220428412e+00,7.079342710104591374e-01,1.999999617438347643e+00,1.722708769293090220e-02,5.059592841909239525e+00
3.945015394690555510e+00,7.847670112539157916e-01,7.267383479377087507e-01,2.774661971864338383e+00,-1.999999800410339645e+00,7.131572758680462254e-01,1.999999638029683169e+00,1.966806765281752314e-02,5.106584000033363324e+00
4.102807214907126188e+00,7.949548236718916305e-01,6.809717031846437285e-01,2.756958715119787406e+00,-1.999997464904590627e+00,7.237990509425293872e-01,1.999999658597516383e+00,3.398573284855126858e-02,5.128607326510930875e+00
4.260585671994953749e+00,7.999960395528573631e-01,6.361123017770714538e-01,2.736748776654005955e+00,-1.999999596147500780e+00,7.603458568875004486e-01,1.999999679463473123e+00,4.755327772501963257e-02,5.124256053131759359e+00
4.418364913718290765e+00,8.000000037079464388e-01,5.928495300065267370e-01,2.712515101720041510e+00,-1.999999943852563744e+00,8.167509775766306213e-01,1.999999693590024608e+00,2.683562816238603196e-02,5.089157009141408672e+00
4.576147343322695349e+00,7.950602772049173428e-01,5.509411941194888307e-01,2.688545052638248833e+00,-1.999999837737314046e+00,8.333079173517473626e-01,1.999999701121151441e+00,-1.455581219297374810e-03,5.023198361887120988e+00
4.733928721278660490e+00,7.852617763391789296e-01,5.092035903437611699e-01,2.668381692894492563e+00,-1.996265594494559314e+00,7.975318353887916878e-01,1.999999709378268209e+00,-2.380650933013316387e-02,4.921574347929172255e+00
4.891682709510733140e+00,7.706523517165511095e-01,4.666561124445705033e-01,2.654446509222850636e+00,-1.983763381769051870e+00,7.207169705629123957e-01,1.999999719299255574e+00,-4.193202754500515578e-02,4.780806793982400826e+00
5.049455387880246171e+00,7.512654570598776838e-01,4.227370179135753192e-01,2.649224370830126851e+00,-1.958320209281860791e+00,6.093563666215802144e-01,1.999999730496330619e+00,-5.407009590511157454e-02,4.605689830424455344e+00
5.207254444022550999e+00,7.271645324418475331e-01,3.771124403630518040e-01,2.654853962694505132e+00,-1.916214145019890180e+00,4.735017261718125758e-01,1.999999742196851393e+00,-5.892178024194968250e-02,4.408359114953971591e+00
5.365044117906551335e+00,6.985038085853362277e-01,3.296441420119439747e-01,2.672700723952948110e+00,-1.854794412851831442e+00,3.277909232396031269e-01,1.999999753471811914e+00,-5.590891426360287270e-02,4.204649245190847928e+00
5.522840649826602721e+00,6.655770747187348402e-01,2.804893976922749887e-01,2.702782088032174901e+00,-1.773377575046532373e+00,1.915376272457974538e-01,1.999999763509864525e+00,-4.541395714195794325e-02,4.009427564019438783e+00
5.680641818473985971e+00,6.288246392548346719e-01,2.303249847653337790e-01,2.743326079779257132e+00,-1.674175574304851644e+00,8.668230383640417036e-02,1.999999771793913084e+00,-2.889808702901362769e-02,3.833385511299860493e+00
5.838445955779847374e+00,5.887887133100999648e-01,1.805578493696492759e-01,2.790859661886654575e+00,-1.562769367071210391e+00,3.303426634874195161e-02,1.999999778137184547e+00,-8.781415466849126078e-03,3.682112710847363246e+00
5.996258817961015453e+00,5.460394566217017243e-01,1.333189348488733050e-01,2.841025281219633047e+00,-1.446213784603969099e+00,4.273430078676448973e-02,1.999999782617341459e+00,1.203477769733074867e-02,3.556722244408627276e+00
6.154077893517587938e+00,5.011701330716900049e-01,9.115145908893310112e-02,2.889783306937085516e+00,-1.333574456465782321e+00,1.111188987247547499e-01,1.999999785410114139e+00,3.024852183062826105e-02,3.456085150068701761e+00
6.311904830467372385e+00,4.547531283474513519e-01,5.623251241038891568e-02,2.934739877150458920e+00,-1.236376797832169361e+00,2.164531272597636224e-01,1.999999786675611846e+00,4.291069844063154920e-02,3.378242072896475268e+00
6.469725159625647315e+00,4.071807598766545855e-01,2.958202827457062992e-02,2.975646023177692001e+00,-1.158123207836553314e+00,3.348280614460072968e-01,1.999999786535191726e+00,4.956115227444643501e-02,3.320265556315712629e+00
6.627547880113612955e+00,3.588561291886171456e-01,1.109635014419418919e-02,3.013449738144073020e+00,-1.100109629436434755e+00,4.403791586099182753e-01,1.999999785008571118e+00,5.077970734398212782e-02,3.279545330505682088e+00
6.785377436475526380e+00,3.101355335688880666e-01,-4.382517595108503328e-04,3.049798496441571416e+00,-1.057124158473776943e+00,5.162000037686007570e-01,1.999999782044053376e+00,4.844484121307734981e-02,3.253631260076605969e+00
6.943207810967632732e+00,2.614582695475271001e-01,-6.821276954391118467e-03,3.086407466595033622e+00,-1.026184632352487025e+00,5.536952598893156718e-01,1.999999777557120328e+00,4.382175463967094564e-02,3.240454768571097155e+00
7.101042299022537918e+00,2.131449898330395054e-01,-1.010403728340032031e-02,3.124880043718840650e+00,-1.002999666335456119e+00,5.553848147835054316e-01,1.999999771472492416e+00,3.850113847473591450e-02,3.238077846885955680e+00
7.258876298019341533e+00,1.654063865816007006e-01,-1.206304803499874158e-02,3.166330333344467007e+00,-9.836182707779644874e-01,5.308233679180374143e-01,1.999999763733717018e+00,3.389974609318962412e-02,3.244751998989840569e+00
7.416713222380853843e+00,1.183576041701426829e-01,-1.390523611849616044e-02,3.211230137875709989e+00,-9.629537087301625053e-01,4.930015736349521172e-01,1.999999754289791820e+00,3.094150441497761986e-02,3.258965963029611501e+00
7.574545562948100219e+00,7.214712883272379751e-02,-1.617680607926193573e-02,3.259469656682272287e+00,-9.431480604287993952e-01,4.513144910415770039e-01,1.999999743092303550e+00,2.911097414004039721e-02,3.279446319337109284e+00
7.732380267658629514e+00,2.672065345388913854e-02,-1.906124449782685415e-02,3.310638673611327132e+00,-9.193035089919974201e-01,4.136297205550942269e-01,1.999999730057733238e+00,2.856922407874040032e-02,3.305136281881899674e+00
7.890221187521259338e+00,-1.780168877968450053e-02,-2.239118720600166354e-02,3.364151092271688182e+00,-8.999146917809202062e-01,3.812709257684505637e-01,1.999999715091227870e+00,2.763414257571498306e-02,3.335097245411447364e+00
8.048057892213485331e+00,-6.167575548059275187e-02,-2.610082459598882590e-02,3.419550695015355135e+00,-8.784764211268042411e-01,3.538618335014160898e-01,1.999999698026019734e+00,2.736705688386450314e-02,3.368593949690778633e+00
8.205895025926608355e+00,-1.048630579809833180e-01,-3.002263168156672074e-02,3.476381085141747818e+00,-8.614099678087061562e-01,3.310660451733478671e-01,1.999999678665880465e+00,2.663843126421988963e-02,3.404893910532241552e+00
8.363735305195326930e+00,-1.475938466682985561e-01,-3.410662682079542568e-02,3.534317977768669294e+00,-8.435239667682629117e-01,3.106301435403474587e-01,1.999999656719327668e+00,2.636205972251629004e-02,3.443508412786148387e+00
8.521576089830388057e+00,-1.898641503505879846e-01,-3.829131802897104558e-02,3.593081463489867122e+00,-8.280881778757724909e-01,2.938137216098772320e-01,1.999999631834948000e+00,2.573655721489095938e-02,3.483911067737154532e+00
8.679417451247477544e+00,-2.318090551277982581e-01,-4.253843578169716477e-02,3.652457369300591505e+00,-8.175870977667957229e-01,2.764222584597178511e-01,1.999999603564887929e+00,2.515982517923336104e-02,3.525600021743919843e+00
8.837259335114033831e+00,-2.736602294038272265e-01,-4.691637062655251711e-02,3.712295946707425909e+00,-8.091873532560106552e-01,2.589907427865447143e-01,1.999999571291578571e+00,2.607356486056562617e-02,3.568333168389147936e+00
8.995096956256858789e+00,-3.155285888863925692e-01,-5.131087065296791733e-02,3.772304280993002301e+00,-7.986173709461352743e-01,2.490208841369305204e-01,1.999999534138798607e+00,2.875697019651345457e-02,3.612411825214351335e+00
9.152936507953931766e+00,-3.573174484617175906e-01,-5.525475754065382883e-02,3.832064768895912632e+00,-7.935417323201319206e-01,2.527838753500785129e-01,1.999999490903413335e+00,3.157168088483844337e-02,3.658638185730298087e+00
9.310778981885945882e+00,-3.991518151120045377e-01,-5.809594714292937861e-02,3.891253954553158145e+00,-7.933144186556311261e-01,2.644792408759202851e-01,1.999999439674714719e+00,3.443986676759059479e-02,3.709730947644318100e+00
9.468622264040330805e+00,-4.409671430298112149e-01,-5.921075749241701963e-02,3.949922391542563194e+00,-7.987017887434927355e-01,2.821408655536936094e-01,1.999999377560478964e+00,3.635188244350518599e-02,3.770471581793325200e+00
9.626463299027795628e+00,-4.825499092934005252e-01,-5.787905629397906843e-02,4.008519802742730676e+00,-8.108368725407223421e-01,3.008586095232484992e-01,1.999999300355494558e+00,3.589644455572334886e-02,3.847594738909795975e+00
9.784304555741982767e+00,-5.235264193840780678e-01,-5.342483270200597267e-02,4.067969916329693625e+00,-8.234509663297429061e-01,3.112477463352564810e-01,1.999999202208550431e+00,3.143904485258414150e-02,3.949036751137988688e+00
9.942150251549977114e+00,-5.631106239090455379e-01,-4.547849926277567484e-02,4.129751808040219352e+00,-8.363735171133173107e-01,3.066022222910506079e-01,1.999999075652074687e+00,1.935930217176258863e-02,4.081116072479784584e+00
1.009999350767617088e+01,-6.004799425363748222e-01,-3.417757928152650310e-02,4.195670365425701043e+00,-8.588223781742237994e-01,2.627118137394277020e-01,1.999998911605744834e+00,-3.031751326829817180e-03,4.245844637540587385e+00
1.025783606785904745e+01,-6.352750595257845578e-01,-2.079173957825023941e-02,4.267721370403013914e+00,-8.656783374062070324e-01,1.482786005100248106e-01,1.999998698922649920e+00,-3.378388895969446082e-02,4.440223321446438831e+00
1.041566426524147460e+01,-6.666094684529292325e-01,-7.650305332828409403e-03,4.347734839113178040e+00,-8.694112871369614748e-01,-3.649210817742153806e-02,1.999998423951660165e+00,-7.415532929966571485e-02,4.653078952507252453e+00
1.057350347943974711e+01,-6.945920046598471620e-01,2.665316754664229584e-03,4.436365550851482986e+00,-8.370130000395767933e-01,-2.968862129326228505e-01,1.999998066705578781e+00,-1.179742981502924781e-01,4.869934082965420075e+00
1.073133706317985769e+01,-7.187877914989503347e-01,7.626157159648287373e-03,4.532517352254607168e+00,-7.899567965603702113e-01,-6.208236312945457636e-01,1.999997592494580090e+00,-1.629826066177620658e-01,5.075436742567219106e+00
1.088916931738454252e+01,-7.398882012539317321e-01,5.088183781533462541e-03,4.633945715505027430e+00,-6.969564617418995134e-01,-9.592944007472926637e-01,1.999996932686074258e+00,-1.973544055688732368e-01,5.260338835503655552e+00
1.104700447191966362e+01,-7.579258391379851689e-01,-5.160796096442272184e-03,4.735954964252531596e+00,-5.594667209231999339e-01,-1.465732827113848336e+00,1.999995935082442777e+00,-2.153561081642087205e-01,5.422039555907375963e+00
1.120483906410020936e+01,-7.730118574337997428e-01,-2.708183128872736559e-02,4.835301969256185828e+00,-3.471898335408245551e-01,-2.289413665760810179e+00,1.999994205653724322e+00,-2.032677523703037281e-01,5.564929371886609744e+00
1.136267225895295852e+01,-7.849382946323678611e-01,-6.747947374053848979e-02,4.924584007853691325e+00,-3.643186547071092934e-02,-3.357503139158626304e+00,1.999990423676455631e+00,-1.243768004343101391e-01,5.695884990319399321e+00
1.152050649146960382e+01,-7.937282364313329452e-01,-1.293269969226017169e-01,4.986825162553376600e+00,3.880065168272328058e-01,-4.079536814836838943e+00,1.999976526480481631e+00,2.292958547106586642e-01,5.822338871310213548e+00
1.167833735174868970e+01,-7.989210524250974776e-01,-1.927710251800825170e-01,4.999999888845587215e+00,8.873556488222029692e-01,-3.545021094677677009e+00,1.999993462642554842e+00,1.687628974616775801e-01,5.946045381266994667e+00
1.183617038070603300e+01,-7.999999759099224450e-01,-2.437139542367670331e-01,4.990546106477805388e+00,1.311271175510352105e+00,-2.897367209638838759e+00,1.999989919505351210e+00,2.139686581191350412e-01,6.066695468593882090e+00
1.199400248571754801e+01,-7.971943584436863572e-01,-2.760954620207026200e-01,4.977670777487638532e+00,1.660854546941594956e+00,-2.003248442306526655e+00,1.999979061929038071e+00,2.759385990910037667e-01,6.178815795584475801e+00
1.215182945968079054e+01,-7.900621503073217422e-01,-2.840786100672165748e-01,4.988136893213693135e+00,1.896196779873681626e+00,-8.419580620824853590e-01,2.507499273411431528e-01,2.280222304009036083e-01,6.265918404724602375e+00
1.230965758393391951e+01,-7.784536285001061318e-01,-2.662045521890654687e-01,4.999999507958444056e+00,1.999998443442392748e+00,4.444213763133332551e-02,-3.993988426758243171e-01,-1.285009570090538955e-01,6.265864764445255197e+00
1.246748573893937007e+01,-7.624965902610342239e-01,-2.386091357670983848e-01,4.999999514363424602e+00,1.999998648908513310e+00,5.628011439629029139e-02,-4.625280101384298681e-01,-1.101415931654424335e-01,6.169158998516807380e+00
1.262531513582266918e+01,-7.425962449900048723e-01,-2.119179064948090441e-01,4.999999527218032647e+00,1.999998644655339941e+00,7.018440713855343682e-02,-5.372447533138190456e-01,-8.258653608837564220e-02,6.030897074867571206e+00
1.278314656896915480e+01,-7.186834941638565732e-01,-1.869791228990174692e-01,4.999999542927192842e+00,1.999998658075655245e+00,7.016838866155945820e-02,-5.063890929073960878e-01,-6.371281595637000306e-02,5.862356969928939954e+00
1.294097618752468470e+01,-6.908080531872460295e-01,-1.654184088036414757e-01,4.999999560115576891e+00,1.999998675844961049e+00,6.181907138052376155e-02,-4.526055795247531099e-01,-4.099099678767278987e-02,5.683632274514389238e+00
1.309881001642328791e+01,-6.592632001851661538e-01,-1.481112446555925277e-01,4.999999577049141664e+00,1.999998694201770677e+00,9.052333408650491131e-02,-1.492171902689792273e-01,-7.927718250332414784e-02,5.516193203184814209e+00
1.325665828207898045e+01,-6.246941330352386856e-01,-1.363308675172919815e-01,4.999999592466541465e+00,1.999998707576036816e+00,7.693604614597571167e-02,5.842026634984940348e-01,-1.837892957656505344e-01,5.378012301050991262e+00
1.341450212660527619e+01,-5.880857746953294107e-01,-1.327544250568555295e-01,4.999999604679839393e+00,1.999998725561286994e+00,-1.516830393237512953e-01,-1.831421353356575965e+00,3.311605116885444899e-01,5.281286361346407610e+00
1.357234801495493137e+01,-5.491121041767347277e-01,-1.180207233389862082e-01,4.973402475452040505e+00,1.999998893491641505e+00,1.018599610788000875e+00,-1.999985699623582081e+00,5.235970418237989588e-01,5.173976761658134471e+00
1.373019021600012124e+01,-5.064758502964871179e-01,-6.287755240650558242e-02,4.999999775033675320e+00,1.809258290979371075e+00,2.582165676976735380e+00,-1.999965244171062029e+00,-3.485221726496807171e-01,5.070014555462832639e+00
1.388803479915067740e+01,-4.621128974866522965e-01,8.129816693275577349e-04,4.998153107477644852e+00,1.414417676383580735e+00,1.638923972802157847e+00,-1.999990521359463980e+00,5.235976560836903548e-01,4.949741595089227175e+00
1.404588209699039858e+01,-4.167046941242777414e-01,7.409869359009227385e-02,4.999999836593333136e+00,1.088835722809628814e+00,3.199837623258567465e+00,-1.999964777975152597e+00,5.235964945571371931e-01,4.856468230890448545e+00
1.420372758606998786e+01,-3.688075497190484442e-01,1.945306945915474817e-01,4.999999714543780449e+00,5.185378183900930527e-01,4.573106869363318339e+00,-2.353605339052377288e-01,3.193555992757273199e-01,4.760011684854685399e+00
1.436157186520450324e+01,-3.192785865262478540e-01,3.465494986973117753e-01,5.000000001041678743e+00,-2.115811211971134476e-01,4.883931638186573387e+00,1.999998396593902106e+00,-5.524486168465805175e-02,4.733942060361228776e+00
1.451941480371977100e+01,-2.689570248544946307e-01,4.846964093445328969e-01,4.982328651670827391e+00,-9.158202548053969716e-01,3.897681608805540598e+00,1.999998186428651792e+00,-1.593542071068444477e-01,4.798102421357445024e+00
1.467725981667522639e+01,-2.183246999283177114e-01,5.867683676093683465e-01,4.919899217334505082e+00,-1.428152195607483410e+00,2.689728064632426197e+00,1.999997922080812840e+00,-1.973720599058576830e-01,4.853128038631363772e+00
1.483510419219275711e+01,-1.670402164999980343e-01,6.505069721115407377e-01,4.875042262929772718e+00,-1.736497789801416669e+00,1.684636805853187758e+00,1.999997595261539418e+00,-1.592972318375070473e-01,4.898359666312765093e+00
1.499294903194657458e+01,-1.147122320843858845e-01,6.858876966927831553e-01,4.864535821442180108e+00,-1.912015414066061902e+00,9.675787348719997460e-01,1.999997176538174770e+00,-5.012283877080673383e-02,4.946082590368193088e+00
1.515079552526056084e+01,-6.161860827634757509e-02,7.041318607921952522e-01,4.873345051043922460e+00,-1.985465565067866978e+00,5.703960920253189348e-01,1.999996630416249976e+00,9.828062749246313512e-02,4.978684434523039215e+00
1.530863941851100662e+01,-7.536910096706290509e-03,7.142707169218951435e-01,4.876884326741487641e+00,-1.999999605876996434e+00,3.718236910265810269e-01,1.999995844768947872e+00,9.412084477405061045e-02,4.991608520504155599e+00
1.546648138364089142e+01,4.737434758560103709e-02,7.149575797681692046e-01,4.889394076707850090e+00,-1.994315199127375537e+00,2.786873797649114803e-01,1.999994586654199269e+00,5.538693205146155707e-02,5.026324457113264366e+00
1.562431973508963345e+01,1.019254699150685950e-01,7.076232271801012885e-01,4.910196166964131415e+00,-1.987312349127267064e+00,2.678835996015256904e-01,1.999992419968554813e+00,2.975566449550859447e-03,5.093636637594118888e+00
1.578214310980001045e+01,1.546744247607681755e-01,6.940073770487471538e-01,4.936072666392899322e+00,-1.992580922860623938e+00,2.330427531922450723e-01,1.999988004881619208e+00,-1.324425043478349995e-02,5.194680531559544789e+00
1.593997106120957774e+01,2.042800186697938947e-01,6.752830655420101191e-01,4.962454946979438120e+00,-1.999997576153505818e+00,1.861080963133931176e-01,1.999974715257866187e+00,8.345102662497499643e-03,5.311327741649660261e+00
1.609780420846664839e+01,2.500275521094750264e-01,6.533913310607899483e-01,4.985059225236050828e+00,-1.999998452199745147e+00,1.874257102400211372e-01,1.637093202256821645e+00,-2.849311549241086497e-02,5.423252273833893966e+00
1.625563363660890204e+01,2.916320542686970385e-01,6.283145424775722354e-01,4.999999265630961531e+00,-1.999998392729929853e+00,1.013614145474820843e-01,1.015195365945584349e+00,-2.375748299570903249e-02,5.524319470156312306e+00
1.641346420708794795e+01,3.288305159863834093e-01,6.003159906968459358e-01,4.999999235427056377e+00,-1.999999201573787078e+00,7.396249562626382168e-02,1.115514900051950420e+00,9.360928201312209221e-03,5.600370486039031981e+00
1.657129241472300407e+01,3.614732861512938156e-01,5.729638734708296655e-01,4.999999198211887652e+00,-1.999999162008896381e+00,1.253966711377286491e-01,1.073373844421051215e+00,-1.240901489042919859e-02,5.654728726453549292e+00
1.672912063245719949e+01,3.898246184676387172e-01,5.472471716087237148e-01,4.999999173903448835e+00,-1.999999180750830607e+00,8.550247378280741162e-02,9.098312583863973346e-01,-1.988285853698162214e-02,5.685682292456696096e+00
1.688695025496055635e+01,4.143495994313377007e-01,5.219888237158281097e-01,4.999999158651904807e+00,-1.999999196251680544e+00,5.586079311137259057e-02,8.686179881290208016e-01,-1.575209856705597463e-03,5.696853270045790119e+00
1.704478292046537291e+01,4.353139612036760475e-01,4.988803450203282419e-01,4.999999150739668607e+00,-1.999999212321252218e+00,8.107363878686639491e-02,7.275050029919337413e-02,-1.265778657793946993e-01,5.691660658771001025e+00
1.720262938423008592e+01,4.527373918547019649e-01,4.742049993633290494e-01,4.993590534109853429e+00,-1.999999192979507345e+00,-2.368350244236006041e-01,-1.999968908151380509e+00,5.235922596914378557e-01,5.672689234323331497e+00
1.736046998658444451e+01,4.667771333373132436e-01,4.566002789530479999e-01,4.857225690537358531e+00,-1.966224802115107417e+00,3.979637090438762348e-01,-1.999983600357436719e+00,-1.875080087505605619e-01,5.508823759681649612e+00
1.751831324383365285e+01,4.773785496144261065e-01,4.420944511273560695e-01,4.785233324481302120e+00,-1.999999306886240502e+00,-1.609420536153059744e-01,-1.999989100620817251e+00,5.235964472188403551e-01,5.437932982210834432e+00
1.767615416437362796e+01,4.848660600496879636e-01,4.305825204206834012e-01,4.642383010054481396e+00,-1.967188678680078739e+00,4.610788621421098021e-01,-1.999991534044277541e+00,-1.803573233340776405e-01,5.273185758515722910e+00
1.783399548897952513e+01,4.895597465402715676e-01,4.210085595225810384e-01,4.567228460325254424e+00,-1.999999533450575795e+00,-1.015854730064514461e-01,-1.999993180721055364e+00,5.235973454902073110e-01,5.205251085886566820e+00
1.799183935235225462e+01,4.916472027359347075e-01,4.134390759583750352e-01,4.416502567607581753e+00,-1.967222925757298180e+00,5.186729788732596935e-01,-1.999994030570967807e+00,-5.889885424345555481e-02,5.039885503400496347e+00
1.814968180758339855e+01,4.915893878649369442e-01,4.130517712041267275e-01,4.320993508137571659e+00,-1.999999226784401340e+00,3.047964500852095582e-01,-1.999994639390741513e+00,-7.973914975296060581e-02,4.956764802815836646e+00
1.830752232617233233e+01,4.893533051997812078e-01,4.057981953597321612e-01,4.239983809924390279e+00,-1.999999486283702277e+00,6.447363141857812008e-02,-1.999995144158125626e+00,5.235977767829493867e-01,4.873578078171388661e+00
1.846536496035796659e+01,4.852214059435431825e-01,4.048205602279604243e-01,4.070056000266917273e+00,-1.970417750633398635e+00,6.508043646710837127e-01,-1.999995293180316880e+00,-1.304269270688832305e-01,4.694400814362336583e+00
1.862320750393788771e+01,4.792504729870004088e-01,4.062456509207127420e-01,3.973206829660421935e+00,-1.999999722372215905e+00,1.966196589194811883e-01,-1.999995410395192019e+00,5.235978448278968411e-01,4.610180279163068384e+00
1.878105137692154614e+01,4.715377790986997053e-01,4.104031695636328192e-01,3.785507526339920048e+00,-1.972798752856877336e+00,7.653408595334046938e-01,-1.999995150834639412e+00,-7.782780748164612461e-02,4.417675942777790077e+00
1.893889511915230273e+01,4.624151378840976045e-01,4.197294711437631887e-01,3.667672496880411082e+00,-1.999999732142238695e+00,4.554952726916967065e-01,-1.999994606543044950e+00,5.235977487007893449e-01,4.317821351715259048e+00
1.909673845965695094e+01,4.520302196303528919e-01,4.337723853356929560e-01,3.449699337968382906e+00,-1.979603386739155813e+00,9.528241936093637676e-01,-1.999992597695936292e+00,1.618940743496900814e-02,4.108162561733218254e+00
1.925457844417674380e+01,4.409688249060678689e-01,4.567109226908698250e-01,3.290350310381653376e+00,-1.999999672832094788e+00,8.673050397400954292e-01,-1.999983545490071624e+00,9.873409413083895914e-02,3.979879139005266797e+00
1.941241843242822540e+01,4.298791771792678795e-01,4.811579834632802588e-01,3.111698280518571114e+00,-1.999999507308871216e+00,1.008688015668155691e+00,1.999974899603736311e+00,6.496534133727446814e-02,3.831242314910690450e+00
1.957026488964968536e+01,4.206535458947709971e-01,5.090516036881684858e-01,3.093710015720366080e+00,-1.999999804489305699e+00,1.010962129389371800e+00,1.999993485453809505e+00,5.765133516605281533e-02,3.837193988451508275e+00
1.972810929973897132e+01,4.151861222393444240e-01,5.349899684310001069e-01,3.076069850201988753e+00,-1.999999823567144785e+00,9.969830426292228820e-01,1.999996237519997555e+00,3.273117154522290490e-02,3.847045084028382078e+00
1.988594961520657378e+01,4.130815634188871877e-01,5.568631925319658116e-01,3.063821365675082564e+00,-1.999999722713885042e+00,9.344962492096416939e-01,1.999997353452454885e+00,7.937455381464243731e-02,3.864259106417422096e+00
2.004378797962834469e+01,4.138350912698014472e-01,5.760162109273999631e-01,3.043325325823782013e+00,-1.999999833031216090e+00,1.008304674744779472e+00,1.999997975222672864e+00,7.382732464257561744e-02,3.875064528656930296e+00
2.020161358680221042e+01,4.167829783083506490e-01,5.950479887390031086e-01,3.016694182759941611e+00,-1.999999753646329426e+00,1.016921721964078928e+00,1.999998370947798865e+00,7.854655031971102819e-02,3.878801361042266915e+00
2.035944544404977563e+01,4.217780804591537702e-01,6.122292979405431490e-01,2.986647687325878042e+00,-1.999999829394796036e+00,1.041432914149493794e+00,1.999998642060348608e+00,5.386947763722559068e-02,3.875721106145307626e+00
2.051727480689138616e+01,4.284697406619867865e-01,6.273098488261592554e-01,2.959301951122270236e+00,-1.999999567319973748e+00,1.011647490317077125e+00,1.999998843214335631e+00,6.448026944512720571e-02,3.870073800120414020e+00
2.067510665892076460e+01,4.366665419171133489e-01,6.404922545908041664e-01,2.930852173243206238e+00,-1.999999762929521419e+00,1.028966500796359096e+00,1.999999002614639476e+00,7.069151107503199305e-02,3.858662408048608938e+00
2.083293757923996736e+01,4.461074113655549844e-01,6.539741387814075324e-01,2.899174845385170229e+00,-1.999999573421103571e+00,1.052873693855006731e+00,1.999999133171844745e+00,9.250162418996898950e-02,3.840383208985417518e+00
2.099076626665013734e+01,4.568124303941425435e-01,6.692153641494865690e-01,2.860336882595077679e+00,-1.999999885811081901e+00,1.114641757290960600e+00,1.999999235989576629e+00,6.688650989453005791e-02,3.813254563204647507e+00
2.114859806048661284e+01,4.688797186049121768e-01,6.859437837873738619e-01,2.822923608827383912e+00,-1.999921574497583121e+00,1.107909031941132216e+00,1.999999321135897956e+00,7.573442469471801386e-02,3.786266266104937106e+00
2.130643164556465408e+01,4.825698759153559947e-01,7.032060659575286587e-01,2.784009652977805782e+00,-1.999999684146317902e+00,1.128837149474739787e+00,1.999999396491385584e+00,8.334755030731390291e-02,3.758608828604855123e+00
2.146426099727144532e+01,4.979001628946991831e-01,7.220718706150152100e-01,2.741722791609104259e+00,-1.998071680061078492e+00,1.158313695990289327e+00,1.999999463420758294e+00,1.093959034655560963e-01,3.727688493653293023e+00
2.162209263772422929e+01,5.150700919456693283e-01,7.436918025636025664e-01,2.690853328262147848e+00,-1.993534011532988259e+00,1.230662399295582077e+00,1.999999524986694421e+00,1.404964959887758102e-01,3.689444692412988669e+00
2.177992429830322507e+01,5.343188599000583405e-01,7.699263337001900354e-01,2.626628114534309333e+00,-1.991952824763083107e+00,1.343756260828266491e+00,1.999999580282274758e+00,1.675236389543160176e-01,3.645797366034089659e+00
2.193775497726101875e+01,5.557889086079361718e-01,8.020962410017308253e-01,2.546152546289375262e+00,-1.994235500996941246e+00,1.476369094769832468e+00,1.999999628841982124e+00,1.869236698998080481e-01,3.599396879697554397e+00
2.209558625880726623e+01,5.796045215073459822e-01,8.403332746383007645e-01,2.448754976332836453e+00,-1.998581820939236531e+00,1.610198930082445967e+00,1.999999670307704314e+00,1.984542090908999190e-01,3.556256476702796210e+00
2.225341623487963005e+01,6.057726283927640232e-01,8.835333850815386691e-01,2.335284484747929046e+00,-1.999999968756429380e+00,1.735756252886065720e+00,1.999999697528344056e+00,1.809906253495959516e-01,3.524345178813845347e+00
2.241124771946251926e+01,6.341199476225706233e-01,9.289061464831080972e-01,2.213230644505995048e+00,-1.996690339381379964e+00,1.823138886948333370e+00,1.999999713828334080e+00,1.631431027862667582e-01,3.521874761124052622e+00
2.256907806326205801e+01,6.640040882299999003e-01,9.721560233036456999e-01,2.086429634261728783e+00,-1.988090926069452147e+00,1.872686754259784703e+00,1.999999726433980385e+00,1.388722540631614211e-01,3.566672903439954023e+00
2.272690868338902703e+01,6.941060958679697857e-01,1.008070628918386058e+00,1.961098579252897878e+00,-1.970614248262072765e+00,1.888591933809775192e+00,1.999999734500218951e+00,1.086695557600026590e-01,3.673298794958094859e+00
2.288472357994913509e+01,7.227585944178901434e-01,1.031609793772797490e+00,1.843648961738439285e+00,-1.944180041124901948e+00,1.877378242632566918e+00,1.999999737711561476e+00,7.292174883630431204e-02,3.852614069933212537e+00
2.304244539610289877e+01,7.482739424031479292e-01,1.038937751712877944e+00,1.739446089161467590e+00,-1.917005095308817353e+00,1.826290406634793140e+00,1.999999736246824478e+00,3.125182718585853281e-02,4.110754075887800951e+00
2.320007915100308082e+01,7.692012563170405048e-01,1.027459500813876048e+00,1.653009526403156348e+00,-1.890432768278005771e+00,1.745814583351305238e+00,1.999999732567033561e+00,-1.401346044647080319e-02,4.421830870407942982e+00
2.335776240379344415e+01,7.848202906896595277e-01,9.975031839536024902e-01,1.585580576439951539e+00,-1.867911740592525849e+00,1.633423914109580766e+00,1.999999730554701260e+00,-6.043583886175959985e-02,4.731337446478346642e+00
2.351543549955964707e+01,7.950166350634230161e-01,9.514098870708440625e-01,1.536641706280978958e+00,-1.849389718200587840e+00,1.486206941681569527e+00,1.999999734561905829e+00,-1.046664285325618476e-01,4.962841884829646943e+00
2.367310658013312974e+01,8.000000044199258031e-01,8.925558865087833693e-01,1.505145679897391009e+00,-1.831275279135590184e+00,1.300961542581743347e+00,1.999999741403160947e+00,-1.425206491338682491e-01,5.052282433793892302e+00
2.383078259157212742e+01,7.999999434399626130e-01,8.241579808345554925e-01,1.490635361406264625e+00,-1.807169140966313314e+00,1.077091229035024078e+00,1.999999750542569732e+00,-1.709695676844632528e-01,4.979997423313191618e+00
2.398846182048627540e+01,7.951282586970642718e-01,7.484044248548105127e-01,1.493833614660574849e+00,-1.769482149384904224e+00,8.156174397990679781e-01,1.999999765555776188e+00,-1.872768580052050769e-01,4.771175521801059638e+00
2.414615288732226261e+01,7.854159816889584311e-01,6.661398268741478557e-01,1.516355972880127245e+00,-1.710709528335042862e+00,5.211195869483926657e-01,1.999999784194433250e+00,-1.885487522003534422e-01,4.470734384033488773e+00
2.430388086077191190e+01,7.709297915269296420e-01,5.771676521589785835e-01,1.559660312546921279e+00,-1.623850611813186129e+00,2.098067021647671282e-01,1.999999804106119550e+00,-1.724494416727423429e-01,4.121508976166868621e+00
2.446158990947670731e+01,7.518923878332278710e-01,4.812005650988263605e-01,1.623263330739761034e+00,-1.503583674246390833e+00,-8.280089831571478542e-02,1.999999823537359056e+00,-1.379005200675250675e-01,3.758401812060744085e+00
2.461931191699610011e+01,7.287640348670887391e-01,3.794400185926228297e-01,1.702576081986193701e+00,-1.349252950225465542e+00,-2.972452485904699682e-01,1.999999841252031230e+00,-8.633556971261678592e-02,3.410295441087939139e+00
2.477704546314851441e+01,7.022492372495716673e-01,2.766020282464558000e-01,1.787841708080823100e+00,-1.169581575842293608e+00,-3.595046630212365701e-01,1.999999856532694187e+00,-2.340389558865682562e-02,3.100516248950288656e+00
2.493479114948413056e+01,6.732114618504171366e-01,1.821372651309764445e-01,1.866886563726930959e+00,-9.854929219947767827e-01,-2.208719295877931421e-01,1.999999869169269973e+00,4.016103256661174292e-02,2.844379835417749636e+00
2.509255352199869904e+01,6.425865202524138065e-01,1.082191453833296624e-01,1.931916701129351654e+00,-8.236189779586365889e-01,9.266266298407557778e-02,1.999999879234713562e+00,9.131858074208767939e-02,2.648091009997829204e+00
2.525032557084151819e+01,6.114870122908903083e-01,6.436324820115432721e-02,1.983875060227120679e+00,-7.047358123961120491e-01,4.681305673570150261e-01,1.999999886773515811e+00,1.202942758652787852e-01,2.511717408322827083e+00
2.540817478931076678e+01,5.813038927717081306e-01,5.210463418228232502e-02,2.029897474767465404e+00,-6.330048510380545945e-01,7.802115615883329358e-01,1.999999891745694258e+00,1.260531020015189241e-01,2.431149410202268601e+00
2.556602607299809549e+01,5.536376005648901977e-01,6.487945855672354323e-02,2.077368376346684808e+00,-5.976120872856449662e-01,9.577279875348611027e-01,1.999999894154094848e+00,1.154428699374328016e-01,2.398736101771294038e+00
2.572386043152399893e+01,5.300041225972247361e-01,9.221681876545725909e-02,2.130943332077070540e+00,-5.831437918842842238e-01,9.954076683948864801e-01,1.999999894161553993e+00,9.757162313394500408e-02,2.404507036897796102e+00
2.588169951821300785e+01,5.114398678645296625e-01,1.242620302770457152e-01,2.192489708582729513e+00,-5.773426444452857131e-01,9.362921040524992966e-01,1.999999892085836395e+00,7.941057363462603047e-02,2.438289509432951530e+00
2.603954017059215431e+01,4.982905760111538407e-01,1.544997322715603305e-01,2.261628183283754367e+00,-5.717951897601402100e-01,8.364007444897635368e-01,1.999999888322704145e+00,6.465220759791237559e-02,2.491007914144923951e+00
2.619737851638404180e+01,4.903950964288636971e-01,1.801162509686884960e-01,2.336582376942840877e+00,-5.643128276994330284e-01,7.303249672318834484e-01,1.999999883237550291e+00,5.354256700200562408e-02,2.555676315987909231e+00
2.635521658650501919e+01,4.872395855456736480e-01,2.004565138626692444e-01,2.415336014872307313e+00,-5.551943565638239875e-01,6.338350096198355210e-01,1.999999877116598102e+00,4.520761385017097594e-02,2.627368843826807243e+00
2.651305429342887621e+01,4.881488255684754973e-01,2.158661843458729024e-01,2.496221232703781379e+00,-5.456276000398072590e-01,5.507389380799425638e-01,1.999999870148618797e+00,3.876790412565127991e-02,2.703101743953143732e+00
2.667089543531610119e+01,4.924070398595316589e-01,2.269957215320336230e-01,2.578043588695715815e+00,-5.358072349189940686e-01,4.801830644600186271e-01,1.999999862436788733e+00,3.384028386385819903e-02,2.781333149046279818e+00
2.682873911648224663e+01,4.993663932512544812e-01,2.345050810970111810e-01,2.659949738214029136e+00,-5.260759629016962258e-01,4.200892112445172022e-01,1.999999853990569676e+00,3.008752640170057543e-02,2.862015855007744580e+00
2.698657884944075391e+01,5.084374221585075126e-01,2.388688946565786231e-01,2.741241026373329337e+00,-5.165834731728924378e-01,3.690468229657779542e-01,1.999999844733094223e+00,2.727791546080522364e-02,2.946363223664093312e+00
2.714441982942778608e+01,5.190634721262632478e-01,2.403012231148430045e-01,2.821182574234617935e+00,-5.075041576745071836e-01,3.260231355981491053e-01,1.999999834509329055e+00,2.517155997805344339e-02,3.036617865229620072e+00
2.730226373804595497e+01,5.306736479287473829e-01,2.387000193278653037e-01,2.898892682528676268e+00,-4.991023881628035008e-01,2.898058649613984850e-01,1.999999823118639775e+00,2.351620300765734639e-02,3.135432843579184059e+00
2.746010359966692960e+01,5.426363189124995268e-01,2.336523889757600170e-01,2.973349284348546728e+00,-4.916547499863824222e-01,2.588347566541267519e-01,1.999999810384842869e+00,2.211494870637561311e-02,3.244738578618632019e+00
2.761794303881044854e+01,5.542382736426418877e-01,2.245503763574681344e-01,3.043528646179380459e+00,-4.843658704350855548e-01,2.325924870325153937e-01,1.999999796271406227e+00,2.083771942822985543e-02,3.364029977822858619e+00
2.777578333402070143e+01,5.647471380708608546e-01,2.108526452682331631e-01,3.108643185890338501e+00,-4.782688353254341274e-01,2.078578555471125300e-01,1.999999780950065587e+00,1.926111008255930110e-02,3.489740082302896340e+00
2.793362027273680681e+01,5.733880542003949587e-01,1.921993797607467747e-01,3.168444798512454419e+00,-4.723792148195145590e-01,1.833567745217027367e-01,1.999999764910272981e+00,1.749922176213285566e-02,3.613856222921182137e+00
2.809142046652110380e+01,5.794860467373447177e-01,1.687333180956609446e-01,3.223319006025437972e+00,-4.675134539422609592e-01,1.560684223577445129e-01,1.999999748840061820e+00,1.554499317695458120e-02,3.726149120371302192e+00
2.824923585368508583e+01,5.824449622233892621e-01,1.410559750087051756e-01,3.274268332238013723e+00,-4.618249271213543672e-01,1.279767596567744636e-01,1.999999733453507567e+00,1.397538279729634327e-02,3.816535856997991250e+00
2.840706856414562509e+01,5.818617163282808757e-01,1.103023000098901918e-01,3.322606773500679900e+00,-4.555752777756327254e-01,9.995090110191452715e-02,1.999999719153365163e+00,1.289818816484152204e-02,3.879730803091543390e+00
2.856489107469202793e+01,5.774460893790095417e-01,7.778209892750398424e-02,3.369715975746214287e+00,-4.477208922785615997e-01,7.522173319775912748e-02,1.999999705904060177e+00,1.258113618974410035e-02,3.916354050208076476e+00
2.872271485097639854e+01,5.690540933660868106e-01,4.480383414202689790e-02,3.416755989774563851e+00,-4.382217085791993427e-01,5.623575793745762275e-02,1.999999693254171929e+00,1.283238709765234173e-02,3.932187787031709458e+00
2.888053977336812750e+01,5.566452358537814504e-01,1.243221199418608792e-02,3.464544845034689846e+00,-4.276530605769034432e-01,4.323350055045593887e-02,1.999999680546067360e+00,1.320629420434039740e-02,3.935031584351627920e+00
2.903836672366645288e+01,5.402502135666747973e-01,-1.865423317982585830e-02,3.513557967789552983e+00,-4.165664269063852898e-01,3.447447595859690767e-02,1.999999667136441284e+00,1.319415384594927604e-02,3.931719552340879886e+00
2.919619899487317127e+01,5.199489149632298135e-01,-4.817544753525099949e-02,3.564011986260922527e+00,-4.078923651300349063e-01,2.128244154491627099e-02,1.999999652531416316e+00,1.244857794905814344e-02,3.926591787459760674e+00
2.935403202994575622e+01,4.957465553424774685e-01,-7.636078060667472744e-02,3.616043400313451173e+00,-4.000496851437390644e-01,3.266869048528871396e-03,1.999999636366900591e+00,1.193911935389591755e-02,3.921685724468417789e+00
2.951186846244221584e+01,4.676859118366634149e-01,-1.034606197154753771e-01,3.669625661640007142e+00,-3.899697884102698575e-01,-1.066857225356475369e-02,1.999999618309393101e+00,1.235679050673222333e-02,3.918021890342497926e+00
2.966970253199122354e+01,4.359030054609225324e-01,-1.293932317038376523e-01,3.724539652854490512e+00,-3.793884403713796427e-01,-1.811400751608038470e-02,1.999999598044128524e+00,1.321893945379343932e-02,3.915852837742595849e+00
2.982753759913666158e+01,4.004879240383582006e-01,-1.540357889739200070e-01,3.780563137333078139e+00,-3.689521631440260130e-01,-1.928904346085295873e-02,1.999999575197297874e+00,1.419900805897542778e-02,3.915251369600025733e+00
2.998537262562769357e+01,3.615332863773139671e-01,-1.772918462366800119e-01,3.837505184673996705e+00,-3.621805805315287952e-01,-2.244432949386788306e-02,1.999999549377065255e+00,1.492576112175569326e-02,3.915655855356694470e+00
3.014320706128485838e+01,3.190175469266366970e-01,-1.993666346893004371e-01,3.895305978917624756e+00,-3.566335221947070644e-01,-2.616050630688844525e-02,1.999999519996147113e+00,1.600247236970506887e-02,3.917128930366502892e+00
3.030104821502489898e+01,2.729931299495648722e-01,-2.203506764933716999e-01,3.953863297931802467e+00,-3.529651207948256708e-01,-2.915230105957555481e-02,1.999999486368549295e+00,1.705045255143128324e-02,3.919251551634070019e+00
3.045888816004092448e+01,2.234785090724218937e-01,-2.402970576023474025e-01,4.013111317262398003e+00,-3.515986831903371024e-01,-3.167518663672747037e-02,1.999999447594028146e+00,1.749733857639366313e-02,3.921554383417991563e+00
3.061672655840354906e+01,1.704722436687899634e-01,-2.592574130107500041e-01,4.073084910964392513e+00,-3.481061056556905009e-01,-2.765725443615175277e-02,1.999999402258474612e+00,1.609855251994243494e-02,3.924894038278992525e+00
3.077456716890862509e+01,1.141498766532225290e-01,-2.770561225894092594e-01,4.133945944377467541e+00,-3.451352759842959417e-01,-2.576771648459142208e-02,1.999999348575999480e+00,9.305772372461032851e-03,3.929415456174022214e+00
3.093240901672077925e+01,5.462672123863115264e-02,-2.938987947992351968e-01,4.196371360061121436e+00,-3.472330036480048565e-01,-5.932712478022843239e-02,1.999999284032134339e+00,-5.641926635629041821e-03,3.935716007093144952e+00
3.109024762592622437e+01,-8.154701710729456501e-03,-3.110604950340736807e-01,4.261803956869235854e+00,-3.400594201643371561e-01,-1.424390095894378094e-01,1.999999203990203034e+00,-2.885533365395174382e-02,3.950857255801808687e+00
3.124808739612432973e+01,-7.380040579745110463e-02,-3.299564121938891037e-01,4.331801651251428353e+00,-3.210560279650377380e-01,-2.986321065994238522e-01,1.999999102430544795e+00,-6.130224531314733966e-02,3.980842028111896802e+00
3.140593040923509704e+01,-1.419439548093852643e-01,-3.525643542177481771e-01,4.407596874782275798e+00,-2.764470363097065730e-01,-5.413623286681904512e-01,1.999998970078729954e+00,-9.903769610472894225e-02,4.035243255467403145e+00
3.156377087412647242e+01,-2.118831746071166977e-01,-3.807034711531519511e-01,4.488681381930812897e+00,-1.962100667482515604e-01,-8.639624793604055997e-01,1.999998793955448662e+00,-1.346477707222820952e-01,4.121126347590903904e+00
3.172161405417166691e+01,-2.827603970077361972e-01,-4.152051740070525354e-01,4.571923144837824360e+00,-5.947341647638767353e-02,-1.194431625290148125e+00,1.999998553349861430e+00,-1.581546073247314110e-01,4.247708051762753456e+00
3.187945000792729289e+01,-3.530819463108681999e-01,-4.538698382801175657e-01,4.651320007762096864e+00,1.358231038211434039e-01,-1.432999647219696859e+00,1.999998217692548375e+00,-1.648583606814703617e-01,4.418500061409456059e+00
3.203727919109874023e+01,-4.211125712141159383e-01,-4.916635266268589710e-01,4.721164210256006299e+00,3.720961196858579845e-01,-1.564629023253950368e+00,1.999997740845861127e+00,-1.552846395090285159e-01,4.630985252809376007e+00
3.219511426296599410e+01,-4.852472367837936118e-01,-5.242901128721335624e-01,4.779097363213724137e+00,6.256673376012503729e-01,-1.688853787178227872e+00,1.999997049494924850e+00,-1.318820966271642969e-01,4.877183060492436439e+00
3.235294305054934938e+01,-5.443408512318292924e-01,-5.515338752183496229e-01,4.824417282577408983e+00,8.735351826281381182e-01,-1.944816829857987761e+00,1.999996020053159018e+00,-9.428943665162668741e-02,5.140779648285389136e+00
3.251077062110528715e+01,-5.981670388471871380e-01,-5.773530385475968973e-01,4.854343565272988492e+00,1.139244869031033058e+00,-2.054516950992957280e+00,1.999994399191512118e+00,-3.206719725317052488e-02,5.425466942409495452e+00
3.266859622459273282e+01,-6.463656992313093763e-01,-5.972043749387386802e-01,4.873783780483478267e+00,1.417859537534740033e+00,-1.989507617248691407e+00,1.999991618086726763e+00,5.682835309359340198e-02,5.744956766350227007e+00
3.282642444395244041e+01,-6.881417499253452696e-01,-6.061334703870994156e-01,4.891326000615707770e+00,1.668688194530125068e+00,-1.521480797062654711e+00,1.999986089716993654e+00,1.656873844230540294e-01,6.082067350531661809e+00
3.298424709565355784e+01,-7.233101056782377247e-01,-5.949052092284922155e-01,4.927589161782310434e+00,1.864885018248701121e+00,-8.310266439104507796e-01,1.999969888200443302e+00,2.768963375398627580e-01,6.427110662728170887e+00
3.314206048630258294e+01,-7.514127075529616340e-01,-5.608914302190716183e-01,4.994076738922566427e+00,1.980089922607428887e+00,9.128937985650806275e-02,-1.482202882304102687e+00,3.263491066717742750e-02,6.729688955160425756e+00
3.329982419201258637e+01,-7.726740526349525906e-01,-5.127110822704757931e-01,4.999999300611734476e+00,1.999998418642938702e+00,2.862934205815207966e-01,-1.648221436126485528e+00,-6.302905835976349569e-02,6.823110469160791780e+00
3.345760730243782177e+01,-7.875425253285570637e-01,-4.632011143359362482e-01,4.999999294418478790e+00,1.999998681077493679e+00,2.832428770813593677e-01,-1.551865708174674952e+00,-6.448757682800580759e-02,6.782932816719613456e+00
3.361539132028904930e+01,-7.965216846877684054e-01,-4.163858885721602454e-01,4.999999299911594086e+00,1.999998729991477209e+00,2.687665806671273860e-01,-1.423234773715562618e+00,-5.708489673208024667e-02,6.642782831320293013e+00
3.377324524756173929e+01,-7.999999850673042978e-01,-3.739050252615728209e-01,4.999999400812860983e+00,1.999998436728071205e+00,2.497743462541429926e-01,-1.288119274148882942e+00,-4.229194598457180349e-02,6.442255693947164019e+00
3.393108025480361079e+01,-7.983387171075405631e-01,-3.366707080504278138e-01,4.999999487718946867e+00,1.999998709634577043e+00,2.518607507871337692e-01,-1.016628086006268195e+00,-6.199586642933044289e-02,6.223708184788204534e+00
3.408891473863642574e+01,-7.919807232603170988e-01,-3.053696957077333685e-01,4.999999512327572226e+00,1.999999067761131455e+00,2.375623951417428492e-01,-5.371324240985531073e-01,-1.177510120641600405e-01,6.017448681618387418e+00
3.424675311238344477e+01,-7.815010708308998133e-01,-2.811277594729960638e-01,4.999999535368506720e+00,1.999999062976298481e+00,1.387105720382708907e-01,-5.877497679245013984e-01,-4.001275068426267401e-02,5.839051496297998689e+00
3.440459406562189315e+01,-7.674691019786265000e-01,-2.621540480033849874e-01,4.999999557612345491e+00,1.999999062196697874e+00,1.621192293437793974e-01,-1.005316692328639960e-01,-1.179209526916071005e-01,5.691332243180429629e+00
3.456244068825660065e+01,-7.507490770645258715e-01,-2.490081547104571469e-01,4.999999574993065465e+00,1.999999050694025282e+00,6.330385966998834657e-02,4.418906623227826791e-01,-1.644331333364086323e-01,5.572870350967163766e+00
3.472028354675438777e+01,-7.321056957102229923e-01,-2.433705192702070863e-01,4.999999590839271590e+00,1.999999034533433306e+00,-1.898325362304287001e-01,-6.491834214471319253e-01,2.024345776010026965e-01,5.481741649925481852e+00
3.487812822665672741e+01,-7.117382916241112856e-01,-2.340753127373697007e-01,4.999998527894620182e+00,1.999999311556531989e+00,4.680811688116570668e-01,-1.999979171046560644e+00,5.235968345901321763e-01,5.406349793870880660e+00
3.503597252300145470e+01,-6.886853084756237031e-01,-1.940896754960274306e-01,4.999999719683888344e+00,1.858200125098390387e+00,2.058782054494625147e+00,-1.999966476361973777e+00,-3.362024357979090938e-01,5.291099491781090514e+00
3.519381709499616306e+01,-6.647590390042713571e-01,-1.436500768830752117e-01,4.985634222666240234e+00,1.492872764814224817e+00,1.355956151283869371e+00,-1.999990622098526627e+00,5.235975641130360403e-01,5.137710877291270961e+00
3.535166130172920163e+01,-6.410555762365421906e-01,-7.909237741441189906e-02,4.987477918268544030e+00,1.165881603811949052e+00,3.138058109973806964e+00,-1.999994641189472011e+00,5.235979633351558471e-01,5.029724292346604564e+00
3.550950690676879162e+01,-6.163925557052354343e-01,3.702756211649235046e-02,4.999999926343407175e+00,5.804186564872104714e-01,4.396285547927508475e+00,8.391645798677427326e-02,5.235947012848100046e-01,4.926889667488250524e+00
3.566735194450732394e+01,-5.907993470407653103e-01,1.892210660592117677e-01,4.999999945151518688e+00,-1.650632389909436337e-01,5.120217072093425692e+00,1.999995967080064441e+00,-3.368878495846821131e-03,4.886578984387636382e+00
3.582519464284396093e+01,-5.651834031599273223e-01,3.346431152870781300e-01,4.984226258346847516e+00,-9.287832552257274665e-01,4.203614742123138015e+00,1.999994806570369876e+00,-2.070898839874525388e-01,4.954362253063109733e+00
3.598303981118935724e+01,-5.402341426643959554e-01,4.414601560686061132e-01,4.911801602974860792e+00,-1.500454669259216667e+00,2.899096962903905617e+00,1.999993074687001382e+00,-3.075732171180835528e-01,5.023497596942632981e+00
3.614088518068047762e+01,-5.158754965831049422e-01,5.053509416109760455e-01,4.858792633003735872e+00,-1.860344382631629268e+00,1.495145337972716204e+00,1.999990058060388876e+00,-1.936485029626505150e-01,5.095229574632186065e+00
3.629873065422975031e+01,-4.916832340268711965e-01,5.354463918057665861e-01,4.860408916844486171e+00,-1.999998199199981563e+00,3.266655017881585632e-01,1.999982905885300033e+00,1.243118358957342046e-01,5.146357235937374597e+00
3.645657469768858050e+01,-4.658881834763084484e-01,5.460223041773157870e-01,4.880508725954820548e+00,-1.999999484097215285e+00,2.340469834272911054e-01,1.999941364469853600e+00,6.832803601624393153e-02,5.158520189896821151e+00
3.661441941855960636e+01,-4.382321989377199190e-01,5.520447009123701232e-01,4.915040481915234238e+00,-1.999987249608848661e+00,1.726949488207572547e-01,-1.999956916285386521e+00,3.460223803310283341e-02,5.185913992289879815e+00
3.677226448978874629e+01,-4.099597648380515214e-01,5.550934441874745273e-01,4.834932270616781658e+00,-1.999997686998424395e+00,1.510041015854370894e-01,-1.999983900316012475e+00,1.610595562401019587e-02,5.118412332354727923e+00
3.693010890316880079e+01,-3.821195371509208960e-01,5.568149022931461190e-01,4.757965281233191845e+00,-1.999998207531878514e+00,1.485478846452874535e-01,-1.999989960511937115e+00,1.115630221461552662e-02,5.053498125008175634e+00
3.708795221871891812e+01,-3.548951798047089157e-01,5.581841132419969043e-01,4.680846423307163384e+00,-1.999998557540234589e+00,1.628691384273454612e-01,-1.999992599284760253e+00,1.197107744325508726e-02,4.986929465594507782e+00
3.724579615911209629e+01,-3.283630313793572397e-01,5.597600176963289931e-01,4.601448843071175077e+00,-1.999998749498412387e+00,1.887760969896310204e-01,-1.999994051682339569e+00,1.295467204378443656e-02,4.916064609759650317e+00
3.740364118990326858e+01,-3.025507555333498133e-01,5.616445958749491929e-01,4.518675857702299403e+00,-1.999998968816181222e+00,2.182823540322413880e-01,-1.999994951295791745e+00,1.834890427384333958e-02,4.840030268703672256e+00
3.756148533004500933e+01,-2.774853972546593717e-01,5.638321371336824095e-01,4.431043547042317954e+00,-1.999999083159026636e+00,2.625148559998387032e-01,-1.999995539056777405e+00,2.556305860941592359e-02,4.758388743093941997e+00
3.771933008549329713e+01,-2.532291435550686476e-01,5.665565162949465217e-01,4.336738535942658679e+00,-1.999999028176110194e+00,3.187262079027569639e-01,-1.999995922392572734e+00,1.426811762672724158e-02,4.670842641804238582e+00
3.787717488991119552e+01,-2.298767989226074837e-01,5.691315260347973304e-01,4.237852983552163444e+00,-1.999999432664675281e+00,3.392136284020993986e-01,-1.999996170150563080e+00,3.495148023600784526e-02,4.581114494924145575e+00
3.803501794845048067e+01,-2.075184262610471897e-01,5.718250963610999049e-01,4.130292958480987764e+00,-1.999999020959382312e+00,4.329587818859558790e-01,-1.999996282796727254e+00,1.674152809662993527e-02,4.486842597941440580e+00
3.819285850063162258e+01,-1.863866077840085900e-01,5.753311110560644925e-01,4.016593524449636021e+00,-1.999999564947137598e+00,4.482676974373820955e-01,-1.999996277263100808e+00,4.007118553616443452e-02,4.390287576343481213e+00
3.835069919423160201e+01,-1.664198633365506219e-01,5.793905463810012924e-01,3.893509430686589390e+00,-1.999999348783608966e+00,5.540197848599959229e-01,-1.999996099425667140e+00,4.469760225767238637e-02,4.288841482620182610e+00
3.850854007321307648e+01,-1.477618228083881491e-01,5.866474426863405034e-01,3.758560271040623846e+00,-1.999999529420500410e+00,6.333509437771013273e-01,-1.999995622079923985e+00,5.514042120359497617e-02,4.178744065513956052e+00
3.866638242883720977e+01,-1.301451283350021637e-01,5.970775497833493706e-01,3.611803448496109237e+00,-1.999999552596863017e+00,7.343822911249592300e-01,-1.999994470958737836e+00,7.505600040243716464e-02,4.059774483175596416e+00
3.882422067511659947e+01,-1.133439284998498386e-01,6.125317676507479048e-01,3.448736680104164787e+00,-1.999999504409233353e+00,8.680948512578631204e-01,-1.999990570247035304e+00,7.416938004528279837e-02,3.927502149088816452e+00
3.898206298985405738e+01,-9.701310329751641759e-02,6.338642849631385134e-01,3.270480045332532004e+00,-1.999999635205403248e+00,9.749026869794952255e-01,3.602318565293282093e-01,5.443525403904758003e-02,3.783039838597320070e+00
3.913990446834989001e+01,-7.969212524294652655e-02,6.592321551413524716e-01,3.185176111297518986e+00,-1.999999776182335154e+00,1.017134635120977793e+00,1.999992197702458840e+00,4.158691321380140332e-02,3.713065399498219676e+00
3.929774418720808882e+01,-5.926581930874255666e-02,6.859396645510460466e-01,3.169997850286745411e+00,-1.999999813554113270e+00,1.016009216827059358e+00,1.999996248945802524e+00,4.495862603016111819e-02,3.697681249644857004e+00
3.945558651328734356e+01,-3.484481728509978421e-02,7.129043390183882334e-01,3.154011429986605997e+00,-1.999999812795275389e+00,1.023679263279316576e+00,1.999997575846143905e+00,5.244036284050811875e-02,3.680907577053738500e+00
3.961342727882070136e+01,-6.399335259017525229e-03,7.407035710164077136e-01,3.135428612307645579e+00,-1.999999819362332509e+00,1.042972412970842200e+00,1.999998234721785728e+00,4.973268230282921337e-02,3.661130649135952542e+00
3.977126888224721313e+01,2.613690303324268244e-02,7.692159899133839129e-01,3.115876598949471887e+00,-1.999999765603061475e+00,1.042701521959386257e+00,1.999998632035057344e+00,6.746252677973907375e-02,3.639704866535224959e+00
3.992910852816475398e+01,6.287977764911019396e-02,7.987781131475879537e-01,3.091541254110634629e+00,-1.999999820320617072e+00,1.087966799199749923e+00,1.999998898744139719e+00,6.913978727113745393e-02,3.613920545007688556e+00
4.008694747790385549e+01,1.038649250383375938e-01,8.302605702609281435e-01,3.062729741969804742e+00,-1.999999745004955365e+00,1.110740578787346111e+00,1.999999090806421798e+00,8.009407081938520190e-02,3.584001572951597492e+00
4.024478829820817793e+01,1.492810773199968188e-01,8.630619902035094881e-01,3.028503955407960024e+00,-1.999999836314016788e+00,1.157317290745660587e+00,1.999999233449350822e+00,6.900819841475012983e-02,3.551567829556300460e+00
4.040262780474477466e+01,1.991011313182765308e-01,8.964742876528781768e-01,2.992280923476247523e+00,-1.999999150862408204e+00,1.163571907097315616e+00,1.999999345430353959e+00,9.014637186909751909e-02,3.522991059130307523e+00
4.056046869375885677e+01,2.531940131411638539e-01,9.297467964662444739e-01,2.948010915824447853e+00,-1.999999809858495015e+00,1.232223828423612888e+00,1.999999434522259145e+00,9.621590745988520266e-02,3.500710107120194259e+00
4.071830953737347869e+01,3.109390815665449836e-01,9.634109549202285461e-01,2.893624368421778392e+00,-1.999999828327229334e+00,1.286848096036260269e+00,1.999999502127799422e+00,8.321795859286849895e-02,3.490013549581924224e+00
4.087614577598557020e+01,3.715353960069000538e-01,9.942730651657453178e-01,2.834697345994816153e+00,-1.999996608523109565e+00,1.303283533502626046e+00,1.999999554901145116e+00,8.772678256029932398e-02,3.506278272832898946e+00
4.103398418101491529e+01,4.335740092407955881e-01,1.019798255236363804e+00,2.769255319490734557e+00,-1.999999704828570479e+00,1.339039325041189388e+00,1.999999595297145216e+00,8.684369003339291460e-02,3.558920177385258121e+00
4.119180438870476735e+01,4.950655937103052295e-01,1.038738574114596913e+00,2.697381014870312566e+00,-1.999996743229889296e+00,1.363594339925120469e+00,1.999999624953465283e+00,9.415399876600302753e-02,3.653892894575194283e+00
4.134957200271385602e+01,5.539757043848132501e-01,1.049656580201365763e+00,2.618892450819470863e+00,-1.999999894687745527e+00,1.396518912169474769e+00,1.999999643668229687e+00,7.245575914021941399e-02,3.792883981156962570e+00
4.150735191220245213e+01,6.084291168768927172e-01,1.050887230552414620e+00,2.541819524226401672e+00,-1.999999606512234962e+00,1.376776365984029971e+00,1.999999653282823031e+00,4.810449944189389149e-02,3.978262796468298834e+00
4.166512217822480579e+01,6.570641146904726559e-01,1.040351594883566877e+00,2.471744895038075818e+00,-1.999999666770193363e+00,1.319751631131251379e+00,1.999999657349916360e+00,1.838854718388100926e-02,4.208650481753493544e+00
4.182288239341202996e+01,6.989390828474283390e-01,1.017230342650643715e+00,2.412678015435963719e+00,-1.999435076637548825e+00,1.222700744994821509e+00,1.999999658000905178e+00,-2.236388076350527207e-03,4.477310679675255756e+00
4.198063410362271242e+01,7.336017893537490897e-01,9.817037356766610268e-01,2.364898085962698460e+00,-1.999999585082181452e+00,1.113471255978397689e+00,1.999999656411723503e+00,-2.317715219991648909e-02,4.775835494748499777e+00
4.213837586130882329e+01,7.608805664546575143e-01,9.347115452132943592e-01,2.328207034413461329e+00,-1.999999387800721173e+00,9.905147893295710437e-01,1.999999653736085792e+00,-3.806931808877268841e-02,5.088832976135098107e+00
4.229612467833687361e+01,7.808983219589920033e-01,8.773063769248020671e-01,2.301267821324776364e+00,-1.999749110549741138e+00,8.682440441465731906e-01,1.999999651827401026e+00,-4.104509161997750566e-02,5.399376158974741990e+00
4.245384495039485273e+01,7.938683276931806088e-01,8.109594517837287464e-01,2.281245455382206355e+00,-1.999983677193641451e+00,7.668198435949273861e-01,1.999999652511812887e+00,-3.511150611923350567e-02,5.682750321173596575e+00
4.261155897139315840e+01,8.000000050072963997e-01,7.374114183347697526e-01,2.265175019908157950e+00,-1.999999805991423907e+00,6.955389514423712116e-01,1.999999650026177411e+00,-3.590434054646400586e-02,5.904693927399619291e+00
4.276926014939061105e+01,7.994565641535948952e-01,6.581729159437388343e-01,2.252164789107766296e+00,-1.999999969682173750e+00,6.374381585245671999e-01,1.999999642389556742e+00,-8.965923076666808267e-02,6.031939817325673303e+00
4.292695876219142548e+01,7.922386634036171493e-01,5.732828761430561748e-01,2.248157010552285673e+00,-1.999550898306237334e+00,5.047198152961337447e-01,1.999999638668415125e+00,-1.179362908300334162e-01,6.044380449560128099e+00
4.308464232237444236e+01,7.781203501165517844e-01,4.821944938209392073e-01,2.253469679405435411e+00,-1.990473014307356348e+00,3.382369562691552867e-01,1.999999643658302739e+00,-1.405053771900672266e-01,5.914308927291973994e+00
4.324232721686766467e+01,7.565541171070339077e-01,3.848091186571556133e-01,2.269734986247656128e+00,-1.966886002397232103e+00,1.407448794365160627e-01,1.999999657621094773e+00,-1.547502319214097144e-01,5.636344168117523701e+00
4.340004465082538587e+01,7.266005308620497871e-01,2.808151306425122895e-01,2.298928665479762934e+00,-1.921562400741779975e+00,-8.179881730388084693e-02,1.999999679584214984e+00,-1.578290467253889717e-01,5.223889949749391803e+00
4.355773031924393734e+01,6.868755535557951042e-01,1.696957229355872121e-01,2.343062747466569729e+00,-1.845786933289332188e+00,-3.159907112326844625e-01,1.999999707458850473e+00,-1.467853089283629175e-01,4.707209774286984505e+00
4.371541879338520431e+01,6.355309382032654497e-01,5.108209440866186973e-02,2.403192081187900619e+00,-1.730027542527420525e+00,-5.338091646803979629e-01,1.999999738213960265e+00,-1.191195695805339488e-01,4.130916538739967336e+00
4.387310885771271529e+01,5.703466655740638824e-01,-7.413452665533255825e-02,2.477352532342578240e+00,-1.567005659508951654e+00,-6.833744627390497817e-01,1.999999768091955454e+00,-7.441014172407882377e-02,3.551696217492316787e+00
4.403080930381167946e+01,4.891164877346069195e-01,-2.014025940098256584e-01,2.557949958829764725e+00,-1.359665410915296135e+00,-6.873785524803421865e-01,1.999999793219143784e+00,-1.736602738914221414e-02,3.030156573958953103e+00
4.418854864820590933e+01,3.904992423899547038e-01,-3.193225949119572471e-01,2.632330357587474801e+00,-1.132918112873873673e+00,-4.764605877695029523e-01,1.999999810514795140e+00,3.958821612524134753e-02,2.614907505120052544e+00
4.434627178253688129e+01,2.752206367824988620e-01,-4.097795723396147616e-01,2.691520476271189288e+00,-9.332347055216086984e-01,-6.653486552256067388e-02,1.999999817863404639e+00,7.970650159552318537e-02,2.332024511078900630e+00
4.450400056463234222e+01,1.472548903986432567e-01,-4.566338983301772014e-01,2.739849931052364518e+00,-8.047246153083235098e-01,3.891265066632964564e-01,1.999999813416311500e+00,9.211906332986258272e-02,2.187230351453871791e+00
4.466177317375165501e+01,1.386327095591496222e-02,-4.583525973929017949e-01,2.791107820997831279e+00,-7.530118959727103434e-01,7.055784126351460905e-01,1.999999795011110360e+00,8.087247274538392205e-02,2.174175274818329839e+00
4.481963137675244724e+01,-1.161739264208237060e-01,-4.283263046266886920e-01,2.856604996984239087e+00,-7.527636660063661278e-01,8.047830667831411544e-01,1.999999760715279740e+00,5.950578486230020947e-02,2.276126987900067178e+00
4.497745050443763404e+01,-2.358608082566585329e-01,-3.831532409766740255e-01,2.940116548462516466e+00,-7.666830500065698883e-01,7.546320152364514033e-01,1.999999709065946041e+00,3.975452817445145753e-02,2.472376696273478114e+00
4.513527520258060122e+01,-3.412554212642276430e-01,-3.327991644029799079e-01,3.038349941080820571e+00,-7.814134921236168818e-01,6.352763203765828814e-01,1.999999639997792178e+00,2.459360696563340012e-02,2.733765248615618759e+00
4.529311812007650673e+01,-4.317359994806649892e-01,-2.819303779982078595e-01,3.145436366721876986e+00,-7.889844209932219687e-01,5.062954787971191140e-01,1.999999554302294813e+00,1.637365720741421060e-02,3.029784404097829231e+00
4.545094584046407959e+01,-5.083565900921319658e-01,-2.320252253898897887e-01,3.255480063191334761e+00,-7.946821167681021869e-01,3.961694710324144553e-01,1.999999453419272655e+00,1.630904561933865099e-02,3.328950555159806424e+00
4.560877041567641044e+01,-5.730557260847093382e-01,-1.833487615618654420e-01,3.364040946671854382e+00,-7.969398762812618386e-01,3.292395458494692395e-01,1.999999337537739175e+00,2.717184191788050637e-02,3.610052838497245009e+00
4.576659394116039437e+01,-6.275001873339483005e-01,-1.350269643476434966e-01,3.467666104679008487e+00,-8.015401961863614089e-01,3.257828045910116099e-01,1.999999205072812369e+00,4.887651603790762328e-02,3.859720469751836358e+00
4.592441806658266756e+01,-6.730737507641840756e-01,-8.548287187308026280e-02,3.563507437105958076e+00,-8.135543510096387987e-01,3.993981169568896483e-01,1.999999052160095658e+00,7.971713214826377236e-02,4.069922671440968642e+00
4.608223975709955056e+01,-7.107757837467638673e-01,-3.288237913323857620e-02,3.648825995653442344e+00,-8.395435496395085018e-01,5.529742710573024578e-01,1.999998872464422206e+00,1.155766486585717290e-01,4.230904349367072825e+00
4.624006351811807036e+01,-7.413505242019119423e-01,2.426991069108095506e-02,3.720771471782341688e+00,-8.851013278864851008e-01,7.748984880899948413e-01,1.999998653707124818e+00,1.509350606317630406e-01,4.332758153045337401e+00
4.639789873615238491e+01,-7.653281321283953442e-01,8.678620346669550789e-02,3.776366165305695688e+00,-9.557405539896248747e-01,1.041791874508195770e+00,1.999998366562590446e+00,1.798482130413730229e-01,4.376651038671136362e+00
4.655572939129375953e+01,-7.830585021891670605e-01,1.549257991636673049e-01,3.812705679852077534e+00,-1.053673880883689407e+00,1.321563379804634231e+00,1.999997939436983119e+00,1.969199120989022500e-01,4.383195439854480568e+00
4.671355895641993783e+01,-7.946516005564588925e-01,2.286358764619296213e-01,3.827846097188801977e+00,-1.177293349212675144e+00,1.578400895357928935e+00,1.999997191107478756e+00,1.956269802227975918e-01,4.385761739643937673e+00
4.687139634013716716e+01,-7.999999952985777929e-01,3.074540602153018609e-01,3.822720980699358506e+00,-1.325038568166175379e+00,1.776835526057932935e+00,1.999995854854672794e+00,1.844696456374153581e-01,4.418734333741942244e+00
4.702923202947480519e+01,-7.989904836846165592e-01,3.908467400089888355e-01,3.799894458714565548e+00,-1.487917011316707727e+00,1.909133558850007129e+00,1.999993573222179410e+00,1.570102884100056106e-01,4.503100412032372546e+00
4.718707987257567993e+01,-7.914683230794623547e-01,4.780766385247827155e-01,3.765956610941472160e+00,-1.655950931345367083e+00,1.958626149924836746e+00,1.999989179014599383e+00,5.928516336410281223e-02,4.639213896451240160e+00
