0.000000000000000000e+00,-7.782255235717689956e-01,5.448723138751553341e-01,3.794242521331595341e+00,-1.759329481890848701e+00,1.958358686817286198e+00,1.999980092109562735e+00,-1.084001832723738845e-01,4.836163566066847608e+00
1.578398441577653633e-01,-7.580613507479289082e-01,6.273209660689853528e-01,3.792889701997247620e+00,-1.916027608635384905e+00,1.342069209785041517e+00,1.999954334105109144e+00,-1.923193032227538957e-01,4.992628383219209987e+00
3.156732289512507172e-01,-7.314405378191179974e-01,6.912507270769382428e-01,3.834011385728841148e+00,-1.999998822761693607e+00,5.999017141628977257e-01,9.025723401505850174e-02,4.110933161649940604e-02,5.063183042743213846e+00
4.735007700749602755e-01,-6.976349175150480253e-01,7.462905355222222425e-01,3.822935067422863931e+00,-1.999999135794901628e+00,6.235292309008237943e-01,-1.999937027935083433e+00,7.363771733696372612e-02,4.918490207638329892e+00
6.313359408601937339e-01,-6.559215472614177145e-01,8.031469570641532885e-01,3.733698188725517397e+00,-1.999998847498574372e+00,7.149749960409613747e-01,-1.999955503499996734e+00,1.018687789897305129e-01,4.620234636736141987e+00
7.891656251032345137e-01,-6.056843421539931382e-01,8.616172322188996313e-01,3.622586252984926425e+00,-1.999998921287783560e+00,8.560478923195530276e-01,-1.999920203319261125e+00,6.993905788755006014e-02,4.269066416232275785e+00
9.470004133077283281e-01,-5.460865319705220378e-01,9.194791990723488739e-01,3.492107827530543052e+00,-1.999999389179583531e+00,9.115709134514716760e-01,1.999954168939190424e+00,7.354071067669695760e-02,3.913632449060759022e+00
1.104840621716450366e+00,-4.750249114786237459e-01,9.735940100628873717e-01,3.504522117532637981e+00,-1.999999660307961502e+00,9.688163462945407201e-01,1.999988378230710628e+00,7.876069906127543263e-02,3.679527595017537678e+00
1.262681461522275228e+00,-3.911131207235012952e-01,1.022590545588689226e+00,3.501695064265242241e+00,-1.999999729164999351e+00,1.034789398103292735e+00,1.999994611598685079e+00,6.989664519877958337e-02,3.475940225011593832e+00
1.420518228414948236e+00,-2.954682557333606630e-01,1.064859174622348137e+00,3.483773666837788774e+00,-1.999999744870325946e+00,1.068259960925279861e+00,1.999996913967543977e+00,6.822593046016171836e-02,3.321171717322870975e+00
1.578359492907691175e+00,-1.905549884973792574e-01,1.098266820602490368e+00,3.449681832547545124e+00,-1.999999766064478823e+00,1.090788712584974229e+00,1.999997995918490368e+00,6.438665206800986418e-02,3.229790422512137216e+00
1.736119677055532495e+00,-8.038785562755873526e-02,1.121215674040026089e+00,3.401051108174288018e+00,-1.999999747883371537e+00,1.097026417215836158e+00,1.999998573543496638e+00,7.388188099343580284e-02,3.209964347398341467e+00
1.893929269320524078e+00,3.024007140090786624e-02,1.133749766369042788e+00,3.337445211457629402e+00,-1.999999798595755385e+00,1.128152443215599599e+00,1.999998906774447693e+00,6.505200120215842707e-02,3.257026647969752720e+00
2.051709477387540836e+00,1.368475650965935708e-01,1.136363052375640947e+00,3.266297045688935530e+00,-1.999999757416605517e+00,1.126490760894750309e+00,1.999999110597222796e+00,5.807391555336335887e-02,3.360999388572194935e+00
2.209509697694257646e+00,2.363403732906029786e-01,1.129347393970237867e+00,3.194052305978714923e+00,-1.999999752915776252e+00,1.104516462220291428e+00,1.999999242869727301e+00,5.380850587749607533e-02,3.508040414343793767e+00
2.367281937511195533e+00,3.269846904662663811e-01,1.114065990328535261e+00,3.124790626300894214e+00,-1.999999782649565461e+00,1.074811295248466747e+00,1.999999332790403095e+00,4.385207457503739747e-02,3.681262066072156003e+00
2.525053648535680040e+00,4.082235959501701594e-01,1.091891085074769618e+00,3.062323841376388245e+00,-1.999999703907411552e+00,1.025560800470017409e+00,1.999999397518302802e+00,4.136457933569107071e-02,3.867813601235766008e+00
2.682826593173742058e+00,4.802377254222547909e-01,1.064118984970678472e+00,3.006780267947357643e+00,-1.999999792000151766e+00,9.797015531297171842e-01,1.999999445974798062e+00,3.249280025734894994e-02,4.058123598876226090e+00
2.840598310788523317e+00,5.434766795796475147e-01,1.031733941992067249e+00,2.959170164064261144e+00,-1.999999653837955416e+00,9.218989745688113135e-01,1.999999483929391086e+00,3.264504495799177425e-02,4.246687296665458966e+00
2.998365782695653792e+00,5.985193051209320991e-01,9.955253739348304265e-01,2.917864068144450318e+00,-1.999999814075432480e+00,8.745369087941041730e-01,1.999999514585492300e+00,2.372083037126266822e-02,4.427518022711222301e+00
3.156136732688610280e+00,6.459099492011303179e-01,9.560784537600313104e-01,2.883428335463267711e+00,-1.999999772915853846e+00,8.161035279714986546e-01,1.999999539948294380e+00,1.359536863932273021e-02,4.596167013979869154e+00
3.313922521897811890e+00,6.861894475263031756e-01,9.134986509119926712e-01,2.856157128832670367e+00,-1.999998995867248830e+00,7.462728478071311011e-01,1.999999563043675543e+00,2.097495954028734400e-02,4.749088784107017958e+00
3.471693240198370223e+00,7.198229458600237107e-01,8.684825173286444544e-01,2.833092703911100241e+00,-1.999999504983726473e+00,7.017252322794832464e-01,1.999999585404794056e+00,3.487765094195757060e-02,4.879564830642733497e+00
3.629467839254204797e+00,7.471832949661576517e-01,8.223463627808635934e-01,2.811347953741478278e+00,-1.999999887516942021e+00,6.885489588806252836e-01,1.999999606054613022e+00,2.875841674935174577e-02,4.981351369183404820e+00
3.787241177560768168e+00,7.686110997519831622e-01,7.756871228923444272e-01,2.792298200995653623e+00,-1.999487666222445448e+00,6.647028175746136913e-01,1.999999626168979194e+00,4.050974871929075016e-02,5.055321688306885441e+00
3.945015394690555510e+00,7.844431615550336856e-01,7.288482692057367540e-01,2.773439490824547882e+00,-1.999999770964941970e+00,6.636501121114185553e-01,1.999999646298905365e+00,4.650379049607279019e-02,5.103044489676640261e+00
4.102807214907126188e+00,7.948477717005398846e-01,6.823719485604931023e-01,2.754246373938150860e+00,-1.999995571330619892e+00,6.712316377404424772e-01,1.999999666466080628e+00,6.219310917781803449e-02,5.124692170857362505e+00
4.260585671994953749e+00,7.999999744126993217e-01,6.367124284002465551e-01,2.732507766643165414e+00,-1.999999872323642069e+00,7.016076290335014898e-01,1.999999685196440780e+00,6.410325880895735573e-02,5.119097759665892866e+00
4.418364913718290765e+00,8.000000024420664824e-01,5.921546726889965750e-01,2.708990467069450236e+00,-1.999999953022042920e+00,7.298725245328688827e-01,1.999999696416359551e+00,3.159017672038669233e-02,5.084585179279931921e+00
4.576147343322695349e+00,7.949292153861374777e-01,5.478101581529529751e-01,2.689300950512038213e+00,-1.997852432178222948e+00,7.006456578205888519e-01,1.999999702706854787e+00,8.820987551028209792e-03,5.020645942091713110e+00
4.733928721278660490e+00,7.848706998560981418e-01,5.023903752808985823e-01,2.675244638804042285e+00,-1.987501682491077837e+00,6.328070723938009623e-01,1.999999710725895108e+00,-1.051885785302260345e-02,4.918444935969361609e+00
4.891682709510733140e+00,7.698820932015504326e-01,4.552143608397305474e-01,2.668951548366757631e+00,-1.964759053051974735e+00,5.334650347610255805e-01,1.999999720530421854e+00,-2.462341898343080662e-02,4.775440625446658593e+00
5.049455387880246171e+00,7.500112171004503780e-01,4.059948131861235154e-01,2.672174924182956879e+00,-1.926019749673741011e+00,4.128586419314826395e-01,1.999999731738842268e+00,-3.212678215955257210e-02,4.596911621663378078e+00
5.207254444022550999e+00,7.253385562629900418e-01,3.548057780449115350e-01,2.686021659252643801e+00,-1.868687157399262277e+00,2.845731426222726790e-01,1.999999743564485843e+00,-3.231890068046475856e-02,4.395723564465539468e+00
5.365044117906551335e+00,6.960348878499588166e-01,3.020780327278454469e-01,2.710566609206751743e+00,-1.791891688392159177e+00,1.653038640517739410e-01,1.999999755061699469e+00,-2.535504202363877968e-02,4.188441741049844680e+00
5.522840649826602721e+00,6.624055597096767389e-01,2.486735237231199047e-01,2.744504140275772386e+00,-1.697324222617801359e+00,7.336576051692073053e-02,1.999999765414817166e+00,-1.238973445823909544e-02,3.990447332313360906e+00
5.680641818473985971e+00,6.248924031638265486e-01,1.959901839725704809e-01,2.785129324043665644e+00,-1.589780205640928923e+00,2.532450383242427702e-02,1.999999774118003337e+00,4.476255481462896625e-03,3.812619676932022195e+00
5.838445955779847374e+00,5.840271622998202128e-01,1.459578098770698551e-01,2.828876684927178697e+00,-1.476870769293207708e+00,3.118340468774685043e-02,1.999999780998741983e+00,2.253262350152021934e-02,3.660441766346167025e+00
5.996258817961015453e+00,5.403628588376270248e-01,1.007972290855854436e-01,2.872300178283652361e+00,-1.365796138917342972e+00,9.071342636650001068e-02,1.999999786128633827e+00,3.916211957760824119e-02,3.534772463907637441e+00
6.154077893517587938e+00,4.945001525393890041e-01,6.258544891395891041e-02,2.912968862649497837e+00,-1.263603821087931234e+00,1.919526836159627659e-01,1.999999789646435211e+00,5.184093393624832069e-02,3.434281850890718246e+00
6.311904830467372385e+00,4.470658316304465529e-01,3.270461847196653310e-02,2.950025101958587026e+00,-1.179927304051122228e+00,3.112033406332340713e-01,1.999999791659352599e+00,5.840017150569105225e-02,3.356933930426262425e+00
6.469725159625647315e+00,3.984950094649570285e-01,1.129874619507346967e-02,2.984235528778948154e+00,-1.115498975213675026e+00,4.226314182466837099e-01,1.999999792233071227e+00,5.933349091003567444e-02,3.299785600452990852e+00
6.627547880113612955e+00,3.492388177531787763e-01,-2.628284255175423589e-03,3.017166182925597795e+00,-1.068957573511400971e+00,5.065287916073312191e-01,1.999999791358793466e+00,5.612502471948779131e-02,3.260148815245691889e+00
6.785377436475526380e+00,2.996913394537787378e-01,-1.084325695999109607e-02,3.050567251261000479e+00,-1.032529292455213632e+00,5.560518247406149861e-01,1.999999788989649474e+00,5.118461307424854861e-02,3.235508986249959307e+00
6.943207810967632732e+00,2.503605876709794065e-01,-1.521268749437626119e-02,3.085861853153596179e+00,-1.003535341037230744e+00,5.724383557314627335e-01,1.999999785080749604e+00,4.537700257318112024e-02,3.223722464906284557e+00
7.101042299022537918e+00,2.016017572891607157e-01,-1.746567296908777683e-02,3.124129278500724194e+00,-9.795322386486814414e-01,5.612217892598607705e-01,1.999999779608759853e+00,3.956328223451931886e-02,3.222797879972135959e+00
7.258876298019341533e+00,1.536124628278859872e-01,-1.898681047426549473e-02,3.166004842074040759e+00,-9.583509646104078072e-01,5.310298574998801868e-01,1.999999772565547174e+00,3.466965367445769275e-02,3.230944606399681174e+00
7.416713222380853843e+00,1.064647293915601811e-01,-2.066837718383686406e-02,3.211606565354970133e+00,-9.350499031301579000e-01,4.943109917437298884e-01,1.999999763937343467e+00,3.147137852694170679e-02,3.246649887801579482e+00
7.574545562948100219e+00,6.030238875273755822e-02,-2.277729173553487418e-02,3.260550579392512915e+00,-9.136846164879929288e-01,4.568186101815523426e-01,1.999999753712455419e+00,2.913177283617148991e-02,3.268601989124992446e+00
7.732380267658629514e+00,1.501933065570191378e-02,-2.539883195971291696e-02,3.312327295687187423e+00,-8.874918171369579056e-01,4.280149374018830666e-01,1.999999741832593880e+00,2.800723520870088828e-02,3.295794191524847871e+00
7.890221187521259338e+00,-2.921427431592650906e-02,-2.818816157290995883e-02,3.366225354467849762e+00,-8.686062734526101003e-01,4.006783310308468793e-01,1.999999728243963659e+00,2.584481381137292144e-02,3.327207581945025971e+00
8.048057892213485331e+00,-7.274316564757901671e-02,-3.130012256340151955e-02,3.421979909475718173e+00,-8.467295048953245029e-01,3.797576466511761173e-01,1.999999712809119368e+00,2.449792809574870625e-02,3.362179146628114790e+00
8.205895025926608355e+00,-1.154767765762632487e-01,-3.449521717826873474e-02,3.479085816172555301e+00,-8.308690608814127687e-01,3.584341218279539221e-01,1.999999695388743559e+00,2.235099693116255129e-02,3.399909360043247286e+00
8.363735305195326930e+00,-1.576991050715228215e-01,-3.795165078707475603e-02,3.537400466882014261e+00,-8.126054845707223473e-01,3.408893305959997955e-01,1.999999675747955452e+00,2.078228340677070254e-02,3.439989228365216256e+00
8.521576089830388057e+00,-1.993520623498196420e-01,-4.153799978389668968e-02,3.596599701716867159e+00,-7.970997225315650248e-01,3.225140183406081107e-01,1.999999653627434704e+00,1.834050103425590231e-02,3.481867587281457954e+00
8.679417451247477544e+00,-2.405925260300346424e-01,-4.543426162268145857e-02,3.656661374284313037e+00,-7.872875410475819180e-01,2.972056483159035700e-01,1.999999628701809362e+00,1.568280604562054953e-02,3.524997079840066938e+00
8.837259335114033831e+00,-2.817271939160727046e-01,-4.996400328136289815e-02,3.717623699150234717e+00,-7.782123584854697684e-01,2.710623840320546818e-01,1.999999600515294462e+00,1.505656849004736834e-02,3.569161249127640545e+00
8.995096956256858789e+00,-3.228899111034769787e-01,-5.497459476151252827e-02,3.779146152530745706e+00,-7.637588369836508795e-01,2.573056167031708696e-01,1.999999568413511453e+00,1.684959429570008840e-02,3.614767874333387088e+00
9.152936507953931766e+00,-3.639260158845409876e-01,-5.974310317793372904e-02,3.840625547449490362e+00,-7.560709297763422709e-01,2.506657896132025720e-01,1.999999531540837205e+00,1.887949205712223522e-02,3.662456409713709782e+00
9.310778981885945882e+00,-4.050516510038653095e-01,-6.384118813245380497e-02,3.901907611319700653e+00,-7.523877630953962337e-01,2.544436811822103350e-01,1.999999488466755349e+00,2.215041138011196106e-02,3.714972439379877311e+00
9.468622264040330805e+00,-4.462373759446680022e-01,-6.643440927122505613e-02,3.962848923778423682e+00,-7.539057362985813748e-01,2.710287230533534042e-01,1.999999437036003025e+00,2.596441407403822857e-02,3.777074830825622787e+00
9.626463299027795628e+00,-4.872861523209029988e-01,-6.641869792732316147e-02,4.023547048444013896e+00,-7.630193921208696661e-01,2.982708811008768501e-01,1.999999374148439424e+00,2.884933038104636055e-02,3.855451064215560386e+00
9.784304555741982767e+00,-5.278268106636657686e-01,-6.266512702819192204e-02,4.084479468626659227e+00,-7.721297913367763943e-01,3.369223858586445908e-01,1.999999295561557755e+00,2.857697494705519273e-02,3.958220884811673113e+00
9.942150251549977114e+00,-5.669520734214429369e-01,-5.409093097287950846e-02,4.146476146558391918e+00,-7.850854167341735357e-01,3.659320775448670071e-01,1.999999196228146259e+00,1.940275002855571668e-02,4.091564979596686413e+00
1.009999350767617088e+01,-6.037701304280073122e-01,-4.083607506194397718e-02,4.211278931164821770e+00,-8.165022509982212684e-01,3.380200455604618348e-01,1.999999070654072453e+00,-2.684434215419275599e-03,4.257072997868958097e+00
1.025783606785904745e+01,-6.380520944619461066e-01,-2.502222846875760270e-02,4.281479391644538168e+00,-8.292892522432256941e-01,2.535442600622634934e-01,1.999998912979439547e+00,-3.537949251330756162e-02,4.452166574608917848e+00
1.041566426524147460e+01,-6.687424970236379718e-01,-8.734238634028274398e-03,4.358818923223306108e+00,-8.477581274252282695e-01,5.427615658636668339e-02,1.999998717973308748e+00,-8.299949552171505263e-02,4.665184107798260094e+00
1.057350347943974711e+01,-6.961561393632512695e-01,3.746123386453270934e-03,4.445404964514534818e+00,-8.234441196834429988e-01,-2.416287973013423740e-01,1.999998479593034784e+00,-1.376210946590917528e-01,4.881840185641653562e+00
1.073133706317985769e+01,-7.197921797033410840e-01,9.189538488914050438e-03,4.540495714342691613e+00,-7.900530409544577193e-01,-6.895960222250322458e-01,1.999998188339479510e+00,-1.968658686135801583e-01,5.086515289555251229e+00
1.088916931738454252e+01,-7.407452975551143126e-01,3.010067606380009957e-03,4.643069051164341765e+00,-6.998412201126710253e-01,-1.212000991830703978e+00,1.999997825545519081e+00,-2.428735992267762600e-01,5.269918774442386322e+00
1.104700447191966362e+01,-7.592736765688578027e-01,-1.615537302833270489e-02,4.747551522551111347e+00,-5.386783426638487304e-01,-1.712985834707304145e+00,1.999997353893675500e+00,-2.676022542198902010e-01,5.429431074084231312e+00
1.120483906410020936e+01,-7.754394817082534974e-01,-4.679513772498813257e-02,4.845307567606254473e+00,-2.691951006527834589e-01,-2.123316356802317451e+00,1.999996699719921889e+00,-2.670736808334076007e-01,5.571403937244930660e+00
1.136267225895295852e+01,-7.881018335043434853e-01,-8.550431738044964036e-02,4.924856979378700039e+00,8.736728534080769049e-02,-2.431143970157656042e+00,1.999995717253342242e+00,-2.474709750953444087e-01,5.703510357559070876e+00
1.152050649146960382e+01,-7.963068471315067898e-01,-1.289404234894530599e-01,4.977179972022609533e+00,4.803350653224096600e-01,-2.611588364525805339e+00,1.999994095094709934e+00,-2.129024115021109775e-01,5.828278834602733660e+00
1.167833735174868970e+01,-7.999999769558704399e-01,-1.734747365465618418e-01,4.999998646112232770e+00,9.081971198624491093e-01,-2.683010737736206242e+00,1.999992169839759359e+00,-1.096974814149439537e-01,5.952490452175907443e+00
1.183617038070603300e+01,-7.985448664891948711e-01,-2.142392619559388423e-01,4.999999758551243012e+00,1.302368991660434183e+00,-2.536377375775688225e+00,1.999993691513443306e+00,3.974086862434805106e-02,6.068390616290209927e+00
1.199400248571754801e+01,-7.924168433268031775e-01,-2.446228333856925730e-01,4.992852092552605647e+00,1.629678278244721445e+00,-2.093595429126939411e+00,1.999990204325929666e+00,5.275922143004403708e-02,6.168669812929973517e+00
1.215182945968079054e+01,-7.823500776696448167e-01,-2.630573857937130722e-01,4.987760624008306998e+00,1.826964884354709495e+00,-1.753195912807188783e+00,1.999979887190390659e+00,4.554834271860580541e-02,6.221646303802679689e+00
1.230965758393391951e+01,-7.700403486614237902e-01,-2.733627355466429765e-01,4.988836237918334859e+00,1.947179176493066821e+00,-1.469594836230212920e+00,1.790091771845021995e+00,1.120837379028507413e-01,6.230037600471328929e+00
1.246748573893937007e+01,-7.561464124714416535e-01,-2.752877441158529948e-01,4.999999525080541574e+00,1.999983178266983463e+00,-1.056286395479715479e+00,1.160875934390046105e+00,-1.083482071361209845e-02,6.189219188401039240e+00
1.262531513582266918e+01,-7.414438932712953401e-01,-2.729945341925976710e-01,4.999999524675033058e+00,1.999998686666985659e+00,-9.755795348097798803e-01,1.031256584932407572e+00,1.023556547880316971e-03,6.081023465791544957e+00
1.278314656896915480e+01,-7.263376062786841558e-01,-2.714744379856194878e-01,4.999999532039555383e+00,1.999998619203209316e+00,-8.564527389794904799e-01,1.050463107657048756e+00,-2.673709745045649636e-02,5.945325984159994803e+00
1.294097618752468470e+01,-7.110131905004679620e-01,-2.721567711951839441e-01,4.999999539748265498e+00,1.999998626549608804e+00,-7.983348123838619470e-01,1.800552999050516190e-01,1.972148932421287637e-01,5.797188595769448227e+00
1.309881001642328791e+01,-6.952285127415999133e-01,-2.681155545239684579e-01,4.999999545946233859e+00,1.999999112781017940e+00,-1.249299014392094009e-01,-1.174467998735677199e+00,5.235914163038806191e-01,5.649033036877210812e+00
1.325665828207898045e+01,-6.777497656158327777e-01,-2.376061206603953813e-01,4.999999498859145852e+00,1.911300490523675677e+00,1.479866920802153540e+00,-1.999840834641919862e+00,-3.060045827524869866e-01,5.478022474165792133e+00
1.341450212660527619e+01,-6.593122986785238115e-01,-1.977242750359101686e-01,4.973844072019322660e+00,1.636698281997128746e+00,8.219490639889933670e-01,-1.999986022285810572e+00,5.235946237716366802e-01,5.266135947940200346e+00
1.357234801495493137e+01,-6.401490916879238879e-01,-1.464729283057004394e-01,4.969465901974481348e+00,1.433448830881805636e+00,2.351637380621363516e+00,-1.999993046474084712e+00,5.235968218895739046e-01,5.125091800831898858e+00
1.373019021600012124e+01,-6.184458859404639020e-01,-5.294688090403381481e-02,4.997566902619730911e+00,1.046576938569120152e+00,3.590195606326427757e+00,-1.999995505807448559e+00,5.235978047207606734e-01,5.005216204691823378e+00
1.388803479915067740e+01,-5.931512237912047736e-01,7.620879153407145168e-02,4.999999942228924965e+00,5.418026578407048044e-01,4.488189350277533407e+00,3.341235446366471185e-01,5.235860409784985903e-01,4.884377252061361752e+00
1.404588209699039858e+01,-5.622909133754725453e-01,2.315679331868452651e-01,4.999999988783587312e+00,-5.322970567618230675e-02,5.071729347816066102e+00,1.999997845425139475e+00,-1.052385351500956939e-02,4.812955564980201828e+00
1.420372758606998786e+01,-5.261087103933097531e-01,3.761458145597549874e-01,4.999999951773363094e+00,-7.015784486885081606e-01,3.905086630637685463e+00,1.999998616259105466e+00,-7.914854175585125939e-02,4.842207501304059747e+00
1.436157186520450324e+01,-4.866180441901202802e-01,4.823842761099760290e-01,4.956544422194952837e+00,-1.179268559405296735e+00,2.849421916137812705e+00,1.999998431279235378e+00,-9.703440414994274343e-02,4.874185883316832779e+00
1.451941480371977100e+01,-4.445530192490217414e-01,5.568521537773369889e-01,4.914448502546637343e+00,-1.519110292214973956e+00,2.004474910077980621e+00,1.999998197578457759e+00,-8.954975806922581272e-02,4.912150009355941371e+00
1.467725981667522639e+01,-4.007052550632366206e-01,6.068972530924109376e-01,4.890608283859140926e+00,-1.742616509122996371e+00,1.407335490100975361e+00,1.999997905822546551e+00,-6.479267306380478986e-02,4.946434647350527847e+00
1.483510419219275711e+01,-3.553222794928994066e-01,6.402087529830985391e-01,4.884817622783438118e+00,-1.854630061211723691e+00,1.011309726126359498e+00,1.999997541672198009e+00,-3.350430702114095410e-02,4.955024160997631100e+00
1.499294903194657458e+01,-3.076223193040676374e-01,6.623402250277409253e-01,4.891947231864947732e+00,-1.918409363014386804e+00,7.802427425024942576e-01,1.999997054769541815e+00,-9.849292197432624879e-03,4.958372825676355511e+00
1.515079552526056084e+01,-2.579655054728106078e-01,6.769182139807775611e-01,4.905241683256219787e+00,-1.941792789311376222e+00,6.994582135127171973e-01,1.999996371525939676e+00,2.510840492483220731e-03,4.952593496083644631e+00
1.530863941851100662e+01,-2.064530595683568004e-01,6.870572111718591390e-01,4.918133473475867490e+00,-1.943951872386926016e+00,6.707747582834880928e-01,1.999995337154820696e+00,-2.386167673435861131e-03,4.944170322780738758e+00
1.546648138364089142e+01,-1.533682973669997507e-01,6.928331738347153212e-01,4.930144365976705245e+00,-1.959159834078784579e+00,6.081978335726668794e-01,1.999993572942596609e+00,-2.717548367346331664e-02,4.959211019037385704e+00
1.562431973508963345e+01,-1.000961536996130274e-01,6.918329153118946140e-01,4.945657383676963725e+00,-1.981897868850763356e+00,4.669194272461797413e-01,1.999989978440450455e+00,-4.908039356098224670e-02,5.004843399004853310e+00
1.578214310980001045e+01,-4.816353213159543789e-02,6.818152780663331303e-01,4.968414652932902520e+00,-1.999978164696955441e+00,2.703750964994700023e-01,1.999979049115175656e+00,2.489262144385681261e-02,5.079691064448268456e+00
1.593997106120957774e+01,1.219040556079814368e-03,6.659097847514691138e-01,4.987189082180963240e+00,-1.999998523989590105e+00,3.030847209670247677e-01,1.944992471521021837e+00,2.203852137383932944e-02,5.158338216276098009e+00
1.609780420846664839e+01,4.739808687758335914e-02,6.480913890417582257e-01,4.999999355573713444e+00,-1.999997434533603347e+00,3.274029777325318524e-01,1.418029788345367859e+00,-2.039186841668962427e-02,5.239157479025644548e+00
1.625563363660890204e+01,8.996150464210131426e-02,6.274005710145434955e-01,4.999999325210819023e+00,-1.999999169798818199e+00,2.367436696604026114e-01,1.368610499631633282e+00,-1.122523533677044450e-03,5.311935444940325546e+00
1.641346420708794795e+01,1.286862362102224600e-01,6.041167895864520965e-01,4.999999298987484408e+00,-1.999999095245665215e+00,2.022667388605843553e-01,1.485286967987658580e+00,3.649069892589127534e-02,5.380726213325051077e+00
1.657129241472300407e+01,1.634294143793571519e-01,5.814009391043173380e-01,4.999999260873659424e+00,-1.999999120326665381e+00,2.671688794913303355e-01,1.352996530469964043e+00,-7.961535239483584492e-03,5.437272399197109252e+00
1.672912063245719949e+01,1.943316026418806242e-01,5.598145744553764125e-01,4.999999233420960643e+00,-1.999999134628132058e+00,2.198791940704401260e-01,1.226141602833962896e+00,-4.592590489631893751e-03,5.479072079454482491e+00
1.688695025496055635e+01,2.218430677869636936e-01,5.388073484030035942e-01,4.999999209935889866e+00,-1.999999152300446337e+00,1.834076870342184196e-01,1.128472179874937309e+00,4.046221232765433683e-03,5.506996772275756236e+00
1.704478292046537291e+01,2.462080698500521136e-01,5.193960593434794326e-01,4.999999183665375213e+00,-1.999999171799125453e+00,1.723238729570290284e-01,1.015625196486234172e+00,1.362293250245818956e-03,5.522174813506801172e+00
1.720262938423008592e+01,2.677383942458522736e-01,5.020992002313729996e-01,4.999999157672926131e+00,-1.999999192209645837e+00,1.575992689817539427e-01,9.004817814664324294e-01,-8.129544010071802166e-04,5.528001310601227125e+00
1.736046998658444451e+01,2.867907105341772622e-01,4.867844654780946190e-01,4.999999127632732687e+00,-1.999999209617663087e+00,1.404170687715998456e-01,5.544090736248421525e-01,3.667388095612814786e-02,5.528845434499602085e+00
1.751831324383365285e+01,3.036870313962287127e-01,4.744882273116539095e-01,4.987655065480524286e+00,-1.999998957129875965e+00,2.173601995357050121e-01,-1.999967766896733279e+00,-2.251504671796450419e-01,5.516329760633627899e+00
1.767615416437362796e+01,3.177909918864411654e-01,4.550372393997508258e-01,4.929536793884379264e+00,-1.999999245993973052e+00,-4.558353487054331299e-01,-1.999984999735472391e+00,5.235956590851338355e-01,5.465503824760519436e+00
1.783399548897952513e+01,3.290667485709988793e-01,4.366929288327775494e-01,4.803774996852211210e+00,-1.923890061573824806e+00,1.989476895733025275e-01,-1.999989616875428311e+00,5.235965899608768792e-01,5.317373939881255396e+00
1.799183935235225462e+01,3.384057536321050108e-01,4.382786709944264114e-01,4.639788710922424286e+00,-1.934064721840761170e+00,8.066574837117831409e-01,-1.999991424718642774e+00,-2.242435926561378023e-01,5.166791472763400783e+00
1.814968180758339855e+01,3.452670611739220297e-01,4.375187162808680807e-01,4.549952495867064961e+00,-1.999999570929421822e+00,2.339918710938159591e-02,-1.999992902128996830e+00,5.235972430744431083e-01,5.110958465568558040e+00
1.830752232617233233e+01,3.498328310378214789e-01,4.348163592563139557e-01,4.389736390813573585e+00,-1.970745107702139176e+00,6.201123607714634778e-01,-1.999993752674775749e+00,-2.355723260090536730e-01,4.948192478346472356e+00
1.846536496035796659e+01,3.522278768215394429e-01,4.287228462331267309e-01,4.310465762241226351e+00,-1.999999680973683747e+00,-1.882592092559685348e-01,-1.999994620915394705e+00,5.235976658938499284e-01,4.885693712281051759e+00
1.862320750393788771e+01,3.525269965419298712e-01,4.201638961223306268e-01,4.156025170831996185e+00,-1.933740204966649445e+00,4.272752577826432474e-01,-1.999994959828904628e+00,5.235977493024046581e-01,4.711139083824332552e+00
1.878105137692154614e+01,3.515503267943586030e-01,4.321873211047232988e-01,3.958438246601379884e+00,-1.941975394446846304e+00,9.844016063981950726e-01,-1.999994690161062350e+00,-1.538663588643230662e-01,4.529741175450131330e+00
1.893889511915230273e+01,3.490249773409562217e-01,4.434422898148136505e-01,3.842222886988940100e+00,-1.999999768544276080e+00,3.676315159942094568e-01,-1.999994410191602290e+00,5.235976573281485580e-01,4.448043786077938933e+00
1.909673845965695094e+01,3.450323906662440820e-01,4.540220583296207257e-01,3.636146781558379892e+00,-1.976617046373087438e+00,8.853333336405142528e-01,-1.999993316752992634e+00,-4.460797637090529316e-02,4.249913313849877028e+00
1.925457844417674380e+01,3.401587897707875618e-01,4.699951848684755240e-01,3.499145649147913151e+00,-1.999999698558786676e+00,6.340716170778004646e-01,-1.999990428184791114e+00,5.235970626108525927e-01,4.141711467588252482e+00
1.941241843242822540e+01,3.344919667436936916e-01,4.906383887818774325e-01,3.258233029160376049e+00,-1.987220008579649200e+00,1.080462957938678636e+00,-1.999949115023307744e+00,5.573742780439952527e-02,3.927671579638755794e+00
1.957026488964968536e+01,3.282814038239917354e-01,5.205842789207415500e-01,3.071090266425313242e+00,-1.999999676273111593e+00,1.063434431385013479e+00,1.999989790996708594e+00,5.796232685599680273e-02,3.782937449419434106e+00
1.972810929973897132e+01,3.241445619566113434e-01,5.491919058425202005e-01,3.049241710904787350e+00,-1.999999809881479740e+00,1.052538844672259888e+00,1.999995540079753775e+00,3.437621884809696771e-02,3.783919151443868589e+00
1.988594961520657378e+01,3.237233137030809949e-01,5.739816714347759641e-01,3.032363460187462501e+00,-1.999999757406132783e+00,9.864185261886544431e-01,1.999997161694170966e+00,7.896572618020492040e-02,3.790962411887031980e+00
2.004378797962834469e+01,3.265359966467912822e-01,5.959351456683300574e-01,3.007815683128739259e+00,-1.999999841139983969e+00,1.036852641024228694e+00,1.999997933608540279e+00,6.743776556168136482e-02,3.792159406609415750e+00
2.020161358680221042e+01,3.319001901006471411e-01,6.167137663235959799e-01,2.980272195281385095e+00,-1.999999745479981605e+00,1.050140486575075416e+00,1.999998388030791219e+00,7.807456760216262281e-02,3.789896303428548219e+00
2.035944544404977563e+01,3.395797608723358230e-01,6.362030413645858307e-01,2.947412118718686802e+00,-1.999999836263383068e+00,1.083242859924230750e+00,1.999998687665323294e+00,5.843805124298305509e-02,3.780659584126743855e+00
2.051727480689138616e+01,3.492616646404566039e-01,6.542375653704241012e-01,2.915465733469357890e+00,-1.999999631381149889e+00,1.065548537664166684e+00,1.999998901912822369e+00,6.868842846119871393e-02,3.768919857587369027e+00
2.067510665892076460e+01,3.608008684124422438e-01,6.709013598714572701e-01,2.881516495139913037e+00,-1.999999778446492904e+00,1.074108052332948260e+00,1.999999065609457061e+00,7.288091532271408213e-02,3.752272707373256466e+00
2.083293757923996736e+01,3.739821663965309795e-01,6.875317639391222979e-01,2.845417328204216556e+00,-1.999999549120434983e+00,1.088749435449851477e+00,1.999999195970754373e+00,9.467217080469725321e-02,3.731068038055819436e+00
2.099076626665013734e+01,3.887900942500212009e-01,7.056805863989071836e-01,2.802635357119481974e+00,-1.999999887546489274e+00,1.144231044656353058e+00,1.999999297038753454e+00,7.267159256381082455e-02,3.702357539962863875e+00
2.114859806048661284e+01,4.052937732954043915e-01,7.253273553150880737e-01,2.760965192473357810e+00,-1.999999464308742425e+00,1.141664497060505656e+00,1.999999377368875342e+00,6.612574135085527716e-02,3.673766069611335894e+00
2.130643164556465408e+01,4.237309436052374978e-01,7.449911400867987865e-01,2.721278253146966364e+00,-1.999999068120968060e+00,1.126054373708122558e+00,1.999999447797529584e+00,7.735170391210596796e-02,3.647500407150385815e+00
2.146426099727144532e+01,4.441267656025167931e-01,7.650114971994733670e-01,2.680144612559759221e+00,-1.996124952486342696e+00,1.134401943731861762e+00,1.999999511032559241e+00,1.061097770658367689e-01,3.618492758228830652e+00
2.162209263772422929e+01,4.666038993208312946e-01,7.871408182533394804e-01,2.631273367178977640e+00,-1.989456569760438720e+00,1.194754966709524302e+00,1.999999568183745025e+00,1.391049580533550434e-01,3.582721331231846662e+00
2.177992429830322507e+01,4.913269412681406934e-01,8.136005864276341093e-01,2.569285865895341914e+00,-1.986089412090192630e+00,1.301133710241119790e+00,1.999999618860641926e+00,1.671724532637779981e-01,3.541802407215155046e+00
2.193775497726101875e+01,5.183763150232759687e-01,8.459129837470188429e-01,2.491064192701083702e+00,-1.988287858208010794e+00,1.429816121831541498e+00,1.999999662839244907e+00,1.868949447427906418e-01,3.498956932005323317e+00
2.209558625880726623e+01,5.477796417879514657e-01,8.842856409455152056e-01,2.395860035184307346e+00,-1.994740646907340764e+00,1.558635472472188477e+00,1.999999699959384980e+00,1.982146527164645455e-01,3.460316348179134582e+00
2.225341623487963005e+01,5.794243523016529007e-01,9.275054588026477864e-01,2.284696977702078691e+00,-1.999999924757949632e+00,1.671146457162249188e+00,1.999999726968850533e+00,1.927859067303754614e-01,3.433664315951583390e+00
2.241124771946251926e+01,6.129898932528522471e-01,9.727072760267491125e-01,2.162709215476831037e+00,-1.999999941283544524e+00,1.750579965494815982e+00,1.999999741897488414e+00,1.739160756907990324e-01,3.433711476284508457e+00
2.256907806326205801e+01,6.477191819022980468e-01,1.015448909632807206e+00,2.036698433666437325e+00,-1.994451967440240336e+00,1.790702411019506668e+00,1.999999749443993169e+00,1.521229723738498907e-01,3.481263248420134016e+00
2.272690868338902703e+01,6.821840788780704212e-01,1.050477927290629943e+00,1.912258682944578458e+00,-1.980809204924626643e+00,1.793008658858740167e+00,1.999999753200889963e+00,1.242437212008302150e-01,3.592391363361347789e+00
2.288472357994913509e+01,7.145685542997429751e-01,1.072493248269426269e+00,1.796278673269815496e+00,-1.958680609434918951e+00,1.755898049219145829e+00,1.999999752707315670e+00,9.064167398024902678e-02,3.779376472312424351e+00
2.304244539610289877e+01,7.430861153244447959e-01,1.077124076887624904e+00,1.695153583063104152e+00,-1.935623185081859265e+00,1.683282255098378810e+00,1.999999747918004722e+00,5.121674243128673809e-02,4.050206734776322648e+00
2.320007915100308082e+01,7.662642417067415668e-01,1.062033243423909257e+00,1.612937305103729679e+00,-1.914234660831566792e+00,1.572496987766891952e+00,1.999999741005491272e+00,7.614812894536924885e-03,4.381220869822792352e+00
2.335776240379344415e+01,7.834301345860571475e-01,1.027348400525319061e+00,1.551309701538336139e+00,-1.897318407774050586e+00,1.424064143161475782e+00,1.999999735767017839e+00,-3.770433716596957585e-02,4.717284957043181848e+00
2.351543549955964707e+01,7.945719874408749828e-01,9.753831265754291380e-01,1.509885124579669613e+00,-1.884321786953089495e+00,1.238049019033388598e+00,1.999999736699140440e+00,-8.135643201503198196e-02,4.978426900067995930e+00
2.367310658013312974e+01,8.000000047935456049e-01,9.095317543978469477e-01,1.487632559188343473e+00,-1.871112436002881019e+00,1.013974909895202892e+00,1.999999740519468938e+00,-1.182120297690825717e-01,5.094810307582158693e+00
2.383078259157212742e+01,7.999998728663805236e-01,8.330157680385743557e-01,1.483976019799456703e+00,-1.850532209578043430e+00,7.538404925686422731e-01,1.999999747126196770e+00,-1.449071752140194680e-01,5.041099931699041470e+00
2.398846182048627540e+01,7.946802607285120557e-01,7.480045119732237069e-01,1.499471504941358946e+00,-1.814034350134013263e+00,4.623757317535359124e-01,1.999999760655139625e+00,-1.594088612397861204e-01,4.839484836796891010e+00
2.414615288732226261e+01,7.840145034974390637e-01,6.553533211804436487e-01,1.535475021096092352e+00,-1.753272076631076759e+00,1.497337152043241859e-01,1.999999778582119747e+00,-1.587731171170606026e-01,4.535421146600199016e+00
2.430388086077191190e+01,7.679671116219048965e-01,5.550532111279842251e-01,1.592691506919457156e+00,-1.660738175913342385e+00,-1.604081748349135694e-01,1.999999798376150384e+00,-1.406636461718629993e-01,4.174499936665100996e+00
2.446158990947670731e+01,7.466254967030788725e-01,4.473498101868446652e-01,1.669140595274034800e+00,-1.531335936880010795e+00,-4.244145838875394428e-01,1.999999818087269787e+00,-1.041922726343448569e-01,3.795335647216452557e+00
2.461931191699610011e+01,7.202958380289831153e-01,3.344915522330629831e-01,1.758045601149645476e+00,-1.365977756827039258e+00,-5.767861107161463829e-01,1.999999836346449289e+00,-5.130348680189120852e-02,3.430403294343045140e+00
2.477704546314851441e+01,6.895329253100109801e-01,2.227798205112256624e-01,1.847522244181678541e+00,-1.176658600174566027e+00,-5.467168739763970109e-01,1.999999852383436361e+00,1.143428144849139606e-02,3.105543074722979746e+00
2.493479114948413056e+01,6.550995062154898463e-01,1.233076920745287131e-01,1.924811412069964867e+00,-9.882634417363336254e-01,-3.059349902426672929e-01,1.999999865939246169e+00,7.224993067174431682e-02,2.837274287616506019e+00
2.509255352199869904e+01,6.179443785873270922e-01,4.893352613927925282e-02,1.983841701933453994e+00,-8.291640772081200206e-01,8.362489791378414916e-02,1.999999876959284384e+00,1.178325617387739471e-01,2.632424404021608044e+00
2.525032557084151819e+01,5.793638699795766733e-01,8.030229264562448177e-03,2.028396100357567899e+00,-7.179204037968412999e-01,4.915280407341662827e-01,1.999999885320381754e+00,1.398007503791580119e-01,2.491430509889869249e+00
2.540817478931076678e+01,5.410673504364624797e-01,-1.033304430416438600e-05,2.067504250693848356e+00,-6.543123891176050311e-01,7.977141308950275178e-01,1.999999890872251385e+00,1.393168267781356162e-01,2.409824976913469197e+00
2.556602607299809549e+01,5.050105030373988058e-01,1.630718666982634499e-02,2.109328887505310668e+00,-6.235363417694046451e-01,9.514585573828726606e-01,1.999999893617371516e+00,1.248885553288287681e-01,2.378829238446413807e+00
2.572386043152399893e+01,4.730167430493533165e-01,4.568818561885727020e-02,2.158681047765824701e+00,-6.091013353087728621e-01,9.715459867418396733e-01,1.999999893806304607e+00,1.056211632822834229e-01,2.387070553858147370e+00
2.588169951821300785e+01,4.463114756502802871e-01,7.869937731849344087e-02,2.217127924792181126e+00,-6.009820978909246048e-01,9.083197006158773013e-01,1.999999891857405787e+00,8.713354285377382380e-02,2.423294272791193027e+00
2.603954017059215431e+01,4.252842531685393501e-01,1.095203824645729213e-01,2.283877288477221157e+00,-5.922932586641287411e-01,8.094714525121120552e-01,1.999999888229680112e+00,7.222742673585139106e-02,2.477838136917334122e+00
2.619737851638404180e+01,4.097820505477967057e-01,1.355955743857297502e-01,2.356963050381434499e+00,-5.813139490767835760e-01,7.083727603078191493e-01,1.999999883320299210e+00,6.091426545598184472e-02,2.543478284921061316e+00
2.635521658650501919e+01,3.992919854611637898e-01,1.564595829724854947e-01,2.434208049809752250e+00,-5.686131251746018300e-01,6.200478957086402731e-01,1.999999877427473205e+00,5.223171511151107616e-02,2.615315075219137420e+00
2.651305429342887621e+01,3.931463682252790970e-01,1.725975016529533446e-01,2.513821169922191956e+00,-5.557772981412266722e-01,5.472109029555392024e-01,1.999999870741325125e+00,4.525853746242133185e-02,2.690518444295561196e+00
2.667089543531610119e+01,3.906353047218116270e-01,1.847357949862862003e-01,2.594524501903328062e+00,-5.428902891014374399e-01,4.877245535236948148e-01,1.999999863368603803e+00,3.968671479244115924e-02,2.767594327950012367e+00
2.682873911648224663e+01,3.911361570572596813e-01,1.935604101454646842e-01,2.675420588606983063e+00,-5.304326499505604975e-01,4.393388152920646439e-01,1.999999855330308662e+00,3.513427068958241417e-02,2.846386830606489227e+00
2.698657884944075391e+01,3.940853272340643088e-01,1.995552175108576964e-01,2.755789738422651070e+00,-5.187579473610041125e-01,3.995893594535587234e-01,1.999999846577696694e+00,3.131034767026994597e-02,2.927728902315066328e+00
2.714441982942778608e+01,3.989493701615058896e-01,2.028925750769215164e-01,2.834918094034433178e+00,-5.081401989777628581e-01,3.662344200389352489e-01,1.999999837004920344e+00,2.798681594019648139e-02,3.013170213722000668e+00
2.730226373804595497e+01,4.051775949447060654e-01,2.033853526166436443e-01,2.911980405365573787e+00,-4.987851869414886008e-01,3.373707870584768398e-01,1.999999826478227494e+00,2.501759634548254146e-02,3.104451520979584433e+00
2.746010359966692960e+01,4.121554010662831224e-01,2.005268009721281053e-01,2.986021305935103509e+00,-4.907902781346675791e-01,3.116147841084925818e-01,1.999999814890563110e+00,2.237483230731524692e-02,3.202632448890128547e+00
2.761794303881044854e+01,4.191810205261468081e-01,1.936459238917771220e-01,3.056061838857973445e+00,-4.827160614092554369e-01,2.893374386335436643e-01,1.999999802250678416e+00,2.005842391275514808e-02,3.306730975005452766e+00
2.777578333402070143e+01,4.255413048094863759e-01,1.821866760041530031e-01,3.121325475411969474e+00,-4.760949688475385466e-01,2.683567336067804732e-01,1.999999788703626047e+00,1.753047563406232023e-02,3.413801480293828572e+00
2.793362027273680681e+01,4.304322834251222973e-01,1.657927830858001439e-01,3.181533256290321798e+00,-4.695944221141052921e-01,2.477324857869879771e-01,1.999999774625516924e+00,1.495018988353454155e-02,3.517557443077725665e+00
2.809142046652110380e+01,4.331395803528036992e-01,1.446210243254839323e-01,3.237013076209922957e+00,-4.646801021990298874e-01,2.249238164614884017e-01,1.999999760496167900e+00,1.223523439243052839e-02,3.610674987953015780e+00
2.824923585368508583e+01,4.329838351924854001e-01,1.192890125932525164e-01,3.288691030429044204e+00,-4.589136841655538923e-01,2.019004686343183474e-01,1.999999746798905909e+00,1.009875673685086545e-02,3.685994127208256366e+00
2.840706856414562509e+01,4.295067449539395898e-01,9.096368720506536887e-02,3.337808864771786954e+00,-4.530332755106442066e-01,1.795165809152190761e-01,1.999999733758085485e+00,8.550601397983510418e-03,3.740311534296742568e+00
2.856489107469202793e+01,4.223648577756098921e-01,6.098078916272875460e-02,3.385692069900759549e+00,-4.457442144367915748e-01,1.606849697602095173e-01,1.999999721286038534e+00,7.868275635146743455e-03,3.774577522762802673e+00
2.872271485097639854e+01,4.114027646703606877e-01,3.067374683760714163e-02,3.433461899310596532e+00,-4.371551946892919260e-01,1.471606500348860702e-01,1.999999708999525616e+00,7.708442144151031634e-03,3.793444041214645512e+00
2.888053977336812750e+01,3.965918252353965445e-01,1.099027502040325795e-03,3.481922835438258534e+00,-4.280939764814524207e-01,1.382737395467450447e-01,1.999999696378889524e+00,7.482941859132703245e-03,3.802862763789120581e+00
2.903836672366645288e+01,3.779803979774771783e-01,-2.711906536533141912e-02,3.531560388872012179e+00,-4.190861222463896918e-01,1.318183708352426986e-01,1.999999682923257582e+00,6.653750022730831049e-03,3.807928433906563992e+00
2.919619899487317127e+01,3.556667731373590047e-01,-5.377902804353124760e-02,3.582611854482943503e+00,-4.138889724081888377e-01,1.207816772564669627e-01,1.999999668252812279e+00,5.009410631716307467e-03,3.811738905261255805e+00
2.935403202994575622e+01,3.296298820843089894e-01,-7.912876942474088293e-02,3.635202041556437447e+00,-4.096443337948668106e-01,1.075395304303839866e-01,1.999999652062702360e+00,4.004869129479339887e-03,3.815744203483290242e+00
2.951186846244221584e+01,2.999352546917448126e-01,-1.032922058441077817e-01,3.689238609685190795e+00,-4.022565534301652534e-01,9.952876434565367803e-02,1.999999634034381524e+00,4.193723692878962434e-03,3.820912791901484695e+00
2.966970253199122354e+01,2.668012395419568361e-01,-1.261144272812354528e-01,3.744470618753927837e+00,-3.947570383616510470e-01,9.579016484488081518e-02,1.999999613877041948e+00,4.457339882523227506e-03,3.827445454365963062e+00
2.982753759913666158e+01,2.303556799989258941e-01,-1.475754027789237810e-01,3.800718729552848174e+00,-3.877504816738326920e-01,9.445679356954540806e-02,1.999999591243823316e+00,4.298566150555249883e-03,3.835400166017704837e+00
2.998537262562769357e+01,1.907130138249917006e-01,-1.677570565926978230e-01,3.857862016519504778e+00,-3.856320303590780041e-01,8.808770705024261682e-02,1.999999565802356161e+00,3.522872170948586693e-03,3.844015748311282454e+00
3.014320706128485838e+01,1.478082306229279164e-01,-1.870049576243370260e-01,3.915888901043222070e+00,-3.838506354105569729e-01,8.151421974145106608e-02,1.999999536990568538e+00,3.512712190568477964e-03,3.853562393250230311e+00
3.030104821502489898e+01,1.017150382547886839e-01,-2.053587128202031820e-01,3.974664397566680218e+00,-3.834315326833647730e-01,7.684139623376622097e-02,1.999999504180911991e+00,4.233008295869518899e-03,3.863699006832770788e+00
3.045888816004092448e+01,5.246754431233494054e-02,-2.227618295431368356e-01,4.034056587910775704e+00,-3.850258937277601934e-01,7.639206793404634821e-02,1.999999466527805136e+00,5.703284686670122110e-03,3.874234891872514908e+00
3.061672655840354906e+01,9.504968753953293330e-05,-2.390163188045871800e-01,4.093962913402900305e+00,-3.827254300897338091e-01,8.909828310454906419e-02,1.999999422602135590e+00,7.154013839740056870e-03,3.887010492103203152e+00
3.077456716890862509e+01,-5.508139969744429293e-02,-2.535590820440435378e-01,4.154333983583374135e+00,-3.826216111037649692e-01,1.035084261528487898e-01,1.999999370694143019e+00,4.870628410382735717e-03,3.902746182821788867e+00
3.093240901672077925e+01,-1.128559716444461208e-01,-2.663284963360978419e-01,4.215693291950280752e+00,-3.926663568134250437e-01,9.360359804916158766e-02,1.999999308374298401e+00,-2.962247954274637059e-03,3.922808977327562285e+00
3.109024762592622437e+01,-1.732530161739959662e-01,-2.779975629194760267e-01,4.279275817327357068e+00,-3.946373222019811666e-01,6.228951440801410583e-02,1.999999230816626339e+00,-1.520338973422575776e-02,3.956905434156175350e+00
3.124808739612432973e+01,-2.355470252653936725e-01,-2.886824255063472067e-01,4.346417009983722046e+00,-3.937240175565115963e-01,-1.520226368606132986e-02,1.999999132227938015e+00,-3.435799960122339763e-02,4.011807993966601593e+00
3.140593040923509704e+01,-2.991080402352419565e-01,-2.992553635860099592e-01,4.418796389483476084e+00,-3.779258532064094234e-01,-1.479305085033377487e-01,1.999999003794721286e+00,-5.845509824576942265e-02,4.098611013053048424e+00
3.156377087412647242e+01,-3.628668358734462029e-01,-3.105244497388111036e-01,4.497365043916306426e+00,-3.426245570451137978e-01,-3.444057059251502406e-01,1.999998834284987703e+00,-8.443302288058399108e-02,4.224497419209803262e+00
3.172161405417166691e+01,-4.257073869794708587e-01,-3.232967800127047320e-01,4.581740681078625421e+00,-2.617262231267140082e-01,-5.715184180954812065e-01,1.999998606949163760e+00,-1.068616154732039275e-01,4.398793028839845576e+00
3.187945000792729289e+01,-4.858312788893190404e-01,-3.370737612139225736e-01,4.668955253555447271e+00,-1.285546829741268104e-01,-8.139544009818668879e-01,1.999998300026025300e+00,-1.257822361422102908e-01,4.620606211447731759e+00
3.203727919109874023e+01,-5.415185689446094797e-01,-3.513575585250610644e-01,4.754277578709950269e+00,4.925232714156046326e-02,-1.082638754764782663e+00,1.999997883051842340e+00,-1.423630013407899131e-01,4.878181486992060556e+00
3.219511426296599410e+01,-5.916965946021208733e-01,-3.665840000272007071e-01,4.832376769017107776e+00,2.639258122998797140e-01,-1.368634533624065064e+00,1.999997305849816387e+00,-1.553221725390103725e-01,5.156098910162930871e+00
3.235294305054934938e+01,-6.359293282586689910e-01,-3.831832821193337790e-01,4.898093224183658556e+00,5.186390002003149480e-01,-1.592980722159207163e+00,1.999996473128492713e+00,-1.618031668355848773e-01,5.447342057768465473e+00
3.251077062110528715e+01,-6.738714134977619175e-01,-3.993997737883364652e-01,4.947890011013096334e+00,7.871822150222187453e-01,-1.780945582643920666e+00,1.999995199573306071e+00,-1.630512412170023739e-01,5.742328169310768615e+00
3.266859622459273282e+01,-7.056837677139718989e-01,-4.143125299820787921e-01,4.980626099835681941e+00,1.066237136752893999e+00,-1.923214238435373424e+00,1.999993058816579961e+00,-1.570077973692358408e-01,6.041887914717421815e+00
3.282642444395244041e+01,-7.314274179648286855e-01,-4.266848418466535620e-01,4.996903883555757098e+00,1.297658075898566521e+00,-2.054573936181018468e+00,1.999988892153181208e+00,-1.440372634513569228e-01,6.311960444797065861e+00
3.298424709565355784e+01,-7.524026549010850440e-01,-4.366350318779626538e-01,4.999999104528346727e+00,1.512288754415033631e+00,-2.111448108824280467e+00,1.999985641217570942e+00,-6.399433631224009378e-02,6.549454950016756705e+00
3.314206048630258294e+01,-7.690114884416997532e-01,-4.417407789674014373e-01,4.999995711183742308e+00,1.694477643977335024e+00,-1.998267237802021867e+00,1.999971568808445177e+00,-3.239961771805333762e-02,6.724781286536180680e+00
3.329982419201258637e+01,-7.818922725276762353e-01,-4.414290299336310897e-01,4.999600483812728591e+00,1.845070254505324359e+00,-1.825004993624815830e+00,1.221754524736268666e+00,2.121621487364430680e-01,6.807935527500350581e+00
3.345760730243782177e+01,-7.910707788754317571e-01,-4.307395749224028902e-01,4.999999351983095863e+00,1.963130726833270057e+00,-1.095876583438675889e+00,2.902273184228709169e-01,1.116312587021082575e-01,6.786172482498389336e+00
3.361539132028904930e+01,-7.967441843805926904e-01,-4.099843539846146911e-01,4.999999344523933686e+00,1.999998484162045065e+00,-7.078999704870323484e-01,2.135872704708665637e-01,-1.612782138215669223e-02,6.644607981187337309e+00
3.377324524756173929e+01,-7.995404972780434383e-01,-3.886741892671400911e-01,4.999999351361315902e+00,1.999998543193990397e+00,-6.437102920791902827e-01,2.920346130294970144e-01,-2.414763016638353521e-02,6.441454803780532146e+00
3.393108025480361079e+01,-7.999999826572569139e-01,-3.718515550785136403e-01,4.999999434976655444e+00,1.999998170097323502e+00,-5.938543958754418650e-01,5.169699916302070708e-01,-5.437227642839614905e-02,6.231492536545487404e+00
3.408891473863642574e+01,-7.986487566838211816e-01,-3.607630851586641207e-01,4.999999509974860423e+00,1.999998507303068163e+00,-5.866058071676326646e-01,8.119605378920463634e-01,-8.213143367175645970e-02,6.039429222261412100e+00
3.424675311238344477e+01,-7.961691958765363397e-01,-3.561411224726629965e-01,4.999999529741276483e+00,1.999998931989211748e+00,-6.250608771694077248e-01,9.384436466621453032e-01,-6.187342640366967628e-02,5.876151111632084145e+00
3.440459406562189315e+01,-7.933275021305474795e-01,-3.572785215318636798e-01,4.999999549845173696e+00,1.999998918625262911e+00,-6.543438646817116844e-01,-7.024374887740684192e-01,3.933780498860404706e-01,5.742320422634940691e+00
3.456244068825660065e+01,-7.897240050200289296e-01,-3.457226372169592277e-01,4.988319968109412805e+00,1.999999377584585680e+00,6.305568442703081145e-01,-1.999983278859649216e+00,5.235973039701264931e-01,5.619329032892562026e+00
3.472028354675438777e+01,-7.838944933677611804e-01,-2.980420131397845673e-01,4.999999818723302347e+00,1.837640664106039878e+00,2.087698109163253601e+00,-1.733629449265790212e+00,-5.235773214035899237e-01,5.476583345064959474e+00
3.487812822665672741e+01,-7.768159525756259676e-01,-2.440720596528790087e-01,4.973256096139305527e+00,1.540936290521448093e+00,1.136356509235213252e+00,-1.999985578660171459e+00,5.235976685191748858e-01,5.282285766274101846e+00
3.503597252300145470e+01,-7.676410879189469183e-01,-1.842293724403695765e-01,4.974291623648788629e+00,1.380478258456895979e+00,2.442153829377843532e+00,-1.999993011920687014e+00,5.235980144986375207e-01,5.171968443876328259e+00
3.519381709499616306e+01,-7.535591228896297844e-01,-8.811253161647956966e-02,4.999999854772362085e+00,1.024209263754646937e+00,3.496610389961341436e+00,-1.999982607143050206e+00,5.235976230853464086e-01,5.059249729171911625e+00
3.535166130172920163e+01,-7.346764545009918379e-01,3.831907194740361011e-02,4.999999800480539491e+00,4.669611419208229419e-01,4.328009494203425511e+00,6.154212254356791201e-01,5.235949631441051411e-01,4.939857934608885337e+00
3.550950690676879162e+01,-7.124156522970878092e-01,1.882588812836782921e-01,4.999999976831908555e+00,-2.535868636900542317e-01,5.005411036256882440e+00,1.999997362709787785e+00,-5.839140349759204714e-03,4.903674168506180209e+00
3.566735194450732394e+01,-6.896941220513321813e-01,3.303969287202214167e-01,4.975561449999329255e+00,-1.014698639674352032e+00,4.074454979513521202e+00,1.999996839321024567e+00,-1.630680930203328161e-01,4.970069491071569701e+00
3.582519464284396093e+01,-6.678991282892634551e-01,4.361588505520114789e-01,4.899426408259469845e+00,-1.545244076275741119e+00,2.861945601754410262e+00,1.999996159558290465e+00,-2.447759893179020096e-01,5.023552521543553695e+00
3.598303981118935724e+01,-6.455546761641570708e-01,5.026602329812144276e-01,4.843651433767879766e+00,-1.850635713987716091e+00,1.641095315139776467e+00,1.999995234950960210e+00,-2.295252775509782350e-01,5.065594812099526223e+00
3.614088518068047762e+01,-6.217171121545214119e-01,5.351244418014680093e-01,4.840623302451144028e+00,-1.996819802779731035e+00,7.331998127242923546e-01,1.999993833516314767e+00,-7.163698322177991518e-02,5.113437405436648042e+00
3.629873065422975031e+01,-5.963526005476784686e-01,5.497136606666992442e-01,4.868157047963982187e+00,-1.999999345797320194e+00,5.054661436348231174e-01,1.999991431760754113e+00,-5.405474981752749625e-02,5.130253677699696979e+00
3.645657469768858050e+01,-5.683569049234884485e-01,5.585393470191124532e-01,4.906193559673724280e+00,-1.999996328426276726e+00,3.318422418806579177e-01,1.999986207759016921e+00,-3.545933624365710246e-02,5.158362926450880792e+00
3.661441941855960636e+01,-5.384752551208684679e-01,5.631990804719758659e-01,4.951182405900423689e+00,-1.999998264949917726e+00,2.174445278476417054e-01,1.999967401678285350e+00,-2.023070330861136135e-02,5.195341044157553156e+00
3.677226448978874629e+01,-5.073357681224904825e-01,5.652254845708423181e-01,4.999996581779698523e+00,-1.999998451693937085e+00,1.536171297529773383e-01,3.431687517708049695e-01,-8.567756323304722560e-03,5.237068714072393938e+00
3.693010890316880079e+01,-4.756152643974274619e-01,5.658767473831327610e-01,4.999999239430273690e+00,-1.999998782791650109e+00,1.273379522622285209e-01,2.962059916587397312e-01,-9.246529845576294607e-03,5.237805422057284055e+00
3.708795221871891812e+01,-4.438175332501885784e-01,5.656160057934853658e-01,4.999999201204283317e+00,-1.999999221075704714e+00,1.023468764776010453e-01,5.044142571626638594e-01,3.956954101077814201e-02,5.237030708576559945e+00
3.724579615911209629e+01,-4.119632248836468391e-01,5.662582481768178022e-01,4.999998590666710818e+00,-1.999999106323945730e+00,2.063002581694637905e-01,-1.999929886250700450e+00,-2.302332313157426646e-01,5.232319532251283434e+00
3.740364118990326858e+01,-3.810947803039101411e-01,5.567085462146822428e-01,4.951486377488624413e+00,-1.999999299054590951e+00,-5.076373170489406617e-01,-1.999981486595193036e+00,5.235949929463586949e-01,5.193494741511884172e+00
3.756148533004500933e+01,-3.516184178672664973e-01,5.463126487123891595e-01,4.829445016646353395e+00,-1.918300520838025713e+00,2.013017294530937140e-01,-1.999988497300111634e+00,5.235963745857725726e-01,5.048325558434098248e+00
3.771933008549329713e+01,-3.228227888019662983e-01,5.563780621472622645e-01,4.662074390138971403e+00,-1.930446402182556032e+00,8.559584915302101971e-01,-1.999990809866367236e+00,-2.219571342852757201e-01,4.895882216937526898e+00
3.787717488991119552e+01,-2.955320923426432156e-01,5.620413761676117392e-01,4.570003391733559184e+00,-1.999999617441463595e+00,3.936334046777147100e-02,-1.999992571080143167e+00,5.235971957503990915e-01,4.842422198824574586e+00
3.803501794845048067e+01,-2.698581826047984911e-01,5.637768489065517752e-01,4.401240462462810754e+00,-1.970412958679709670e+00,6.767386865333845369e-01,-1.999993426721859979e+00,-1.335383618762929769e-01,4.679867669009747821e+00
3.819285850063162258e+01,-2.457085702811701300e-01,5.662319367817818527e-01,4.302517752657019301e+00,-1.999999573045733392e+00,1.818725547167352741e-01,-1.999994054493172913e+00,5.235975497867888517e-01,4.609927845545990444e+00
3.835069919423160201e+01,-2.230761042054466570e-01,5.699499288111810058e-01,4.113139465279629370e+00,-1.972304438941475002e+00,7.883459463917764642e-01,-1.999994083986164517e+00,-9.248206515875130596e-02,4.438067204524621445e+00
3.850854007321307648e+01,-2.019865043826072903e-01,5.767037470646864117e-01,3.994002657235131704e+00,-1.999999677361527395e+00,4.014558155512416016e-01,-1.999993886758683503e+00,5.235975642302533872e-01,4.355166176815042256e+00
3.866638242883720977e+01,-1.823060315252375829e-01,5.868816377388907934e-01,3.777129552007160829e+00,-1.974876254844448065e+00,9.558873601287172228e-01,-1.999992536784542363e+00,-3.922782175331111093e-02,4.164613321134337021e+00
3.882422067511659947e+01,-1.636432832663773373e-01,6.030934793940657679e-01,3.628205639484094025e+00,-1.999999714039336185e+00,7.018355328593059994e-01,-1.999988534776524940e+00,5.235967402008689930e-01,4.056728476159849883e+00
3.898206298985405738e+01,-1.458232435527339887e-01,6.251627116932204631e-01,3.373218612774893099e+00,-1.980740350840644926e+00,1.174633077750938615e+00,-1.522396709046824059e-01,2.660105118476508573e-02,3.838512110424750379e+00
3.913990446834989001e+01,-1.274059805078845420e-01,6.560967483153820057e-01,3.259265139806848843e+00,-1.999999756537530704e+00,1.066971176393841647e+00,1.999991108937059003e+00,5.963804144366617599e-02,3.754589619934770361e+00
3.929774418720808882e+01,-1.058980668495524552e-01,6.853061050926601006e-01,3.235366907154166860e+00,-1.999999791149834838e+00,1.062671080688911251e+00,1.999995740124383525e+00,6.158415240526378398e-02,3.730807143522972602e+00
3.945558651328734356e+01,-8.012397345715603636e-02,7.146722338785387318e-01,3.211236263196398433e+00,-1.999999795652417811e+00,1.063971661902266774e+00,1.999997266742636226e+00,6.630968527879568808e-02,3.705976177116255599e+00
3.961342727882070136e+01,-5.006035957705341072e-02,7.445589130801580913e-01,3.185684668598056657e+00,-1.999999807037877941e+00,1.076905611667743123e+00,1.999998022764713834e+00,5.867012309854105490e-02,3.679050684101595969e+00
3.977126888224721313e+01,-1.566875118976126732e-02,7.747293901025347207e-01,3.160890442193658334e+00,-1.999999740440012941e+00,1.069006180238421422e+00,1.999998477835669419e+00,7.644083819025100646e-02,3.651871641086133824e+00
3.992910852816475398e+01,2.313847918334934264e-02,8.057083724823729254e-01,3.131887723789783973e+00,-1.999999819675194246e+00,1.105837356594145060e+00,1.999998781677923887e+00,7.211537785849199411e-02,3.620750754101684787e+00
4.008694747790385549e+01,6.636670669686221824e-02,8.380064716417999771e-01,3.100617962878998934e+00,-1.999999705696711816e+00,1.125402722116306320e+00,1.999998999879138539e+00,8.450880869504785731e-02,3.587254283529376586e+00
4.024478829820817793e+01,1.141658891458823405e-01,8.716259604864594612e-01,3.063769588552921697e+00,-1.999999835389466352e+00,1.170231099993851442e+00,1.999999162104382222e+00,7.136565444064035812e-02,3.550728391516682070e+00
4.040262780474477466e+01,1.665101873172729618e-01,9.057343926481910001e-01,3.025563539425749404e+00,-1.999998884187172532e+00,1.174872784690424554e+00,1.999999289377515144e+00,9.587078607294842458e-02,3.518061245213016441e+00
4.056046869375885677e+01,2.232751058246216225e-01,9.398932433529946229e-01,2.978442892348995397e+00,-1.999999823100329088e+00,1.235172638779370224e+00,1.999999390200039917e+00,1.000684752351991974e-01,3.490376527016681329e+00
4.071830953737347869e+01,2.838502288344148528e-01,9.740848393092288449e-01,2.922301092749973073e+00,-1.999999805469780956e+00,1.291445896264359794e+00,1.999999466547477622e+00,8.888136006667329836e-02,3.474886318474238234e+00
4.087614577598557020e+01,3.473928645042069219e-01,1.005729966535063413e+00,2.860868783938464333e+00,-1.999997640456629755e+00,1.310440142260209440e+00,1.999999526632307401e+00,9.524387639654328941e-02,3.485277298265220480e+00
4.103398418101491529e+01,4.124887967863596905e-01,1.032335765235002034e+00,2.792068411099620562e+00,-1.999999752102718409e+00,1.338304257445678935e+00,1.999999572301661921e+00,9.235183854734342612e-02,3.531217481305848782e+00
4.119180438870476735e+01,4.771141792374934965e-01,1.052004823021086555e+00,2.717943840284212431e+00,-1.999995838246102053e+00,1.352150148679450270e+00,1.999999605522100099e+00,9.893286129270312257e-02,3.621218623148686255e+00
4.134957200271385602e+01,5.391204159210633007e-01,1.063212387289031780e+00,2.638194610109200866e+00,-1.999999886169816277e+00,1.373544718419545063e+00,1.999999626701476352e+00,7.817003092428749522e-02,3.757641353685266417e+00
4.150735191220245213e+01,5.965069283845658710e-01,1.064301391855492662e+00,2.560582648261243488e+00,-1.999999601844749453e+00,1.347850707505001022e+00,1.999999637821006537e+00,5.524876351664077118e-02,3.943158868048449062e+00
4.166512217822480579e+01,6.478107486409045990e-01,1.053398600976317434e+00,2.490204473809639829e+00,-1.999999757952562573e+00,1.282388427313817303e+00,1.999999642334636007e+00,2.299648952976874466e-02,4.176165214507315149e+00
4.182288239341202996e+01,6.920423088832718950e-01,1.029428254113094354e+00,2.432125979641880598e+00,-1.999524643578284966e+00,1.167859600119864671e+00,1.999999642566942848e+00,9.951673486275453787e-04,4.451480567175391201e+00
4.198063410362271242e+01,7.287276300860633382e-01,9.923437228568425805e-01,2.386800764074684444e+00,-1.999999542285172849e+00,1.034814924058758079e+00,1.999999640138762969e+00,-1.980315920615237021e-02,4.761064006892697265e+00
4.213837586130882329e+01,7.576916682547052417e-01,9.430246426479047539e-01,2.353918486960101308e+00,-1.999998639621735075e+00,8.881637173361479620e-01,1.999999636436973649e+00,-3.019939701321873102e-02,5.089709166864428092e+00
4.229612467833687361e+01,7.790637411559772074e-01,8.827592786893868615e-01,2.331208581857889595e+00,-1.999544800829097468e+00,7.488241490054683425e-01,1.999999633486069905e+00,-2.874892137336287207e-02,5.418209488276021446e+00
4.245384495039485273e+01,7.930855941370772433e-01,8.132619063287895855e-01,2.315425520091817457e+00,-1.999734184079291488e+00,6.346868211683350802e-01,1.999999633157044876e+00,-1.821268887283453847e-02,5.720405874514656652e+00
4.261155897139315840e+01,7.999999910591953922e-01,7.364027503595346191e-01,2.303368742186511664e+00,-1.999999581959427841e+00,5.531304273708067543e-01,1.999999635238358442e+00,-7.354640707552995323e-03,5.960074703290563214e+00
4.276926014939061105e+01,8.000000030510193705e-01,6.538839699977629927e-01,2.293152350204424650e+00,-1.999999980751890227e+00,4.968390824672516692e-01,1.999999632410822903e+00,-6.338038868580575524e-02,6.099601192884246181e+00
4.292695876219142548e+01,7.931134440548355258e-01,5.658459515364011594e-01,2.292034261432717379e+00,-1.999740194531297810e+00,3.619784923245366604e-01,1.999999628331006640e+00,-9.049763391878679064e-02,6.119732803558902035e+00
4.308464232237444236e+01,7.791332382257063482e-01,4.716522504495467283e-01,2.300045691202660780e+00,-1.989967404492476444e+00,1.933742301967872612e-01,1.999999633564915280e+00,-1.119503538494720646e-01,5.990218779502581192e+00
4.324232721686766467e+01,7.575175697746476811e-01,3.711704721638060533e-01,2.318799860081212749e+00,-1.964125677204828335e+00,-3.976037188142773904e-03,1.999999648362610793e+00,-1.250455025808337450e-01,5.705392517159883603e+00
4.340004465082538587e+01,7.273176565135166527e-01,2.641075962970877433e-01,2.350085746825457900e+00,-1.914533447330282190e+00,-2.207355615821999795e-01,1.999999671625738440e+00,-1.269621524262567747e-01,5.279990671626230814e+00
4.355773031924393734e+01,6.871239022339284963e-01,1.500705069603257280e-01,2.395451325770477702e+00,-1.832399184855980856e+00,-4.390189271343043487e-01,1.999999701057593615e+00,-1.149183758213207923e-01,4.746930739844891889e+00
4.371541879338520431e+01,6.350485430888503924e-01,2.901205979967441673e-02,2.455096768469653412e+00,-1.708833227177797287e+00,-6.257802709231570226e-01,1.999999733396690571e+00,-8.682129687535966589e-02,4.154136553588767100e+00
4.387310885771271529e+01,5.688274695005927084e-01,-9.752410614803143363e-02,2.525853081974593906e+00,-1.538475416670009865e+00,-7.257606186460338060e-01,1.999999764708998873e+00,-4.296605976790801584e-02,3.561301557198886858e+00
4.403080930381167946e+01,4.862305324736349021e-01,-2.239399743428179268e-01,2.599150980068304584e+00,-1.327860032822048675e+00,-6.654159938999196777e-01,1.999999791057046394e+00,1.097466981828998725e-02,3.030723692357461196e+00
4.418854864820590933e+01,3.859628044447391271e-01,-3.377708297794890235e-01,2.662896301295647472e+00,-1.106027209475714201e+00,-3.935714065351866853e-01,1.999999809382644322e+00,6.191871837568634768e-02,2.611042794683779533e+00
4.434627178253688129e+01,2.689289160242682164e-01,-4.209677122739702848e-01,2.710798717695138471e+00,-9.198821865218583804e-01,4.178029393206007802e-02,1.999999817557016613e+00,9.395708641237003611e-02,2.327555355890004840e+00
4.450400056463234222e+01,1.394403845001431774e-01,-4.597123707447371976e-01,2.750090073683072234e+00,-8.068810066943098436e-01,4.760267131834205467e-01,1.999999813669741666e+00,9.906509086458441249e-02,2.185017881945874318e+00
4.466177317375165501e+01,5.128328182976069766e-03,-4.554841332670558907e-01,2.795416308053515930e+00,-7.639198989282252050e-01,7.459797916846353516e-01,1.999999795567314997e+00,8.390067618828236928e-02,2.175980734598818245e+00
4.481963137675244724e+01,-1.250228854265990341e-01,-4.227906609792775883e-01,2.857655310428785622e+00,-7.641974929445715103e-01,8.113578648719061981e-01,1.999999761521816799e+00,6.153341385428238303e-02,2.281946730198824991e+00
4.497745050443763404e+01,-2.441672000993838632e-01,-3.769940496689293541e-01,2.939533713245319646e+00,-7.736667790713759318e-01,7.422932040467078441e-01,1.999999710238889117e+00,4.155324815296431579e-02,2.481620680589831540e+00
4.513527520258060122e+01,-3.485899136983470759e-01,-3.270290225478011958e-01,3.037155963482942589e+00,-7.827305269665788545e-01,6.192431308144796809e-01,1.999999641827586272e+00,2.528311919637327848e-02,2.745180907475719412e+00
4.529311812007650673e+01,-4.379239774098107607e-01,-2.768579968415091908e-01,3.144198374456521616e+00,-7.842549211168875489e-01,4.889211909142583967e-01,1.999999557143597118e+00,1.446535067732333812e-02,3.042361566412818519e+00
4.545094584046407959e+01,-5.133390045244123900e-01,-2.279532245500181520e-01,3.254792531475867001e+00,-7.849697350482057745e-01,3.724198228695156376e-01,1.999999457744010556e+00,1.016575174082115680e-02,3.341301197708814730e+00
4.560877041567641044e+01,-5.769064660785272469e-01,-1.808391409310531328e-01,3.364731545108391675e+00,-7.809396290637132809e-01,2.913799905021962067e-01,1.999999343809060415e+00,1.616439984517356945e-02,3.621549389946808084e+00
4.576659394116039437e+01,-6.303160270148823185e-01,-1.348533871759558800e-01,3.470787763257300540e+00,-7.778364892143233567e-01,2.664093983198813631e-01,1.999999213845446544e+00,3.320776531098043605e-02,3.870030806460476036e+00
4.592441806658266756e+01,-6.749886937714385526e-01,-8.853661387198276389e-02,3.570347170513942014e+00,-7.801555303401604968e-01,3.152685450539535195e-01,1.999999064154287742e+00,6.086470428216353423e-02,4.079304976563594032e+00
4.608223975709955056e+01,-7.119482111423187654e-01,-3.996651715466945781e-02,3.660815645376948702e+00,-7.946306360796884238e-01,4.474338176918654653e-01,1.999998888803129260e+00,9.604805866576332507e-02,4.240140535900938090e+00
4.624006351811807036e+01,-7.419571129869196868e-01,1.264392937951549709e-02,3.739346171691316556e+00,-8.272505247986061683e-01,6.600818293966091987e-01,1.999998676364907135e+00,1.335610068028913744e-01,4.342992547884912291e+00
4.639789873615238491e+01,-7.655431402765316973e-01,7.059547446976935370e-02,3.802748610651990102e+00,-8.852469900120882862e-01,9.341173324301407233e-01,1.999998399219188983e+00,1.667000524678543816e-01,4.389029006888646833e+00
4.655572939129375953e+01,-7.830541316205794633e-01,1.346613567692681590e-01,3.847739341884205189e+00,-9.724470973200670665e-01,1.238442289682088138e+00,1.999997989260621445e+00,1.888195707239493093e-01,4.398619953644320901e+00
4.671355895641993783e+01,-7.945858693024820951e-01,2.052738533905340834e-01,3.871755290905461777e+00,-1.088785966362171731e+00,1.533744143914531399e+00,1.999997273547643450e+00,1.919907379050049823e-01,4.404758573296869706e+00
4.687139634013716716e+01,-7.999999963924395718e-01,2.823199302379052478e-01,3.874863175436336515e+00,-1.235623553029067567e+00,1.769051442296885046e+00,1.999995990630855536e+00,1.877318403186730711e-01,4.441925033998864514e+00
4.702923202947480519e+01,-7.991885250894427140e-01,3.653035221310396707e-01,3.858253750271094074e+00,-1.403332812748299574e+00,1.941419595897392991e+00,1.999993763043714567e+00,1.726725298750159399e-01,4.530585887303628212e+00
4.718707987257567993e+01,-7.919767140057311083e-01,4.537915696698651691e-01,3.826229643099054556e+00,-1.581439544583611134e+00,2.044530764221050401e+00,1.999989346137417190e+00,9.568558848892143309e-02,4.669738214941872911e+00
