0.000000000000000000e+00,-7.798573954859716606e-01,5.420315935543571495e-01,3.777672683941098342e+00,-1.747498088202734889e+00,1.998175764995270498e+00,1.999992786791286337e+00,-6.273485383961446837e-02,4.815705386060234794e+00
1.578398441577653633e-01,-7.598269491019077337e-01,6.283187303314099470e-01,3.768120501016846369e+00,-1.904939894459959815e+00,1.482759786688135906e+00,1.999983488690989963e+00,-2.129146745548831376e-01,4.962418412752245267e+00
3.156732289512507172e-01,-7.331434181319433918e-01,6.953892354861062053e-01,3.803938077434662279e+00,-1.999999532727261498e+00,6.147127855402477747e-01,1.453585193362405326e+00,5.218241846185793509e-02,5.033330588285751084e+00
4.735007700749602755e-01,-6.988556587059766567e-01,7.513056917354874464e-01,3.833678531781656851e+00,-1.999999732816764686e+00,6.278967525652170423e-01,-1.999977433688581607e+00,8.307080573064726248e-02,4.922584960637592211e+00
6.313359408601937339e-01,-6.562367709880727595e-01,8.086199850541031520e-01,3.742581488848919946e+00,-1.999999597285712749e+00,7.135718390866345739e-01,-1.999984443572322412e+00,1.054668122787123796e-01,4.619380425298264647e+00
7.891656251032345137e-01,-6.049817400077998064e-01,8.671972500984046484e-01,3.630839795222289723e+00,-1.999999620422865609e+00,8.409647511626967553e-01,-1.999974968587254320e+00,8.381562246831146534e-02,4.265490404857095186e+00
9.470004133077283281e-01,-5.442471850250338861e-01,9.252033898993328176e-01,3.498225717959221548e+00,-1.999999786523833700e+00,9.091152089406414616e-01,1.999980508726121098e+00,7.190916428701055185e-02,3.907268233051421902e+00
1.104840621716450366e+00,-4.719736913469779749e-01,9.792198759679403564e-01,3.511267838389908302e+00,-1.999999890003701930e+00,9.503897382715729147e-01,1.999995516966639908e+00,7.804985319370862096e-02,3.672803028972365880e+00
1.262681461522275228e+00,-3.867513085267251793e-01,1.027527784632489283e+00,3.510124046736537551e+00,-1.999999912719456541e+00,9.959919137785337995e-01,1.999997961413690906e+00,7.669277564596735375e-02,3.471342242779138942e+00
1.420518228414948236e+00,-2.898201453410862993e-01,1.068680351607782075e+00,3.493525754408694173e+00,-1.999999920850793478e+00,1.024795119867464743e+00,1.999998844749209193e+00,7.570029881035263142e-02,3.320163262796459680e+00
1.578359492907691175e+00,-1.838307261093740375e-01,1.100734535513291812e+00,3.460945435295528672e+00,-1.999999927710742087e+00,1.048419021491755698e+00,1.999999255788724284e+00,7.185575085342543744e-02,3.233682292608903719e+00
1.736119677055532495e+00,-7.292214759413052916e-02,1.122276878519799403e+00,3.413742236553629184e+00,-1.999999925291757963e+00,1.062062551689752166e+00,1.999999473713440334e+00,7.509102243451501457e-02,3.219393558997079907e+00
1.893929269320524078e+00,3.804706715217687218e-02,1.133153329168931966e+00,3.352914672465117096e+00,-1.999999933008627773e+00,1.086896122768968853e+00,1.999999599211881307e+00,7.140426981635951409e-02,3.273448338678974334e+00
2.051709477387540836e+00,1.446214593096570855e-01,1.134107129006025172e+00,3.283581998682740366e+00,-1.999999930219505284e+00,1.087065396383301907e+00,1.999999675886314998e+00,6.409986719969321123e-02,3.384108164498240257e+00
2.209509697694257646e+00,2.437370930994540996e-01,1.125436588747223743e+00,3.213130934586262644e+00,-1.999999925610980611e+00,1.071371748996210682e+00,1.999999725366211623e+00,5.718447579686793125e-02,3.537585856429408704e+00
2.367281937511195533e+00,3.337404889804713171e-01,1.108583250717125157e+00,3.145853845417565520e+00,-1.999999930522702085e+00,1.048122666595467711e+00,1.999999759117320641e+00,4.691117510738129076e-02,3.716630337917341098e+00
2.525053648535680040e+00,4.141735226567996864e-01,1.085101707392252646e+00,3.084855675268268538e+00,-1.999999915657180161e+00,1.009881813396311001e+00,1.999999783501171136e+00,4.058137852985244792e-02,3.907482361782980806e+00
2.682826593173742058e+00,4.852959815484013117e-01,1.056288314172557419e+00,3.030759838489258673e+00,-1.999999930386980207e+00,9.733710974561616824e-01,1.999999801911974462e+00,3.130457196408661241e-02,4.100805795848010860e+00
2.840598310788523317e+00,5.476291873018256373e-01,1.023238805186386768e+00,2.983884089392313754e+00,-1.999999905644349152e+00,9.272353545447901135e-01,1.999999816454455015e+00,2.737820543812289828e-02,4.290537447645638380e+00
2.998365782695653792e+00,6.017951151042150171e-01,9.866544288499597970e-01,2.943253083205259912e+00,-1.999999935262836148e+00,8.883664860289950393e-01,1.999999828339344754e+00,1.866834162899774080e-02,4.471393234295952368e+00
3.156136732688610280e+00,6.483737714392471263e-01,9.471741586170122629e-01,2.908782115046308014e+00,-1.999999927983972858e+00,8.411991411199912783e-01,1.999999838361690818e+00,8.794407426377583159e-03,4.638522317563285036e+00
3.313922521897811890e+00,6.879220505492517068e-01,9.049763685262568469e-01,2.880641810750172116e+00,-1.999999839368540533e+00,7.882353565064872392e-01,1.999999847433322264e+00,1.061155949541542527e-02,4.788293916184851895e+00
3.471693240198370223e+00,7.209188972593159050e-01,8.607180751994915058e-01,2.856642499000906277e+00,-1.999999864443567921e+00,7.575026316846684704e-01,1.999999856124000219e+00,1.876502917715494601e-02,4.914955311621059586e+00
3.629467839254204797e+00,7.477616589662634539e-01,8.156180812619785447e-01,2.834123930022287130e+00,-1.999999965403200131e+00,7.515160593295442393e-01,1.999999864239000669e+00,9.693242642386523666e-03,5.013029962685722651e+00
3.787241177560768168e+00,7.688053734001618622e-01,7.701286221238982099e-01,2.814336325216260537e+00,-1.999981242433379158e+00,7.281921786506739824e-01,1.999999872178788385e+00,2.013942578581338211e-02,5.084319759218572266e+00
3.945015394690555510e+00,7.843758296959736365e-01,7.244708953726569645e-01,2.794922619845489287e+00,-1.999999941736196885e+00,7.354859187218216743e-01,1.999999880047502954e+00,2.210420283556835050e-02,5.129248714444710977e+00
4.102807214907126188e+00,7.946581758029359621e-01,6.793292602833077565e-01,2.775357242840141847e+00,-1.999999634643421231e+00,7.470638996040066537e-01,1.999999887798289633e+00,3.391136293980299282e-02,5.149660581408641136e+00
4.260585671994953749e+00,7.998285467853352149e-01,6.350555279252044771e-01,2.753667902121519351e+00,-1.999999846778897528e+00,7.818622638612342524e-01,1.999999895599747113e+00,4.653418406814488484e-02,5.144320281523068417e+00
4.418364913718290765e+00,8.000000077380216013e-01,5.923036363141944705e-01,2.728234206713100907e+00,-1.999999987628614306e+00,8.353071475813642621e-01,1.999999901032490257e+00,3.062502692834244769e-02,5.108749630551987941e+00
4.576147343322695349e+00,7.952664842972499981e-01,5.509517334056809323e-01,2.702450301775550123e+00,-1.999999970523925308e+00,8.554912428576482153e-01,1.999999904026133590e+00,3.976727408983361280e-04,5.041694028571720665e+00
4.733928721278660490e+00,7.857078748086478992e-01,5.098422902898358533e-01,2.680555559086819528e+00,-1.996813584436615274e+00,8.189777261064340452e-01,1.999999907151804424e+00,-2.290566265102472049e-02,4.939600307520333189e+00
4.891682709510733140e+00,7.713699560992929305e-01,4.678942161581665093e-01,2.665043609716882145e+00,-1.984888029377325669e+00,7.401450530961283247e-01,1.999999910863411667e+00,-4.207571709229433049e-02,4.798528924863258105e+00
5.049455387880246171e+00,7.522882880439291098e-01,4.245040857635968279e-01,2.658491125853827075e+00,-1.959846206784551903e+00,6.266280003189904635e-01,1.999999915024202046e+00,-5.524423182076484973e-02,4.623139561244827611e+00
5.207254444022550999e+00,7.285312966382532229e-01,3.793301643208484286e-01,2.663058793307820693e+00,-1.917880394396527910e+00,4.900998259168651838e-01,1.999999919358891765e+00,-6.103850828191428185e-02,4.425502620640290985e+00
5.365044117906551335e+00,7.002601482422651236e-01,3.322791447689920630e-01,2.680031190635483451e+00,-1.856408873892130051e+00,3.469879365175886354e-01,1.999999923536077029e+00,-5.886023273357988278e-02,4.221451583411964137e+00
5.522840649826602721e+00,6.677771836064789746e-01,2.836184291510042699e-01,2.709235869788702011e+00,-1.774994010203881478e+00,2.177666819414592059e-01,1.999999927266900013e+00,-4.913781418360991388e-02,4.025893625084991712e+00
5.680641818473985971e+00,6.315335867967238892e-01,2.341828799907103853e-01,2.748664955914283947e+00,-1.676224212087514598e+00,1.238530706200434567e-01,1.999999930367959866e+00,-3.343189894039788612e-02,3.849574409495600147e+00
5.838445955779847374e+00,5.920864793004089188e-01,1.855204601539796605e-01,2.794698867015796839e+00,-1.566027926195806774e+00,8.210994971931863395e-02,1.999999932772795308e+00,-1.426860873947297451e-02,3.698136881725799352e+00
5.996258817961015453e+00,5.500263667436928738e-01,1.397835496257616716e-01,2.843059101642586128e+00,-1.451772488058468813e+00,9.605479913996936570e-02,1.999999934504833377e+00,5.387405958321499905e-03,3.572772995359792869e+00
6.154077893517587938e+00,5.059597597756803067e-01,9.918644663567352526e-02,2.890234750979138845e+00,-1.341748863840148687e+00,1.597417780944991317e-01,1.999999935621953773e+00,2.253953428893629499e-02,3.472340327436939322e+00
6.311904830467372385e+00,4.604645175456137940e-01,6.553260862816188970e-02,2.934229591486283262e+00,-1.245891762547716386e+00,2.621363433022083633e-01,1.999999936182020877e+00,3.465734982628428107e-02,3.394808164942032302e+00
6.469725159625647315e+00,4.139580555977426246e-01,3.993072800864987809e-02,2.974506249110773215e+00,-1.168355086287405920e+00,3.728464427041525142e-01,1.999999936229170272e+00,4.101264185456351269e-02,3.337251335235402738e+00
6.627547880113612955e+00,3.668467234768624241e-01,2.210247052949320182e-02,3.012100069760124565e+00,-1.109994609278835309e+00,4.686318500916219487e-01,1.999999935772356796e+00,4.223272004997268014e-02,3.297010802815475206e+00
6.785377436475526380e+00,3.194813825691144582e-01,1.077925907721335487e-02,3.048644275318790786e+00,-1.066078754063547462e+00,5.313879405941395184e-01,1.999999934798274870e+00,4.009681489970554763e-02,3.271571664895880360e+00
6.943207810967632732e+00,2.722603883175937489e-01,4.057360101748044325e-03,3.085931200025620935e+00,-1.032921960656685512e+00,5.617517892912528010e-01,1.999999933285326437e+00,3.607079041539913017e-02,3.258823314329148957e+00
7.101042299022537918e+00,2.254788103625411932e-01,1.785548966746756299e-04,3.125252590219426363e+00,-1.006911983918600928e+00,5.629207579164241526e-01,1.999999931216505988e+00,3.148467649986427114e-02,3.256826142989932560e+00
7.258876298019341533e+00,1.793321701939614154e-01,-2.337749451547314374e-03,3.167444033081048271e+00,-9.849493805615608943e-01,5.410439606832769810e-01,1.999999928578259034e+00,2.743534218476439274e-02,3.263848335885884300e+00
7.416713222380853843e+00,1.339247707067919568e-01,-4.576558487045614444e-03,3.212886207428081953e+00,-9.628506422566048828e-01,5.030072012660098402e-01,1.999999925356360952e+00,2.467926893541402822e-02,3.278376474920075445e+00
7.574545562948100219e+00,8.937064451209603133e-02,-7.229227382584529557e-03,3.261623237413888710e+00,-9.415211411409729614e-01,4.625958630263474758e-01,1.999999921536603331e+00,2.296879031385708550e-02,3.299169789908189987e+00
7.732380267658629514e+00,4.561844955993420853e-02,-1.042533415068672489e-02,3.313207726605885028e+00,-9.174372859906303468e-01,4.216841664847246207e-01,1.999999917095754309e+00,2.230372160321089994e-02,3.325140739030933101e+00
7.890221187521259338e+00,2.735846303004025194e-03,-1.419877450035255534e-02,3.367232832197773806e+00,-8.964524014977586219e-01,3.904194557536739829e-01,1.999999912004940539e+00,2.145955718600790069e-02,3.355411878224931144e+00
8.048057892213485331e+00,-3.949321627044515004e-02,-1.829094193842588020e-02,3.423076047719474158e+00,-8.746932378124369079e-01,3.581487051235397456e-01,1.999999906215843781e+00,2.092604534385483772e-02,3.389197107262857500e+00
8.205895025926608355e+00,-8.108266866476021573e-02,-2.280099347153716899e-02,3.480517304647421373e+00,-8.560888257648356925e-01,3.319400176860978213e-01,1.999999899667661785e+00,2.004881381269380675e-02,3.425814968887679335e+00
8.363735305195326930e+00,-1.222433016080676504e-01,-2.760761543410589214e-02,3.539174847504116705e+00,-8.372434784615860881e-01,3.046938021796391505e-01,1.999999892274891611e+00,1.940832469558737353e-02,3.464722611830967747e+00
8.521576089830388057e+00,-1.630228444328964965e-01,-3.279651448977723843e-02,3.598889686433025314e+00,-8.198865686824490240e-01,2.809538985669277622e-01,1.999999883932061184e+00,1.859182758959304974e-02,3.505416974537388430e+00
8.679417451247477544e+00,-2.035629421272766582e-01,-3.831102475185621525e-02,3.659423003675134733e+00,-8.060972349622629318e-01,2.582729293988677566e-01,1.999999874507354392e+00,1.789635196203614304e-02,3.547414179609092777e+00
8.837259335114033831e+00,-2.440831976590085717e-01,-4.414562220038345530e-02,3.720574677723655910e+00,-7.942268668591977443e-01,2.327824134763899211e-01,1.999999863820837831e+00,1.847028627115577387e-02,3.590425383278687654e+00
8.995096956256858789e+00,-2.847246505009144446e-01,-5.030505850278906010e-02,3.782163071595342263e+00,-7.806199320796209928e-01,2.117028427967083681e-01,1.999999851617744850e+00,2.084428939819087806e-02,3.634651191754583177e+00
9.152936507953931766e+00,-3.254667062996126070e-01,-5.642534006648392692e-02,3.843845789802475377e+00,-7.704692731237189340e-01,2.051956151992103683e-01,1.999999837545549886e+00,2.397948914725917674e-02,3.680870073757087191e+00
9.310778981885945882e+00,-3.664231113911804449e-01,-6.175862187975993123e-02,3.905230963696003421e+00,-7.642381641449357277e-01,2.082885719281293568e-01,1.999999821047259596e+00,2.756513394293856958e-02,3.731593396247068650e+00
9.468622264040330805e+00,-4.075533019123919187e-01,-6.557649977717061596e-02,3.966306899668700758e+00,-7.630606111443923867e-01,2.198048895766653021e-01,1.999999801276791889e+00,3.051155179449838509e-02,3.791364463841501831e+00
9.626463299027795628e+00,-4.486685844863378958e-01,-6.703226171858223115e-02,4.027450041843340323e+00,-7.682936075385986552e-01,2.357802936629361523e-01,1.999999777011473689e+00,3.118199559731060430e-02,3.866674479340196591e+00
9.784304555741982767e+00,-4.894100415336400389e-01,-6.530883583193053399e-02,4.089501675795062852e+00,-7.756656636420721229e-01,2.444540645716300475e-01,1.999999746579319782e+00,2.750182750289247718e-02,3.965245661194931159e+00
9.942150251549977114e+00,-5.290599622456454432e-01,-6.001486407108875404e-02,4.153902389605748979e+00,-7.840605773847438842e-01,2.361562167054219175e-01,1.999999707917480274e+00,1.581366201763203735e-02,4.093420575974774600e+00
1.009999350767617088e+01,-5.668139642794940425e-01,-5.136921057681599623e-02,4.222461308031974170e+00,-7.993572948200342587e-01,1.926322373015641742e-01,1.999999658682355408e+00,-7.059527088490153909e-03,4.253359637613625566e+00
1.025783606785904745e+01,-6.022155183323203431e-01,-4.056234481620029503e-02,4.297034161916599260e+00,-8.024052256916316406e-01,6.166911584427055976e-02,1.999999596255820133e+00,-4.089445428045803549e-02,4.442515327569089401e+00
1.041566426524147460e+01,-6.344819613643863931e-01,-3.061923935984414008e-02,4.379732443597409208e+00,-7.975830700092145786e-01,-1.486138060625233348e-01,1.999999517945955096e+00,-8.642884229135526508e-02,4.650154934857138933e+00
1.057350347943974711e+01,-6.636497685582016803e-01,-2.446749058866608609e-02,4.471003904293210596e+00,-7.571486936616959040e-01,-4.801210231028394393e-01,1.999999420280154760e+00,-1.382956669133264260e-01,4.862664508133195618e+00
1.073133706317985769e+01,-6.894423454798780382e-01,-2.601563370447653942e-02,4.569800356544291731e+00,-6.913668216601249750e-01,-8.878703199651553080e-01,1.999999297885674876e+00,-1.915354542934022131e-01,5.064234903259615450e+00
1.088916931738454252e+01,-7.125626830375089149e-01,-3.756793593378522644e-02,4.672384773154836246e+00,-5.729778317558322787e-01,-1.362201644917558685e+00,1.999999140437541234e+00,-2.342787168332975956e-01,5.245812540005888813e+00
1.104700447191966362e+01,-7.332186081431355529e-01,-6.054576638916026043e-02,4.772599349423323645e+00,-3.913400451776395950e-01,-1.811664519686847052e+00,1.999998927827261186e+00,-2.598689992379871194e-01,5.404604910778836313e+00
1.120483906410020936e+01,-7.515176494657526129e-01,-9.362676602223005129e-02,4.862074139012927176e+00,-1.336963847204636069e-01,-2.193048576253119997e+00,1.999998619819063572e+00,-2.654026158365154209e-01,5.546038457234406138e+00
1.136267225895295852e+01,-7.670299086781721121e-01,-1.342727110701477655e-01,4.931923347024289583e+00,1.733278460780690033e-01,-2.423633852095161689e+00,1.999998132715429033e+00,-2.527161384084271045e-01,5.674974489388739940e+00
1.152050649146960382e+01,-7.796980760972554991e-01,-1.779973433371167535e-01,4.977403657115553770e+00,4.991019531690493727e-01,-2.585040661290185948e+00,1.999997263089356103e+00,-2.203496571857343211e-01,5.795948423377977221e+00
1.167833735174868970e+01,-7.896255023964593445e-01,-2.224728377635740162e-01,4.998584051385742022e+00,8.449559509219348730e-01,-2.656319556485309263e+00,1.999995354166510753e+00,-1.487564888274985897e-01,5.916048563118440740e+00
1.183617038070603300e+01,-7.964874989529364679e-01,-2.642530744318551950e-01,4.999999881379842748e+00,1.186218616085444655e+00,-2.656318071243788825e+00,1.999995863700948728e+00,2.417547352020521165e-02,6.034730235696411427e+00
1.199400248571754801e+01,-7.999999982225352024e-01,-2.981835626802839534e-01,4.994340167078761716e+00,1.521585268386073109e+00,-2.197360532532522281e+00,1.999991612244793604e+00,1.257878178311948036e-01,6.158010902166123124e+00
1.215182945968079054e+01,-7.996073430539517579e-01,-3.162734280648613061e-01,4.995576911779589402e+00,1.785645771433035822e+00,-1.640953776051806035e+00,1.425913113954715428e+00,5.235929226453055474e-01,6.259958596213004434e+00
1.230965758393391951e+01,-7.944993936829813919e-01,-3.074346573134765781e-01,4.999999834672195220e+00,1.976139622335133739e+00,-2.710660921702757742e-01,-1.114026927787028054e+00,1.789651727482570731e-01,6.303977644307948047e+00
1.246748573893937007e+01,-7.842635001098592351e-01,-2.783822213958932479e-01,4.999999838161233612e+00,1.999999689695910909e+00,-1.059343262631286253e-01,-1.286212844962519419e+00,1.490339953192843514e-01,6.227271925596991053e+00
1.262531513582266918e+01,-7.695051372948902291e-01,-2.478943072392698899e-01,4.999999843608628147e+00,1.999999566252059324e+00,-1.360802167360877502e-01,-1.217090727289657393e+00,1.686613862187882895e-01,6.093951529617948282e+00
1.278314656896915480e+01,-7.503486252838811321e-01,-2.199418228193376623e-01,4.999999849530968099e+00,1.999999580998323534e+00,-1.616132038806767091e-01,-1.065255843730628538e+00,1.698894966541114881e-01,5.925578754163344009e+00
1.294097618752468470e+01,-7.269734550189572708e-01,-1.961669223375828164e-01,4.999999856140008525e+00,1.999999590617228762e+00,-1.778919841059433404e-01,-9.021698740004702177e-01,1.701382222737910233e-01,5.743269410741818071e+00
1.309881001642328791e+01,-6.997723602828779255e-01,-1.772131981770800613e-01,4.999999862847332111e+00,1.999999600158933744e+00,-1.596624446290740296e-01,-7.475002573928309912e-01,1.576460600548650337e-01,5.569857812391423302e+00
1.325665828207898045e+01,-6.693489657545539373e-01,-1.630958934363600510e-01,4.999999868699997130e+00,1.999999607762694920e+00,-1.698552918138437062e-01,-3.143846411935719010e-01,8.735222690784011368e-02,5.423265469296859820e+00
1.341450212660527619e+01,-6.365844028248376363e-01,-1.570114335119402182e-01,4.999999873828212316e+00,1.999999616853982642e+00,-3.524715551706679717e-01,-1.055199567642534753e+00,4.587808964307321657e-01,5.317220607717422887e+00
1.357234801495493137e+01,-6.013789776423863476e-01,-1.420066089588928882e-01,4.987400955204817521e+00,1.999999733366771615e+00,7.498324300017115140e-01,-1.999994541741954901e+00,5.235982256684014180e-01,5.219900841312989925e+00
1.373019021600012124e+01,-5.629555689834897514e-01,-9.516859706124614071e-02,4.999999934225050069e+00,1.833532869619646233e+00,2.103931745988166124e+00,-1.999991316199114522e+00,-3.401977621155600207e-01,5.113722500026577578e+00
1.388803479915067740e+01,-5.233525094103320674e-01,-4.562741841045381275e-02,4.981054067772272553e+00,1.506163678051504418e+00,1.325179552984904197e+00,-1.999996956113131885e+00,5.235984668549034105e-01,4.990603801271395135e+00
1.404588209699039858e+01,-4.828969112959216048e-01,1.780849450825105693e-02,4.980609633236619871e+00,1.241013585025904087e+00,3.097533711484910857e+00,-1.999998226260272682e+00,5.235985678710545210e-01,4.900187423799859943e+00
1.420372758606998786e+01,-4.396863442359393859e-01,1.343370328467468622e-01,5.000000008802450324e+00,7.025334226413628702e-01,4.398395708694734729e+00,-4.428304390856294126e-01,5.235981844938741858e-01,4.806156268088789041e+00
1.436157186520450324e+01,-3.938628302207910492e-01,2.899505519495779726e-01,5.000000005084923593e+00,1.107077888857977907e-02,5.153197893914420291e+00,1.999998034284362847e+00,1.336085634887861640e-01,4.737907494689127752e+00
1.451941480371977100e+01,-3.451642587519485050e-01,4.477257207330795907e-01,5.000000028182832956e+00,-7.530766721349616555e-01,4.351587451913322191e+00,1.999999456946497611e+00,-7.359343604676267525e-02,4.785749891884358398e+00
1.467725981667522639e+01,-2.951266707290903790e-01,5.685446197015870951e-01,4.932118508328165341e+00,-1.334970452329347523e+00,2.874231862564524231e+00,1.999999367266881656e+00,-1.083554234704509761e-01,4.828487404718498688e+00
1.483510419219275711e+01,-2.434952067965531763e-01,6.432749102622774551e-01,4.876781332364338972e+00,-1.673948855752361631e+00,1.852258279493957049e+00,1.999999256504656264e+00,-1.019978179522912781e-01,4.858882260983108381e+00
1.499294903194657458e+01,-1.900914760783042057e-01,6.871501204758989623e-01,4.852932715798408125e+00,-1.871728590047695873e+00,1.201586508807571896e+00,1.999999114875959938e+00,-7.813974366399537019e-02,4.890777986979979453e+00
1.515079552526056084e+01,-1.354945485873788880e-01,7.111440679892406802e-01,4.853462531824229487e+00,-1.976406939637461724e+00,6.375293255618048605e-01,1.999998927064539078e+00,-4.826645372799830830e-02,4.921442912025844940e+00
1.530863941851100662e+01,-8.011800927823911622e-02,7.171346741863632301e-01,4.877656616774457277e+00,-1.999546360603135620e+00,4.230428896384232362e-01,1.999998661946147616e+00,-1.404270125843097745e-02,4.954979000839817793e+00
1.546648138364089142e+01,-2.450307045167799541e-02,7.149797231755693483e-01,4.905297089667004506e+00,-1.999998103979349962e+00,3.518203384497764485e-01,1.999998254333177350e+00,-3.217270416968626232e-03,5.001433916585550143e+00
1.562431973508963345e+01,3.041136965953256457e-02,7.074096099517412917e-01,4.931353655750273290e+00,-1.999619340714827720e+00,2.750189381940174038e-01,1.999997558127058150e+00,2.157289864749492667e-03,5.068489464570333780e+00
1.578214310980001045e+01,8.353108962316965758e-02,6.940072100573313474e-01,4.956892197916976883e+00,-1.999995918882945922e+00,2.234380277026249417e-01,1.999996141900256985e+00,1.540544196313988097e-02,5.157037500476395309e+00
1.593997106120957774e+01,1.337960685641153558e-01,6.762322224425009187e-01,4.979546373213965538e+00,-1.999998720451394707e+00,2.265116321274067979e-01,1.999991864276587705e+00,2.182707398309270685e-02,5.257159909621895721e+00
1.609780420846664839e+01,1.805178410521376953e-01,6.560591832055842065e-01,4.998066600775738166e+00,-1.999998878264752422e+00,2.274496376339676662e-01,1.401888698335442385e+00,5.526340542525477479e-04,5.358252479782993127e+00
1.625563363660890204e+01,2.233002618896941516e-01,6.332699476562253516e-01,4.999999791374709623e+00,-1.999999076506803641e+00,1.675652507969020433e-01,1.235288711813066653e+00,-2.617375315699441325e-03,5.443144121134302793e+00
1.641346420708794795e+01,2.619009498661482027e-01,6.078962028099073045e-01,4.999999779685579071e+00,-1.999999691548338676e+00,1.444005589347844287e-01,1.286164304718733664e+00,1.793592287307263500e-02,5.517058818328134606e+00
1.657129241472300407e+01,2.962397845565526433e-01,5.827837470757457616e-01,4.999999768017707957e+00,-1.999999671236203591e+00,1.766374896205620826e-01,1.254742821894954341e+00,6.138322235616913009e-03,5.573421846860934892e+00
1.672912063245719949e+01,3.265533958069229969e-01,5.591335911473168663e-01,4.999999758051061782e+00,-1.999999681317796707e+00,1.468590263384706995e-01,1.117700865576030766e+00,6.442400644559170830e-04,5.609578880735321071e+00
1.688695025496055635e+01,3.532712254644451155e-01,5.362511477670073301e-01,4.999999750242482222e+00,-1.999999688712913448e+00,1.244181746295278251e-01,1.027600322351047479e+00,5.523741489611049167e-03,5.627828907372127709e+00
1.704478292046537291e+01,3.766786762467356775e-01,5.152226554468146702e-01,4.999999742337307040e+00,-1.999999689732410824e+00,1.286443108723334394e-01,-1.456289236316611335e+00,1.127684180756712007e-02,5.631021283971669789e+00
1.720262938423008592e+01,3.968029356094862625e-01,4.970488703311137790e-01,4.930954919421049354e+00,-1.999999659268024699e+00,1.451623667761077485e-01,-1.999989007521826290e+00,1.398176193066957666e-02,5.560138136680972565e+00
1.736046998658444451e+01,4.136700697184061415e-01,4.819336879841645827e-01,4.846479726442027847e+00,-1.999999277962192901e+00,1.678374755445658506e-01,-1.999994473031236231e+00,1.703447337763796046e-02,5.469849442384050242e+00
1.751831324383365285e+01,4.276165573014218402e-01,4.697787086369423215e-01,4.761106629821600933e+00,-1.999999430131021994e+00,1.947205670754999229e-01,-1.999996268905237073e+00,1.820752970790502287e-02,5.378485976955120762e+00
1.767615416437362796e+01,4.390009371474126176e-01,4.602083540826236718e-01,4.674377138516395469e+00,-1.999999498670032905e+00,2.188007419775535034e-01,-1.999997152389400235e+00,1.597109887725446653e-02,5.288289213965433611e+00
1.783399548897952513e+01,4.481127661217766400e-01,4.525660283016214036e-01,4.586474804004967432e+00,-1.999999610077037637e+00,2.353239819490913209e-01,-1.999997671416274159e+00,2.370671521340294782e-02,5.199993193218742427e+00
1.799183935235225462e+01,4.551736297026953704e-01,4.466328851600490646e-01,4.495858310946280412e+00,-1.999999611225131924e+00,2.742938696024294076e-01,-1.999998002949556763e+00,2.588640958017840096e-02,5.111323375391394030e+00
1.814968180758339855e+01,4.603420065737041100e-01,4.425902886810979542e-01,4.401742599263914535e+00,-1.999999677369367568e+00,3.046134397911702818e-01,-1.999998224929507407e+00,2.905368699579785260e-02,5.020411266706364728e+00
1.830752232617233233e+01,4.638130889783071975e-01,4.400925181733429392e-01,4.304125236362525975e+00,-1.999999708592734571e+00,3.391561657697988452e-01,-1.999998375693588626e+00,3.189673932107444515e-02,4.926578020136240355e+00
1.846536496035796659e+01,4.657298289943402891e-01,4.392044465523832208e-01,4.202517993431160725e+00,-1.999999732456787527e+00,3.762493535642307818e-01,-1.999998473740264293e+00,3.139306841793920028e-02,4.829117227177461835e+00
1.862320750393788771e+01,4.662310209144637230e-01,4.398671881689658614e-01,4.097065745705276818e+00,-1.999999779364638020e+00,4.095265407221789222e-01,-1.999998528715949853e+00,3.692108983277483936e-02,4.728340470340633317e+00
1.878105137692154614e+01,4.654556480414916431e-01,4.422311221370783252e-01,3.986615894038366026e+00,-1.999999795072572972e+00,4.599540902603636572e-01,-1.999998539630327254e+00,4.654281960592502460e-02,4.623707762421125800e+00
1.893889511915230273e+01,4.635355636845591154e-01,4.470380442267165577e-01,3.868901051495951204e+00,-1.999999807804898388e+00,5.248051842646794807e-01,-1.999998493546461864e+00,5.713605565309522183e-02,4.514149269811489340e+00
1.909673845965695094e+01,4.606600930290863927e-01,4.548119595032795726e-01,3.742170513603681581e+00,-1.999999799615558294e+00,5.991009236123344683e-01,-1.999998358331791071e+00,5.144547080433867908e-02,4.399608576227946877e+00
1.925457844417674380e+01,4.570206569413494679e-01,4.651091799977508101e-01,3.608336780101299102e+00,-1.999999874596228855e+00,6.451244021102252590e-01,-1.999998063183326957e+00,8.900672682919832934e-02,4.283558400625321561e+00
1.941241843242822540e+01,4.528098983960697210e-01,4.786736583692047797e-01,3.459352691712604955e+00,-1.999999811151486506e+00,7.917128915373509157e-01,-1.999997260680710376e+00,1.164311610022930044e-01,4.160152914807300206e+00
1.957026488964968536e+01,4.480797921363072200e-01,4.983703397207061014e-01,3.288650205750164091e+00,-1.999999792662592091e+00,9.355829968218338788e-01,-1.999992421099423101e+00,9.640989166635141605e-02,4.024538428601410089e+00
1.972810929973897132e+01,4.431070130734668377e-01,5.221161369824990350e-01,3.105142276475941099e+00,-1.999999899078536814e+00,1.007933999272162762e+00,1.999994224061804715e+00,4.773103725614533110e-02,3.884017882835438140e+00
1.988594961520657378e+01,4.396302839385468619e-01,5.448032920684504621e-01,3.088429881797861043e+00,-1.999999934985269068e+00,9.603434741204698311e-01,1.999998010492201050e+00,7.654747227089063466e-02,3.899342698887922953e+00
2.004378797962834469e+01,4.390305286027409437e-01,5.644414236465284951e-01,3.066667112533727035e+00,-1.999999944234935878e+00,1.008807829297696079e+00,1.999998817143085805e+00,7.678714262536728841e-02,3.910811680896018938e+00
2.020161358680221042e+01,4.406806859176092273e-01,5.832347321901862891e-01,3.039360799443486805e+00,-1.999999933064590341e+00,1.015166661582107333e+00,1.999999170145154270e+00,8.639595992481183262e-02,3.915344370309011612e+00
2.035944544404977563e+01,4.443372299190174179e-01,6.002922742506756615e-01,3.007700169516030808e+00,-1.999999947486325036e+00,1.037054540705116157e+00,1.999999366640605292e+00,7.271462542844138455e-02,3.911633610294249497e+00
2.051727480689138616e+01,4.496566735086839350e-01,6.157004417495052229e-01,2.976320904261610778e+00,-1.999999910920071899e+00,1.021040637754113245e+00,1.999999492816466162e+00,8.010236428242507867e-02,3.902589268207517836e+00
2.067510665892076460e+01,4.564506505262082015e-01,6.295977746192320534e-01,2.943574934625280637e+00,-1.999999931524049313e+00,1.039712134818038480e+00,1.999999582161230860e+00,8.349295036479525978e-02,3.886953672271594051e+00
2.083293757923996736e+01,4.645093720350016997e-01,6.437462755661815805e-01,2.908174637456329759e+00,-1.999999889452695134e+00,1.064376734074036435e+00,1.999999649765546339e+00,9.999726201616537802e-02,3.864634777753398698e+00
2.099076626665013734e+01,4.738529080711122998e-01,6.594544174623070409e-01,2.866843961556551523e+00,-1.999999962936172881e+00,1.120206402217797992e+00,1.999999700992214136e+00,8.196148949448563148e-02,3.834412290830751413e+00
2.114859806048661284e+01,4.845839492333779974e-01,6.768272066925754560e-01,2.825521482765942061e+00,-1.999999857070669629e+00,1.124219189627252424e+00,1.999999741070831671e+00,7.878490702750567953e-02,3.803156600025197065e+00
2.130643164556465408e+01,4.969411670853263185e-01,6.946513539211888189e-01,2.784739855410700127e+00,-1.999999869478645831e+00,1.137704026400799151e+00,1.999999774621219473e+00,8.383032893206049385e-02,3.772910878565196580e+00
2.146426099727144532e+01,5.109822883988170972e-01,7.136962153847151713e-01,2.741787132764219148e+00,-1.997421938829530896e+00,1.160905461080768974e+00,1.999999803897650086e+00,1.104828425699609373e-01,3.740201888982174427e+00
2.162209263772422929e+01,5.268979075603115181e-01,7.352788570863790785e-01,2.690651267669873281e+00,-1.992051812120498422e+00,1.230999387002490675e+00,1.999999830150079427e+00,1.432484723389157721e-01,3.700522573497107892e+00
2.177992429830322507e+01,5.449106128384085812e-01,7.614420873776606147e-01,2.626012947370535588e+00,-1.989201125143083226e+00,1.351544413022482516e+00,1.999999853265350902e+00,1.717094169181644370e-01,3.655086609450511226e+00
2.193775497726101875e+01,5.651713477395916563e-01,7.938922206554688277e-01,2.544276698464337017e+00,-1.991024499816029580e+00,1.496342283289548325e+00,1.999999873223269775e+00,1.917907134388253387e-01,3.606839542053875469e+00
2.209558625880726623e+01,5.878064175677746306e-01,8.329508293825303999e-01,2.444482046858552859e+00,-1.996264245721678154e+00,1.640857532063135116e+00,1.999999890013672177e+00,2.032969358202570131e-01,3.562058746610765159e+00
2.225341623487963005e+01,6.128214640127136459e-01,8.774550170734108923e-01,2.327630614402675047e+00,-2.000000003021901840e+00,1.768540902524257108e+00,1.999999900778641093e+00,1.842758046352619139e-01,3.529119160049483117e+00
2.241124771946251926e+01,6.400318345964707278e-01,9.242302996140736582e-01,2.202177089196680537e+00,-1.999009041351511806e+00,1.852067018262242071e+00,1.999999907086400963e+00,1.654214554915260649e-01,3.526012699865228139e+00
2.256907806326205801e+01,6.688040393646805803e-01,9.687264277043011740e-01,2.072374833175470332e+00,-1.991281678715384640e+00,1.900440363158683033e+00,1.999999912048727735e+00,1.405333517318335668e-01,3.569378172922754722e+00
2.272690868338902703e+01,6.978649441338298232e-01,1.005872640134182205e+00,1.944257473049972429e+00,-1.974126486791992985e+00,1.910068207620947422e+00,1.999999915336794443e+00,1.099067409962886238e-01,3.673949373866011392e+00
2.288472357994913509e+01,7.255764927649738238e-01,1.030416434210535082e+00,1.824705505826578200e+00,-1.947515003883802720e+00,1.882727915307455868e+00,1.999999916816042278e+00,7.401224296067265840e-02,3.850598411035342838e+00
2.304244539610289877e+01,7.502645191140916436e-01,1.038134666558175656e+00,1.719808835588852114e+00,-1.918314570596015844e+00,1.817826223068224722e+00,1.999999916590569082e+00,3.301389780650926253e-02,4.103884357946537165e+00
2.320007915100308082e+01,7.705073622996205795e-01,1.026613036620527719e+00,1.633693538798144829e+00,-1.888990082272729687e+00,1.716402547159377123e+00,1.999999915545231710e+00,-1.108580688110350106e-02,4.408301975069437439e+00
2.335776240379344415e+01,7.855783274478063127e-01,9.959890408800278205e-01,1.567851846512944514e+00,-1.862701185958233419e+00,1.579336440515220596e+00,1.999999915091479563e+00,-5.572456215359745252e-02,4.709293085873673235e+00
2.351543549955964707e+01,7.953461272428838935e-01,9.485573257205298647e-01,1.521738119837226400e+00,-1.839341302746422935e+00,1.406278949626288854e+00,1.999999916797043475e+00,-9.758866362600777944e-02,4.931178756733245017e+00
2.367310658013312974e+01,8.000000081234724947e-01,8.876925582870064391e-01,1.494197471689574286e+00,-1.815301389564671686e+00,1.196074229630897490e+00,1.999999919301896467e+00,-1.323860963488631415e-01,5.011323960962605462e+00
2.383078259157212742e+01,7.997537865782671229e-01,8.166075026416652616e-01,1.484619588044793437e+00,-1.784147242334764849e+00,9.497599906680481707e-01,1.999999922571316979e+00,-1.571749179767595594e-01,4.931501397661835817e+00
2.398846182048627540e+01,7.947135163622838228e-01,7.374744006394358120e-01,1.493513442531644086e+00,-1.738224676290367032e+00,6.708759045569624435e-01,1.999999928084319478e+00,-1.695698417241387757e-01,4.717772304152960672e+00
2.414615288732226261e+01,7.849162931078503824e-01,6.511702836529971172e-01,1.522080357642917159e+00,-1.670068803874668495e+00,3.686839934669008945e-01,1.999999934861460549e+00,-1.668549726485357987e-01,4.415411129732802031e+00
2.430388086077191190e+01,7.704439005365473214e-01,5.577290476447220868e-01,1.570885307354723981e+00,-1.573147524234426164e+00,6.589918045638107347e-02,1.999999942051733592e+00,-1.469658751133257335e-01,4.067321032078777598e+00
2.446158990947670731e+01,7.515325730483436439e-01,4.574719515441608708e-01,1.637964090617817892e+00,-1.443468129393726374e+00,-1.948648220014491672e-01,1.999999949038212321e+00,-1.093148438490012392e-01,3.708178800347165183e+00
2.461931191699610011e+01,7.286346044510031428e-01,3.527300278874252459e-01,1.716991361890971568e+00,-1.282901461603561666e+00,-3.502987021284255653e-01,1.999999955413815922e+00,-5.614519885350106182e-02,3.366056193921981521e+00
2.477704546314851441e+01,7.024070342677501966e-01,2.497130615544938259e-01,1.797302441419107222e+00,-1.103369532846889323e+00,-3.346414643321096727e-01,1.999999960963358747e+00,5.854109859899088268e-03,3.062779785737768101e+00
2.493479114948413056e+01,6.736462908483185075e-01,1.589091053379722285e-01,1.867959974469193041e+00,-9.274581844611722303e-01,-1.260912501177920420e-01,1.999999965619980502e+00,6.533291517740780208e-02,2.812196443051755868e+00
2.509255352199869904e+01,6.432740297486501113e-01,9.196212974957229669e-02,1.924216054789000818e+00,-7.796578915786772646e-01,2.130313230496471422e-01,1.999999969369727904e+00,1.099854639600532091e-01,2.620137347640406400e+00
2.525032557084151819e+01,6.124853964648396820e-01,5.599673197857063522e-02,1.969738818397553048e+00,-6.751131591281487321e-01,5.635073233926192193e-01,1.999999972177490815e+00,1.324483509703086315e-01,2.487069631903334521e+00
2.540817478931076678e+01,5.827998377806486996e-01,4.999753461391868298e-02,2.012374274461845136e+00,-6.131157268086099288e-01,8.216994011019489452e-01,1.999999974005536307e+00,1.339412761313303613e-01,2.409125191054241277e+00
2.556602607299809549e+01,5.558973468165370191e-01,6.614335968278232947e-02,2.058960341590970078e+00,-5.813905585448743141e-01,9.474037430701857110e-01,1.999999974865376950e+00,1.219868556300817974e-01,2.378634539640816392e+00
2.572386043152399893e+01,5.332775446963309296e-01,9.434300969735472109e-02,2.113238562399619713e+00,-5.661066984303944061e-01,9.584741560129035332e-01,1.999999974840592110e+00,1.047639415735535234e-01,2.385700892640476578e+00
2.588169951821300785e+01,5.159005189157830351e-01,1.261452375315636754e-01,2.176061406572503021e+00,-5.580141444197999068e-01,8.965365232295362530e-01,1.999999974063201069e+00,8.759556998840987985e-02,2.420373530240075510e+00
2.603954017059215431e+01,5.040359008204112756e-01,1.561471368276799720e-01,2.246372199323957375e+00,-5.510995941932979036e-01,8.025933007552179532e-01,1.999999972679471050e+00,7.307167725821718529e-02,2.473840749098994873e+00
2.619737851638404180e+01,4.974568090627101147e-01,1.817932606708544396e-01,2.322243715701669320e+00,-5.435807096940225014e-01,7.057374067113932892e-01,1.999999970819108741e+00,6.137179602324386446e-02,2.539281050654094152e+00
2.635521658650501919e+01,4.956034586255707031e-01,2.024294511399039043e-01,2.401676412780005876e+00,-5.355819440217942651e-01,6.191091784288308419e-01,1.999999968583255905e+00,5.182577012696967800e-02,2.611836026909400310e+00
2.651305429342887621e+01,4.977724743008596353e-01,2.183261652997805224e-01,2.483069268976861199e+00,-5.279127719040199729e-01,5.447639839890582314e-01,1.999999966038912502e+00,4.379752498654185949e-02,2.688515708995269815e+00
2.667089543531610119e+01,5.032355985736951531e-01,2.300309813036027773e-01,2.565305505458661539e+00,-5.204928841693091668e-01,4.816816977087930995e-01,1.999999963222346855e+00,3.711463243083236441e-02,2.767782288286645187e+00
2.682873911648224663e+01,5.113365290179940903e-01,2.381343833559927403e-01,2.647580509735497412e+00,-5.133550074967967447e-01,4.280418220839725119e-01,1.999999960136683352e+00,3.163612363825870494e-02,2.849569972196524414e+00
2.698657884944075391e+01,5.214853398610218571e-01,2.430849729054014863e-01,2.729212811383357362e+00,-5.064698619621083031e-01,3.821520248469685299e-01,1.999999956753139685e+00,2.724395321811432999e-02,2.935106111720401589e+00
2.714441982942778608e+01,5.331298922684271080e-01,2.450758775898633224e-01,2.809476024510080272e+00,-4.998801547479757024e-01,3.427470046028134321e-01,1.999999953013352538e+00,2.375898860257956782e-02,3.026698663919542120e+00
2.730226373804595497e+01,5.457055671040560441e-01,2.439822791412241676e-01,2.887493525442621500e+00,-4.937507130242783093e-01,3.086289406022175719e-01,1.999999948841131081e+00,2.094663396725840454e-02,3.127117029847451324e+00
2.746010359966692960e+01,5.585862146146476359e-01,2.393705051749455692e-01,2.962244799982888033e+00,-4.882992269376985606e-01,2.784212297839059325e-01,1.999999944168426191e+00,1.859572940935939542e-02,3.238433577866347335e+00
2.761794303881044854e+01,5.710621041421611865e-01,2.306166444817420724e-01,3.032705418551327803e+00,-4.828600990995879361e-01,2.519641869942521040e-01,1.999999938977840008e+00,1.655623470342358280e-02,3.360289100047368471e+00
2.777578333402070143e+01,5.823966960192786813e-01,2.171739766379736647e-01,3.098082423461210766e+00,-4.782038915230669707e-01,2.268546880827849443e-01,1.999999933332096136e+00,1.443838980910305304e-02,3.489057046469417056e+00
2.793362027273680681e+01,5.918240076371653613e-01,1.987092904153770767e-01,3.158113765726982436e+00,-4.736103902004364929e-01,2.015097774043204393e-01,1.999999927411403977e+00,1.227130773777859729e-02,3.616602361220544903e+00
2.809142046652110380e+01,5.986736510378136700e-01,1.753686227606270076e-01,3.213187664805035038e+00,-4.696590263832399748e-01,1.736682222095448092e-01,1.999999921474829412e+00,1.004446550420196906e-02,3.732310790067466133e+00
2.824923585368508583e+01,6.023673480872063779e-01,1.477806795828798536e-01,3.264304758826887642e+00,-4.649256152572240897e-01,1.439625125880034662e-01,1.999999915791337957e+00,8.222342220286614142e-03,3.825755324790164114e+00
2.840706856414562509e+01,6.025075565042544712e-01,1.170479251706653817e-01,3.312804982260531439e+00,-4.593825291136976463e-01,1.139836183705965761e-01,1.999999910517830770e+00,6.975856849700281387e-03,3.891282049681992206e+00
2.856489107469202793e+01,5.988154940011680694e-01,8.447666366971792740e-02,3.360080279476258536e+00,-4.521410570941402085e-01,8.651793553221981403e-02,1.999999905645821974e+00,6.553134791430504855e-03,3.929408307059814032e+00
2.872271485097639854e+01,5.911486001547978653e-01,5.135302472371840871e-02,3.407305374356272676e+00,-4.430380329805221895e-01,6.434489987245821385e-02,1.999999901010595105e+00,6.828760507276548583e-03,3.945992372966582007e+00
2.888053977336812750e+01,5.794655509674608851e-01,1.873488556535904750e-02,3.455300687735192167e+00,-4.325011691415212578e-01,4.817247129624428748e-02,1.999999896368323204e+00,7.401737155937783766e-03,3.949040741590708503e+00
2.903836672366645288e+01,5.637974095572128030e-01,-1.268670994614378572e-02,3.504532341810409068e+00,-4.210872633027461509e-01,3.651184361918712734e-02,1.999999891479238734e+00,7.750985372447018705e-03,3.945615896814490320e+00
2.919619899487317127e+01,5.442236044480296409e-01,-4.261066720331512653e-02,3.555203605595155469e+00,-4.113148175080272861e-01,2.325356185835120160e-02,1.999999886157734608e+00,7.463052376211768736e-03,3.940258327978333419e+00
2.935403202994575622e+01,5.207666630165767030e-01,-7.116277203372370352e-02,3.607411026229372375e+00,-4.025549819103363403e-01,4.780936729460874036e-03,1.999999880269091257e+00,7.182993875145912699e-03,3.935099450701207147e+00
2.951186846244221584e+01,4.934637022336279544e-01,-9.862500514382287198e-02,3.661150090234638999e+00,-3.922559696397849294e-01,-1.296313726584757617e-02,1.999999873694215724e+00,7.628585664370784308e-03,3.931107281575765278e+00
2.966970253199122354e+01,4.624202140503379521e-01,-1.250464043897655253e-01,3.716256722457741191e+00,-3.811040163849967466e-01,-2.557814333094357226e-02,1.999999866317508257e+00,8.673526742880771634e-03,3.928554616679139411e+00
2.982753759913666158e+01,4.277175857693189531e-01,-1.503380018493764847e-01,3.772515135635201577e+00,-3.695348441989173560e-01,-3.269973425312058812e-02,1.999999858003213449e+00,1.010993165319716558e-02,3.927514210158361330e+00
2.998537262562769357e+01,3.894422785717629454e-01,-1.744069946136834470e-01,3.829726467194940032e+00,-3.603920608696927763e-01,-3.888443074463455301e-02,1.999999848604156139e+00,1.160907442047928728e-02,3.927539423630619808e+00
3.014320706128485838e+01,3.475923194125523641e-01,-1.973321100704202302e-01,3.887780400514724732e+00,-3.525028934716210594e-01,-4.526036446412719932e-02,1.999999837912808331e+00,1.350500079943057867e-02,3.928563978857146033e+00
3.030104821502489898e+01,3.022081839741231346e-01,-2.191870983803326234e-01,3.946571471367819051e+00,-3.463882887445837722e-01,-4.974806448311283602e-02,1.999999825679380061e+00,1.549197373387929851e-02,3.930177447120851486e+00
3.045888816004092448e+01,2.533044518024765157e-01,-2.399749369088397533e-01,4.006017798732817603e+00,-3.425774364119860693e-01,-5.226927903301140099e-02,1.999999811577601205e+00,1.696018181353635065e-02,3.931884055239065923e+00
3.061672655840354906e+01,2.008792882084608766e-01,-2.596886967216235353e-01,4.066136392315398140e+00,-3.378992961221018443e-01,-4.981990443433868820e-02,1.999999795111874423e+00,1.662929061584346793e-02,3.934183699686300884e+00
3.077456716890862509e+01,1.450654775700478682e-01,-2.782018840820413286e-01,4.127108340988283608e+00,-3.336717123067808322e-01,-4.955395984072489407e-02,1.999999775628142018e+00,1.126700514232643544e-02,3.937302099043409331e+00
3.093240901672077925e+01,8.597909128312299087e-02,-2.956879687096654608e-01,4.189592608103173355e+00,-3.331030106833426374e-01,-7.788600034913109593e-02,1.999999752197878289e+00,-2.240171975940014135e-03,3.942025221688836290e+00
3.109024762592622437e+01,2.361826434151185691e-02,-3.131820194104469879e-01,4.254947599848083684e+00,-3.255393278643852750e-01,-1.606331916119622949e-01,1.999999723197488644e+00,-2.514115059664759344e-02,3.954465346292857841e+00
3.124808739612432973e+01,-4.168551054874266443e-02,-3.323651848010684695e-01,4.324835687699556175e+00,-3.058772963724592509e-01,-3.203646963366316713e-01,1.999999686436931601e+00,-5.862766935541782048e-02,3.980857851084574683e+00
3.140593040923509704e+01,-1.095790328617516074e-01,-3.554776725466161635e-01,4.400519113502361357e+00,-2.606483196052171158e-01,-5.801657473215211525e-01,1.999999638626678733e+00,-9.949034479148224919e-02,4.030224201281931151e+00
3.156377087412647242e+01,-1.794411764543295262e-01,-3.849949860644574229e-01,4.481422303506644056e+00,-1.772608561547622252e-01,-9.415430280713918965e-01,1.999999575134356888e+00,-1.400341954288213953e-01,4.109381439130797453e+00
3.172161405417166691e+01,-2.505095243809989380e-01,-4.226148844522196191e-01,4.563847558102510860e+00,-3.470360765551741555e-02,-1.351118206537683220e+00,1.999999488637796308e+00,-1.691053992978881482e-01,4.225853803249255414e+00
3.187945000792729289e+01,-3.215200919912989397e-01,-4.674326655170919498e-01,4.640535077649374784e+00,1.740373566236234071e-01,-1.715523249246929005e+00,1.999999368023247071e+00,-1.791722538203089077e-01,4.382410537702192244e+00
3.203727919109874023e+01,-3.909646565631728077e-01,-5.155528727339288020e-01,4.703477948208661275e+00,4.379602095596730749e-01,-1.953790080176294630e+00,1.999999196161222237e+00,-1.676420739045266506e-01,4.577263998966738079e+00
3.219511426296599410e+01,-4.573586609876909570e-01,-5.614546435713912986e-01,4.748466764628201275e+00,7.335431335512851980e-01,-2.006646297576033966e+00,1.999998945659916538e+00,-1.353630233026498486e-01,4.806488219185164112e+00
3.235294305054934938e+01,-5.194103650515845549e-01,-5.990632582954538154e-01,4.778408078365151468e+00,1.019368981823602471e+00,-1.975900835136072287e+00,1.999998570883159799e+00,-8.520665607042864076e-02,5.060227073399762077e+00
3.251077062110528715e+01,-5.764355025810711242e-01,-6.263188767848815175e-01,4.799662490012692295e+00,1.282200859401779081e+00,-1.882878184307328118e+00,1.999997982042726941e+00,-1.324848831801971570e-02,5.338226864017003415e+00
3.266859622459273282e+01,-6.279121497166089139e-01,-6.417091112106005912e-01,4.819965569867800781e+00,1.530466101042153193e+00,-1.615906736372858088e+00,1.999996972285922325e+00,8.603574542343829512e-02,5.654462986398561597e+00
3.282642444395244041e+01,-6.729408965351377780e-01,-6.406625582010133657e-01,4.851213826500337944e+00,1.724960818477542013e+00,-1.263343602912635033e+00,1.999994959091468516e+00,2.048159638731404941e-01,5.990881339406620931e+00
3.298424709565355784e+01,-7.112859332862631057e-01,-6.220587331689658717e-01,4.900324746401455656e+00,1.878663576468131424e+00,-7.606743044591042224e-01,1.999989038192527158e+00,3.290921680683124850e-01,6.338855331969748264e+00
3.314206048630258294e+01,-7.424613378528397423e-01,-5.846594617192818477e-01,4.972064610457358924e+00,1.971713043898212225e+00,-1.412719506199723862e-01,-1.244830196127586719e+00,2.656423538484871671e-01,6.647143688709835629e+00
3.329982419201258637e+01,-7.664902759962081147e-01,-5.346675531296039008e-01,4.989926556144661518e+00,1.999999245775043066e+00,1.038756859396804955e-01,-1.999988135165720049e+00,1.930252415329751781e-01,6.775384403962766200e+00
3.345760730243782177e+01,-7.837081706563733263e-01,-4.824358165822656419e-01,4.996492500382170299e+00,1.999998494150818651e+00,7.513012655647810512e-02,-1.999994032917971287e+00,1.932358825251554169e-01,6.758255940593222988e+00
3.361539132028904930e+01,-7.947170941491159546e-01,-4.333916944677349004e-01,4.999999956067363804e+00,1.999999683664636763e+00,4.136798277638264326e-02,-1.944965359803801697e+00,1.866228561751245019e-01,6.634246753214685377e+00
3.377324524756173929e+01,-7.999999823466917848e-01,-3.893022077347590981e-01,4.999999786110970845e+00,1.999999748822710588e+00,1.284223179181989347e-02,-1.731561713116941847e+00,1.839925040582886806e-01,6.442147849937588155e+00
3.393108025480361079e+01,-7.999999973581789492e-01,-3.508586973389641872e-01,4.999999825596573189e+00,1.999999516827000834e+00,9.830803876247642958e-03,-1.532924313642743286e+00,1.735910116460883390e-01,6.228988350106948069e+00
3.408891473863642574e+01,-7.951757219691367728e-01,-3.180472968242412102e-01,4.999999850068600260e+00,1.999999625530008762e+00,-1.132010052243098176e-02,-1.234400227744748335e+00,1.417945655281986073e-01,6.025639240425321397e+00
3.424675311238344477e+01,-7.860443365559461881e-01,-2.919446354215071149e-01,4.999999858013674192e+00,1.999999698512160196e+00,-1.102115492416374382e-01,-9.874519360549004476e-01,1.643643120770922061e-01,5.848056111539625235e+00
3.440459406562189315e+01,-7.731952150402660040e-01,-2.720218342715845505e-01,4.999999866285963712e+00,1.999999695008163547e+00,-7.630257435218726347e-02,-7.901341387688639584e-01,1.256653417625089586e-01,5.700468249036485524e+00
3.456244068825660065e+01,-7.574911338497102298e-01,-2.567920190011954706e-01,4.999999872952640700e+00,1.999999692429048403e+00,-1.344833482359045207e-01,-3.334738891756706125e-01,6.567093013541804025e-02,5.580637763083159619e+00
3.472028354675438777e+01,-7.396253906977063863e-01,-2.490370060388499007e-01,4.999999878396127251e+00,1.999999687904254753e+00,-2.155963080292740142e-01,-1.766830994963831114e-01,8.558314509023398631e-02,5.487495306953002583e+00
3.487812822665672741e+01,-7.205011440714219617e-01,-2.456835945909188468e-01,4.999999886792164006e+00,1.999999865301618218e+00,3.460615662933774067e-02,-1.240872574252920968e+00,5.235980340717958370e-01,5.416229394946469711e+00
3.503597252300145470e+01,-6.994281061884665140e-01,-2.178163584874913405e-01,4.999999897892759115e+00,1.930093622860300284e+00,1.886084525864353045e+00,-1.736938362631029964e+00,-5.235924713750800263e-01,5.326125308665141667e+00
3.519381709499616306e+01,-6.772522499293649467e-01,-1.726969306403295656e-01,4.962836307524082891e+00,1.615438940710483440e+00,1.346474663778071346e+00,-1.999995245274871047e+00,5.235984490664585822e-01,5.156093439105552179e+00
3.535166130172920163e+01,-6.545149177614820735e-01,-1.085760549091726868e-01,4.974390702709706957e+00,1.308101368212813531e+00,2.878783348858144020e+00,-1.999997703163618246e+00,5.235985557390183676e-01,5.051697408379947518e+00
3.550950690676879162e+01,-6.303270426420235495e-01,-1.551950509024810224e-04,5.000000000882621976e+00,7.654108651811193376e-01,3.832391927755356420e+00,-8.191818173812641657e-01,5.235982845004790720e-01,4.950595560698022091e+00
3.566735194450732394e+01,-6.050761865045535259e-01,1.358358825205240039e-01,4.999999975444546330e+00,1.095673479197659950e-01,4.214037127363057245e+00,1.999995796153428484e+00,4.416453379571502191e-01,4.882592999832704450e+00
3.582519464284396093e+01,-5.782771012889855733e-01,2.784161043709249550e-01,4.999999993990726033e+00,-5.659541581537875787e-01,4.486250624169489498e+00,1.999998453387493047e+00,-1.118487086181611974e-02,4.903839648948091323e+00
3.598303981118935724e+01,-5.505853908551254783e-01,4.049882764213407760e-01,4.949479187232667776e+00,-1.209536853104643761e+00,3.628761608075828260e+00,1.999997958664740727e+00,-1.871651940498811895e-01,4.966733227163214082e+00
3.614088518068047762e+01,-5.227795717015116805e-01,4.966479643818270118e-01,4.876229014497350356e+00,-1.692061784421479143e+00,2.154753873314671608e+00,1.999997186496993651e+00,-2.824109746549752220e-01,5.036389596103581390e+00
3.629873065422975031e+01,-4.952409921715987817e-01,5.407408442120644754e-01,4.853354697531387707e+00,-1.932723034350694480e+00,8.564961529152840258e-01,1.999995683429036220e+00,-1.621775696502517627e-01,5.101664403974369932e+00
3.645657469768858050e+01,-4.672957945181322459e-01,5.542796824957361146e-01,4.886430608420038624e+00,-1.999999625045653540e+00,2.545094512527940611e-01,1.999991128836074550e+00,-1.349759074292787575e-02,5.156430689737202755e+00
3.661441941855960636e+01,-4.383560170112534293e-01,5.576739931615692925e-01,4.932580868444761180e+00,-1.999999612373802416e+00,1.808102251850671194e-01,1.790106296054597479e+00,-8.922996027387090304e-04,5.195692726552752383e+00
3.677226448978874629e+01,-4.083963700822162979e-01,5.594665020465389160e-01,4.974201524679156883e+00,-1.999999323758777203e+00,1.427827967666851217e-01,-1.999990563000988208e+00,9.659435057963577584e-03,5.231874792728501866e+00
3.693010890316880079e+01,-3.783240437533099687e-01,5.605827326705075109e-01,4.900322387731756102e+00,-1.999999281334718937e+00,1.418386272730517705e-01,-1.999995179004049994e+00,1.267580276554280093e-02,5.170400335327058450e+00
3.708795221871891812e+01,-3.488839797558477285e-01,5.617115031078457887e-01,4.825038957608067669e+00,-1.999999393914637213e+00,1.539505323067577036e-01,-1.999996709709272569e+00,1.687306713216636320e-02,5.105895710218200989e+00
3.724579615911209629e+01,-3.201115110629984550e-01,5.631057679094279012e-01,4.747156483329802334e+00,-1.999999496465660442e+00,1.752179951034336380e-01,-1.999997463610392101e+00,2.089980640827657221e-02,5.036796980414168345e+00
3.740364118990326858e+01,-2.920247713859792649e-01,5.647740126148832474e-01,4.665770385454366398e+00,-1.999999587292261127e+00,2.001325252107819808e-01,-1.999997904401733750e+00,2.830662944523007138e-02,4.962539382198852600e+00
3.756148533004500933e+01,-2.646556588327065862e-01,5.666532738591302243e-01,4.579588059637405451e+00,-1.999999642602567462e+00,2.366531172553009155e-01,-1.999998184326964079e+00,3.794165612239666641e-02,4.882968794701529447e+00
3.771933008549329713e+01,-2.380750785499994859e-01,5.688762655522390244e-01,4.486949349159861988e+00,-1.999999640914932986e+00,2.835983312764064346e-01,-1.999998366457999666e+00,3.502198589508322135e-02,4.798013848520806590e+00
3.787717488991119552e+01,-2.123873708721666920e-01,5.710010710649563448e-01,4.388905664301855580e+00,-1.999999768820662105e+00,3.073124338444341297e-01,-1.999998485026550865e+00,5.333553313679106900e-02,4.710403001060947226e+00
3.803501794845048067e+01,-1.877022367980261397e-01,5.731379308896787927e-01,4.282643522693487803e+00,-1.999999665764861323e+00,3.838896906040409340e-01,-1.999998547796817627e+00,4.478553440790963847e-02,4.618851180145487234e+00
3.819285850063162258e+01,-1.642275970400204621e-01,5.759327094228325894e-01,4.169630980629939643e+00,-1.999999823301318091e+00,4.081605336031866038e-01,-1.999998562702235860e+00,6.164551922843922172e-02,4.524575049334709220e+00
3.835069919423160201e+01,-1.419597923846540322e-01,5.791369613232579816e-01,4.048198372091496466e+00,-1.999999774721489931e+00,4.958730310880025138e-01,-1.999998516755640665e+00,6.877874823507125479e-02,4.426112908697706239e+00
3.850854007321307648e+01,-1.210190673686636353e-01,5.848733022871944742e-01,3.915980117187726872e+00,-1.999999822760161194e+00,5.682371125414942270e-01,-1.999998374345609786e+00,7.890976984417469309e-02,4.319704315904454361e+00
3.866638242883720977e+01,-1.012124971792811301e-01,5.933145508642277965e-01,3.772994286509164574e+00,-1.999999834871116544e+00,6.579707453153327279e-01,-1.999998037096666570e+00,9.413962871057249271e-02,4.204838254161792577e+00
3.882422067511659947e+01,-8.235101338963585205e-02,6.058369581397767822e-01,3.616315372694495434e+00,-1.999999838916524997e+00,7.710657795412896309e-01,-1.999997066423639058e+00,1.144048850048329236e-01,4.078319471842496213e+00
3.898206298985405738e+01,-6.412357885895646203e-02,6.240603404837227197e-01,3.441959933442072295e+00,-1.999999822176326214e+00,9.100040261478637982e-01,-1.999988615897623889e+00,9.990358552901218436e-02,3.936649533266533663e+00
3.913990446834989001e+01,-4.613722651507425748e-02,6.480366183958985449e-01,3.254564161848931825e+00,-1.999999898805103760e+00,1.000686917451791613e+00,1.999996037505658464e+00,6.839901788716636066e-02,3.784476501439902218e+00
3.929774418720808882e+01,-2.623791781855716598e-02,6.747658641267879620e-01,3.233849059450599306e+00,-1.999999941689188043e+00,1.006291349380741940e+00,1.999998435986299450e+00,6.792131159025402432e-02,3.764611104136123210e+00
3.945558651328734356e+01,-2.459598420060158004e-03,7.018420813625787513e-01,3.212748293629998919e+00,-1.999999944827203224e+00,1.016891390881315749e+00,1.999999051587767918e+00,7.153274954861099655e-02,3.743742015337194751e+00
3.961342727882070136e+01,2.524710971045293628e-02,7.296678492533331672e-01,3.189813238842443610e+00,-1.999999945606389051e+00,1.035074130222332967e+00,1.999999332701906107e+00,6.912240289907053969e-02,3.720585237846607995e+00
3.977126888224721313e+01,5.695457727209746884e-02,7.582142924999299982e-01,3.165898666898252944e+00,-1.999999931965650068e+00,1.039684640414466621e+00,1.999999494581068848e+00,8.059993247128990901e-02,3.695894310264025595e+00
3.992910852816475398e+01,9.276560365256782126e-02,7.876411245246869308e-01,3.138468522780891057e+00,-1.999999942662193497e+00,1.075853713825911440e+00,1.999999600207745365e+00,8.400716047082472382e-02,3.668026882903748120e+00
4.008694747790385549e+01,1.327221006400499947e-01,8.186995956068294777e-01,3.106876583098597155e+00,-1.999999922494648974e+00,1.098405829642807197e+00,1.999999674839827213e+00,9.447802116376152748e-02,3.636744671030890164e+00
4.024478829820817793e+01,1.769623070618523142e-01,8.509972288850227162e-01,3.070071239067013735e+00,-1.999999947937975087e+00,1.139623022163568589e+00,1.999999729641373181e+00,8.939018836641934862e-02,3.603572489668914969e+00
4.040262780474477466e+01,2.254527835696520377e-01,8.840142774433298323e-01,3.030089957819943169e+00,-1.999999817318984130e+00,1.154353637757466799e+00,1.999999771948993033e+00,1.057993641065125556e-01,3.574013829202574932e+00
4.056046869375885677e+01,2.780309269180319953e-01,9.169039224475401539e-01,2.982730499488892129e+00,-1.999999930887389477e+00,1.213880544859114119e+00,1.999999805228327876e+00,1.139005907466769801e-01,3.551917875266724423e+00
4.071830953737347869e+01,3.340966922399776773e-01,9.498195548364380958e-01,2.925602981279303183e+00,-1.999999944145583797e+00,1.266210642072999715e+00,1.999999830532742884e+00,1.073376587070554999e-01,3.542909305736735348e+00
4.087614577598557020e+01,3.928024676136928628e-01,9.801367035846202391e-01,2.862443901360882670e+00,-1.999999697676155153e+00,1.291932371164712157e+00,1.999999849990866219e+00,1.096936586404210906e-01,3.560519311878613369e+00
4.103398418101491529e+01,4.527491563606481639e-01,1.005321066992258539e+00,2.792754863249834241e+00,-1.999999902324160139e+00,1.329116981127920205e+00,1.999999864642274749e+00,1.067172020493526996e-01,3.614729303973862162e+00
4.119180438870476735e+01,5.120251272260394337e-01,1.023820842153279287e+00,2.717306756317123373e+00,-1.999999356945291629e+00,1.354471593676790153e+00,1.999999875290026097e+00,1.092294927261673043e-01,3.711939044525470965e+00
4.134957200271385602e+01,5.686519339882826207e-01,1.034041561794027508e+00,2.636702607707370305e+00,-1.999999965951723357e+00,1.381698488198857877e+00,1.999999882089931402e+00,9.033157262382514319e-02,3.854007391850585496e+00
4.150735191220245213e+01,6.208223359163106414e-01,1.034499609673672715e+00,2.557424694927441955e+00,-1.999999897085515288e+00,1.364988776641443025e+00,1.999999885660576959e+00,6.643021443793373226e-02,4.041564924516234392e+00
4.166512217822480579e+01,6.672220291013762905e-01,1.023416590518846592e+00,2.484910032007471514e+00,-1.999999908836243012e+00,1.314222426278196520e+00,1.999999887147924094e+00,3.554452347198661100e-02,4.271934390846790386e+00
4.182288239341202996e+01,7.069772867377072112e-01,1.000067606219477545e+00,2.423263773653480335e+00,-1.999645366769766897e+00,1.223924655923804394e+00,1.999999887431922696e+00,1.219216687945333041e-02,4.537958281944638017e+00
4.198063410362271242e+01,7.396776229204513609e-01,9.645691081979472781e-01,2.373047726514112554e+00,-1.999999757416942581e+00,1.122850598377165943e+00,1.999999887092434481e+00,-8.621888224617423047e-03,4.830264889951362051e+00
4.213837586130882329e+01,7.651848132870044950e-01,9.179793803919549244e-01,2.333483562884450357e+00,-1.999999699684198440e+00,1.009742045929141518e+00,1.999999886536999893e+00,-2.341462777508361570e-02,5.133411878989611488e+00
4.229612467833687361e+01,7.836132236994713951e-01,8.613480172595670004e-01,2.303225174453106039e+00,-1.999827294560968749e+00,8.978786125026074760e-01,1.999999886343352795e+00,-2.783030612302400328e-02,5.430154485471974546e+00
4.245384495039485273e+01,7.951567571297496473e-01,7.960636139281378476e-01,2.279709395815024298e+00,-1.999999474311589864e+00,8.057595244200032036e-01,1.999999887091489903e+00,-2.588394090595403513e-02,5.696002009675407152e+00
4.261155897139315840e+01,8.000000081993070555e-01,7.237482590807913230e-01,2.260389795444126104e+00,-1.999999971199539317e+00,7.369581210115445646e-01,1.999999886495908985e+00,-3.808125589855531484e-02,5.898273667329324788e+00
4.276926014939061105e+01,7.982696212553080928e-01,6.455817483458289319e-01,2.245643648290620131e+00,-1.999999996718259343e+00,6.647109030903034510e-01,1.999999884113619508e+00,-8.714734418935142501e-02,6.006851529514852572e+00
4.292695876219142548e+01,7.899272975880392567e-01,5.615229151744516312e-01,2.240089500477360218e+00,-1.998212439928978901e+00,5.246207089844746596e-01,1.999999883377981957e+00,-1.154477184981173576e-01,5.999543319818245735e+00
4.308464232237444236e+01,7.747044711591670740e-01,4.710832585058929434e-01,2.244365572431281652e+00,-1.987000346710272369e+00,3.494898185087801923e-01,1.999999885711305714e+00,-1.378501244883389709e-01,5.851794025350071315e+00
4.324232721686766467e+01,7.520129990456997371e-01,3.741011281408061495e-01,2.260192639802540704e+00,-1.960286388969320504e+00,1.430948767230823815e-01,1.999999891158560805e+00,-1.516700004745935026e-01,5.560189940082677751e+00
4.340004465082538587e+01,7.208784915312816954e-01,2.702078651309183233e-01,2.289575188239125314e+00,-1.910657982853580128e+00,-8.667129174118406998e-02,1.999999899330614728e+00,-1.540185467091734206e-01,5.139779868234043647e+00
4.355773031924393734e+01,6.798934298834352630e-01,1.588712000892069931e-01,2.334393823243730015e+00,-1.829337377955863930e+00,-3.230697252317722423e-01,1.999999909455907554e+00,-1.419675627799841244e-01,4.621824432442684483e+00
4.371541879338520431e+01,6.272085858384224277e-01,3.983829159687927307e-02,2.395243246196002040e+00,-1.707133477008729194e+00,-5.330190562118886088e-01,1.999999920452581570e+00,-1.132314879647686040e-01,4.050982083808255751e+00
4.387310885771271529e+01,5.606429374612021954e-01,-8.557988577650196826e-02,2.469227823054632953e+00,-1.538053098526126261e+00,-6.587973981536848767e-01,1.999999931015551624e+00,-6.794778875223717041e-02,3.482708571061887692e+00
4.403080930381167946e+01,4.780883994479245280e-01,-2.119230070502731156e-01,2.547613966981849831e+00,-1.327809868412161975e+00,-6.212903011874202353e-01,1.999999939829465889e+00,-1.178144157825968680e-02,2.975167638289879068e+00
4.418854864820590933e+01,3.783719818352789810e-01,-3.265922978150469502e-01,2.617516476291835925e+00,-1.104763941128886318e+00,-3.632030647508548427e-01,1.999999945854587846e+00,4.197881335902246130e-02,2.574296995155662238e+00
4.434627178253688129e+01,2.624605312492983566e-01,-4.111135852365545573e-01,2.671593129681437695e+00,-9.161785451738387875e-01,6.325648271001081679e-02,1.999999948342639389e+00,7.696355189300786714e-02,2.304445432511202263e+00
4.450400056463234222e+01,1.345907426279695229e-01,-4.515028746692774098e-01,2.716632234444108729e+00,-7.999609417334504480e-01,4.881556791185678312e-01,1.999999946604468670e+00,8.481947096126593588e-02,2.170586013495641620e+00
4.466177317375165501e+01,2.152170042219831055e-03,-4.492703050425616573e-01,2.767240322953835374e+00,-7.542506358675951095e-01,7.469637924849540367e-01,1.999999939870130694e+00,7.214728126013264520e-02,2.165725622571327946e+00
4.481963137675244724e+01,-1.262521022154839967e-01,-4.188054664678555472e-01,2.834209943902611162e+00,-7.513246933764928803e-01,8.111309165479784200e-01,1.999999927485910378e+00,5.228555048998556609e-02,2.273131938872082980e+00
4.497745050443763404e+01,-2.439493713211149661e-01,-3.747143322017648104e-01,2.919757212757272846e+00,-7.602234803829366339e-01,7.414938406211403210e-01,1.999999908982395658e+00,3.405395125893435210e-02,2.472079487177735846e+00
4.513527520258060122e+01,-3.473403975674694832e-01,-3.259746057277008169e-01,3.020100689453414589e+00,-7.692927030674227007e-01,6.231467670339890796e-01,1.999999884351525203e+00,1.914774689960819370e-02,2.734225279797381170e+00
4.529311812007650673e+01,-4.359655822459811425e-01,-2.764469120480706477e-01,3.128979018412019641e+00,-7.734004968714616179e-01,4.931718554445308489e-01,1.999999853901661018e+00,9.001678071768276154e-03,3.029315666880368685e+00
4.545094584046407959e+01,-5.109795583701874921e-01,-2.279724250271200903e-01,3.240937752227786905e+00,-7.757148514638061432e-01,3.780117367778255133e-01,1.999999818138460839e+00,5.434865270001002988e-03,3.326759797177406774e+00
4.560877041567641044e+01,-5.743159406045531545e-01,-1.810885363578192131e-01,3.351888431539409297e+00,-7.749603293318231279e-01,2.917014393379046555e-01,1.999999777143840474e+00,1.178053557907940072e-02,3.605643345016116719e+00
4.576659394116039437e+01,-6.276741990907530599e-01,-1.354377934573717801e-01,3.458919298915664964e+00,-7.746252504308842601e-01,2.602596021389625980e-01,1.999999730347325810e+00,2.956876999887752058e-02,3.853453743695702371e+00
4.592441806658266756e+01,-6.724402417991945935e-01,-8.956478540397305732e-02,3.559439623542395292e+00,-7.791336426911308344e-01,3.024631083637532858e-01,1.999999676412626437e+00,5.845909792403318483e-02,4.062784093323604573e+00
4.608223975709955056e+01,-7.096144883216809474e-01,-4.151871607184909330e-02,3.650810543692695198e+00,-7.948674758857997569e-01,4.295224657506465649e-01,1.999999613213397254e+00,9.534217884705561974e-02,4.224383489280638670e+00
4.624006351811807036e+01,-7.399315191718590645e-01,1.055387458134130797e-02,3.730086272742207942e+00,-8.283581399107654564e-01,6.377236908466156207e-01,1.999999536683047419e+00,1.347616145953823286e-01,4.328513094617836288e+00
4.639789873615238491e+01,-7.639117718400839641e-01,6.796069235393238650e-02,3.794020835861169783e+00,-8.864751958584525804e-01,9.085024464543219880e-01,1.999999437008397107e+00,1.699661265548037259e-01,4.376062884892902183e+00
4.655572939129375953e+01,-7.818884263837506676e-01,1.314927418571464612e-01,3.839293798795353929e+00,-9.735469304181898487e-01,1.208976739907723141e+00,1.999999290031936772e+00,1.943688464237518232e-01,4.387085819265108100e+00
4.671355895641993783e+01,-7.939583346808349873e-01,2.015502198166303216e-01,3.863356353635325480e+00,-1.090003280761868032e+00,1.499159434404673030e+00,1.999999034724392777e+00,2.008952204150691867e-01,4.394491397801825627e+00
4.687139634013716716e+01,-8.000000048816369169e-01,2.780141877432222297e-01,3.866171859928610566e+00,-1.234477146525038371e+00,1.738824954588354732e+00,1.999998578091088275e+00,2.010027457648178861e-01,4.431904695094087465e+00
4.702923202947480519e+01,-7.998294172427280468e-01,3.607301031743710418e-01,3.848543185857856486e+00,-1.398501151907044493e+00,1.923356269401101049e+00,1.999997780352244181e+00,1.907678354828177270e-01,4.519345521249974240e+00
4.718707987257567993e+01,-7.931906068695288026e-01,4.495305921850927811e-01,3.814371417511142948e+00,-1.572749186429740709e+00,2.043017769629203340e+00,1.999996181922211846e+00,1.255115368727381109e-01,4.655519564053584247e+00
