0.000000000000000000e+00,-7.734271732341772010e-01,6.295515283444748089e-01,3.522360805122068506e+00,-1.980255654774773832e+00,7.110004014585443732e-01,1.999907273773489091e+00,-4.667022751003990777e-02,4.664326783564227696e+00
1.578398441577653633e-01,-7.521712449674449186e-01,6.784354237380796349e-01,3.576594473430839027e+00,-1.999999252940721117e+00,4.792034757497400377e-01,-1.999955128620637845e+00,4.522117688265219621e-02,4.800287222931643782e+00
3.156732289512507172e-01,-7.249807247050789050e-01,7.286234723404210190e-01,3.497602948558079294e+00,-1.999998477741657954e+00,5.152939230424904427e-01,-1.999979075792872818e+00,5.150175693676803390e-02,4.710524859601340708e+00
4.735007700749602755e-01,-6.919566867370949836e-01,7.829103630071601039e-01,3.414628274421148912e+00,-1.999998835152243748e+00,5.623926723926265803e-01,-1.999984573646042652e+00,7.259324247172614653e-02,4.517983934823403658e+00
6.313359408601937339e-01,-6.519830828256628630e-01,8.396597463963006991e-01,3.319366148235645575e+00,-1.999999075233017898e+00,6.506411733885654192e-01,-1.999985603520723521e+00,1.027726309887504880e-01,4.242133119963316545e+00
7.891656251032345137e-01,-6.040649748267452601e-01,8.984394092321299485e-01,3.200909548387252723e+00,-1.999999079432397409e+00,7.951870986106596151e-01,-1.999980606440926678e+00,8.281460565719189759e-02,3.917261561833717209e+00
9.470004133077283281e-01,-5.475289369420730523e-01,9.576271505159351660e-01,3.058759510739571308e+00,-1.999999525251156207e+00,8.746791472150858837e-01,1.776164684096070756e+00,7.363455618720808615e-02,3.585084567576355852e+00
1.104840621716450366e+00,-4.800430228949080780e-01,1.013676047255605228e+00,3.064847155809259593e+00,-1.999999750256698849e+00,9.179497312886575333e-01,1.999988794852982643e+00,7.649147029875946746e-02,3.368973594384549575e+00
1.262681461522275228e+00,-3.996120375749054321e-01,1.064199536292431025e+00,3.068031390614201381e+00,-1.999999791947085770e+00,9.640589333088115387e-01,1.999995462166540339e+00,7.222484829455982913e-02,3.185075371380587939e+00
1.420518228414948236e+00,-3.071754914319537733e-01,1.107634619867472026e+00,3.057107762979108578e+00,-1.999999801516105347e+00,9.907867006098360907e-01,1.999997484047972840e+00,7.288063804937985890e-02,3.044033729715499348e+00
1.578359492907691175e+00,-2.051669369286423794e-01,1.142251365507701788e+00,3.030510328411343490e+00,-1.999999812553415968e+00,1.013226324470150708e+00,1.999998382184407175e+00,7.112494277610277582e-02,2.958974131237523952e+00
1.736119677055532495e+00,-9.749990313700916678e-02,1.166706242347354427e+00,2.989215923040364764e+00,-1.999999802649867542e+00,1.024240095331554024e+00,1.999998852394652804e+00,7.857133612679126355e-02,2.937261111248901546e+00
1.893929269320524078e+00,1.112361088953503843e-02,1.181014012598932350e+00,2.933321365174937245e+00,-1.999999827236035976e+00,1.053672384103208959e+00,1.999999122294037646e+00,7.249080468900273577e-02,2.975492217827235386e+00
2.051709477387540836e+00,1.162788292294757442e-01,1.185614653747332881e+00,2.869173762546297191e+00,-1.999999799013733925e+00,1.056541101294799612e+00,1.999999287544757864e+00,6.799998382959303311e-02,3.064761354632992596e+00
2.209509697694257646e+00,2.148208394565782609e-01,1.180923068286990452e+00,2.802773029264295612e+00,-1.999999796055340617e+00,1.044170276971810862e+00,1.999999394978631662e+00,6.549855168624518775e-02,3.192358655700912706e+00
2.367281937511195533e+00,3.049582090897612341e-01,1.168368815444451814e+00,2.738039617485402033e+00,-1.999999810734699901e+00,1.026586644677271787e+00,1.999999468367931632e+00,5.832400873671605979e-02,3.342984290034697104e+00
2.525053648535680040e+00,3.860859590710009059e-01,1.149359049963897705e+00,2.678512096319846769e+00,-1.999999758653423276e+00,9.935399372092079684e-01,1.999999521424528082e+00,5.669084193549239759e-02,3.504925888455274308e+00
2.682826593173742058e+00,4.583386380590457887e-01,1.125176931836366689e+00,2.624649630577530424e+00,-1.999999815591985808e+00,9.634052034820083099e-01,1.999999561294423245e+00,4.942962424390385384e-02,3.669817803718022464e+00
2.840598310788523317e+00,5.221419701108905853e-01,1.096746428212571400e+00,2.577515041927824768e+00,-1.999999718655196546e+00,9.221956667322919188e-01,1.999999592547886840e+00,4.900677423961696810e-02,3.832999829884219167e+00
2.998365782695653792e+00,5.780470829336175065e-01,1.064767000057009971e+00,2.535978738464046423e+00,-1.999999823447167202e+00,8.884113524322916344e-01,1.999999617804197216e+00,4.181952889587607636e-02,3.989805139752848451e+00
3.156136732688610280e+00,6.265838979901947603e-01,1.029771691202500561e+00,2.500462225166730779e+00,-1.999999783336740444e+00,8.454016098331569307e-01,1.999999638737045116e+00,3.384123098798261925e-02,4.136555949966630230e+00
3.313922521897811890e+00,6.682785564511800613e-01,9.918897605237941839e-01,2.471222080119682918e+00,-1.999999442411305006e+00,7.937159812644685175e-01,1.999999657530532549e+00,3.883536319740280712e-02,4.270317691566767770e+00
3.471693240198370223e+00,7.035888800239977758e-01,9.517817309486060751e-01,2.445898169329033589e+00,-1.999999662585809856e+00,7.620093191957346690e-01,1.999999675256177945e+00,4.826539205366679741e-02,4.385897957210856291e+00
3.629467839254204797e+00,7.328965978753292365e-01,9.106343078951515402e-01,2.422107512502773119e+00,-1.999999880383034112e+00,7.539707075817924098e-01,1.999999691439567462e+00,4.254203646447175802e-02,4.478526009751528036e+00
3.787241177560768168e+00,7.565582960679427815e-01,8.689643464680892881e-01,2.400857984253023325e+00,-1.999703060462066473e+00,7.357611776849860563e-01,1.999999707100541757e+00,5.250725121017190550e-02,4.548975505378579420e+00
3.945015394690555510e+00,7.749100606662562285e-01,8.271365092454737722e-01,2.379873743437661116e+00,-1.999999803049696823e+00,7.390297215998434810e-01,1.999999722520495293e+00,5.623870982081798781e-02,4.598337787830176104e+00
4.102807214907126188e+00,7.881493466366975564e-01,7.856888288262623421e-01,2.358718613932244690e+00,-1.999999323091372183e+00,7.480631835547545405e-01,1.999999737564283731e+00,6.588472923777671797e-02,4.627254139078241124e+00
4.260585671994953749e+00,7.964689656519735594e-01,7.449560415346625497e-01,2.335877526712315078e+00,-1.999999921556665505e+00,7.723376562729257211e-01,1.999999751547679505e+00,5.353434080518723603e-02,4.635188113174482538e+00
4.418364913718290765e+00,8.000000041256540850e-01,7.047215017608624565e-01,2.313982569520781851e+00,-1.999999909452434999e+00,7.717844210492198487e-01,1.999999759258352272e+00,2.307068619349044586e-02,4.622625646647381181e+00
4.576147343322695349e+00,7.988581140058141905e-01,6.636209891025770524e-01,2.297558421944307483e+00,-1.996844640649929392e+00,7.154561243104092805e-01,1.999999762275069148e+00,-1.452430164469290831e-03,4.586133817950157621e+00
4.733928721278660490e+00,7.931491774212025003e-01,6.201908128370159368e-01,2.289200944223402256e+00,-1.985895716519812781e+00,6.179094632315502711e-01,1.999999766443934179e+00,-2.207389280342000534e-02,4.517758731982302933e+00
4.891682709510733140e+00,7.829449328337989567e-01,5.735781798703776246e-01,2.291257548860594628e+00,-1.963594651848616701e+00,4.884128787444095288e-01,1.999999771963909545e+00,-3.696516916406403230e-02,4.413541635303188215e+00
5.049455387880246171e+00,7.682975125234217106e-01,5.234225188260366313e-01,2.305461334144436769e+00,-1.926825930717418700e+00,3.395415185517733359e-01,1.999999778691977204e+00,-4.476852994564945593e-02,4.276168927244303752e+00
5.207254444022550999e+00,7.492719245445006448e-01,4.698343731719201721e-01,2.332647796424260456e+00,-1.873289055155582750e+00,1.873041844724489258e-01,1.999999786122602430e+00,-4.483383625254831056e-02,4.115450557603876014e+00
5.365044117906551335e+00,7.259907647671369757e-01,4.134051020649995301e-01,2.372371847719603632e+00,-1.802171016983048935e+00,5.056228588079723224e-02,1.999999793556216154e+00,-3.743361437366927308e-02,3.945332648092039207e+00
5.522840649826602721e+00,6.986712132434786948e-01,3.552833116753493226e-01,2.422607548643188835e+00,-1.714944815654735111e+00,-5.109734502295085190e-02,1.999999800333365441e+00,-2.387783644395542054e-02,3.779586849389697356e+00
5.680641818473985971e+00,6.676326197481573521e-01,2.972451508167101575e-01,2.479845897509733721e+00,-1.615903767548649617e+00,-1.014307755731348876e-01,1.999999806002286329e+00,-6.421610306078464996e-03,3.628566866510717581e+00
5.838445955779847374e+00,6.332690166523543551e-01,2.416092883691361715e-01,2.539795310721252086e+00,-1.511924954276254507e+00,-9.258088665750806301e-02,1.999999810363450647e+00,1.210754996068905825e-02,3.498045915257218752e+00
5.996258817961015453e+00,5.960040710314608026e-01,1.908953123198498802e-01,2.598497430179559586e+00,-1.410081308317300941e+00,-2.825807702240322461e-02,1.999999813419907513e+00,2.894419833317678561e-02,3.389572759800178137e+00
6.154077893517587938e+00,5.563036921099842047e-01,1.473077510531005663e-01,2.653288328801467699e+00,-1.317316355061492805e+00,7.622577847173643562e-02,1.999999815237947898e+00,4.158182543381519491e-02,3.302544864144906445e+00
6.311904830467372385e+00,5.146520247106285417e-01,1.121900899907443960e-01,2.703282466607277001e+00,-1.241200883497550311e+00,1.957508040161979879e-01,1.999999815853742202e+00,4.826954594549859312e-02,3.235692005795767212e+00
6.469725159625647315e+00,4.714180966112643256e-01,8.559576656983777787e-02,2.749291683746518000e+00,-1.182423391306890892e+00,3.057245055680496426e-01,1.999999815290258942e+00,4.951169728793736180e-02,3.186625334004691279e+00
6.627547880113612955e+00,4.269927801732910089e-01,6.647522059619369317e-02,2.792977005842234295e+00,-1.139666017377841234e+00,3.882763639611691020e-01,1.999999813511489144e+00,4.673012780859451404e-02,3.153178969329300418e+00
6.785377436475526380e+00,3.817267937248041698e-01,5.306822499763021173e-02,2.836225325408736619e+00,-1.107137123802450329e+00,4.377704743178470470e-01,1.999999810469238026e+00,4.207169797979597864e-02,3.133099307746202378e+00
6.943207810967632732e+00,3.360275400973678495e-01,4.353822983960328741e-02,2.880589472067914603e+00,-1.081785236229860336e+00,4.552283313040404455e-01,1.999999806104654443e+00,3.667487694061537240e-02,3.124612209899491511e+00
7.101042299022537918e+00,2.901997941396690095e-01,3.620282829906855404e-02,2.927249606650015323e+00,-1.060640706063635808e+00,4.467354798395797855e-01,1.999999800377606274e+00,3.155750581671692978e-02,3.126039118127831085e+00
7.258876298019341533e+00,2.444463399350408628e-01,2.976420932153231794e-02,2.976890000105666179e+00,-1.041466184517829463e+00,4.214665154431169181e-01,1.999999793262585701e+00,2.751079976858692919e-02,3.135846583678719490e+00
7.416713222380853843e+00,1.988768029075358990e-01,2.342883653379060696e-02,3.029653920019566904e+00,-1.021062761321082979e+00,3.912792367373608693e-01,1.999999784740249975e+00,2.495615594281696062e-02,3.152604554925862335e+00
7.574545562948100219e+00,1.536190452571969955e-01,1.697686416398957315e-02,3.085173045900690969e+00,-1.001818395226979685e+00,3.606219726557526317e-01,1.999999774774485983e+00,2.323017247830993712e-02,3.175251055990686133e+00
7.732380267658629514e+00,1.086360180000553177e-01,1.033395355644406780e-02,3.142999821034239361e+00,-9.801635765040365156e-01,3.380925830219113082e-01,1.999999763315288615e+00,2.233635742471881333e-02,3.202682485443777871e+00
7.890221187521259338e+00,6.403087090868196662e-02,3.795678353864547286e-03,3.202454525280141961e+00,-9.630423220405428530e-01,3.160118683526286221e-01,1.999999750274522592e+00,2.079923267993109143e-02,3.234208081927092415e+00
8.048057892213485331e+00,1.961214667865420966e-02,-2.792211494223157797e-03,3.263342562615099585e+00,-9.450080963622164987e-01,3.000488143316209499e-01,1.999999735536060808e+00,1.964980794267805891e-02,3.268981517130313375e+00
8.205895025926608355e+00,-2.458725069466043481e-02,-9.238681217724666744e-03,3.325201264839649617e+00,-9.310458091193389851e-01,2.829788922932682804e-01,1.999999718941642524e+00,1.797622751626214155e-02,3.306425251501518670e+00
8.363735305195326930e+00,-6.874211362149112992e-02,-1.572392177757294882e-02,3.387945190173842658e+00,-9.165795405016377018e-01,2.694948710693887972e-01,1.999999700282732995e+00,1.668036707147129913e-02,3.345965785064610731e+00
8.521576089830388057e+00,-1.128478075978270184e-01,-2.214157347746449969e-02,3.451263404014227820e+00,-9.040796667638834050e-01,2.554135707399200483e-01,1.999999679297341348e+00,1.499805874483286713e-02,3.387157171596182348e+00
8.679417451247477544e+00,-1.570007169691607918e-01,-2.861664517346471440e-02,3.515102345460560773e+00,-8.951657286468114316e-01,2.367535400376412913e-01,1.999999655657481945e+00,1.336688989356170018e-02,3.429555528437741696e+00
8.837259335114033831e+00,-2.013869422381417140e-01,-3.537002857668027772e-02,3.579481764273615418e+00,-8.874517468697403766e-01,2.187215897513982432e-01,1.999999628931645068e+00,1.318961995768562316e-02,3.472858540705541230e+00
8.995096956256858789e+00,-2.461141652558495319e-01,-4.226145776050936609e-02,3.644112700735386845e+00,-8.777457588909187702e-01,2.114719608333378298e-01,1.999999598516978505e+00,1.472036792365026027e-02,3.517221994741426716e+00
9.152936507953931766e+00,-2.911195257660127989e-01,-4.869075971330125152e-02,3.708450573248276427e+00,-8.724537404434080656e-01,2.092223040018302560e-01,1.999999563566065897e+00,1.657740230113753307e-02,3.563390137097929511e+00
9.310778981885945882e+00,-3.364979716681610333e-01,-5.429586377916462148e-02,3.772406516473194582e+00,-8.706834664109139865e-01,2.149397480630220181e-01,1.999999522741557234e+00,1.898550323946015389e-02,3.613744337176747479e+00
9.468622264040330805e+00,-3.821889197507273850e-01,-5.838394014365533985e-02,3.835965531029758679e+00,-8.735645181577330609e-01,2.287550462577471466e-01,1.999999474014125367e+00,2.116163440843899651e-02,3.672703898622970531e+00
9.626463299027795628e+00,-4.279814753053287069e-01,-6.006700162311878755e-02,3.899421676038127504e+00,-8.826821254783846493e-01,2.470285894485914902e-01,1.999999414442899859e+00,2.193182634712458404e-02,3.746722508193260026e+00
9.784304555741982767e+00,-4.734839210261975184e-01,-5.844203299858255485e-02,3.963481238745641289e+00,-8.936890287931175125e-01,2.704718543138546205e-01,1.999999340009456894e+00,1.966319029495476253e-02,3.843637916289831313e+00
9.942150251549977114e+00,-5.179021748023416860e-01,-5.257666783053750736e-02,4.029067167032324370e+00,-9.072781764686926875e-01,2.833630405878285186e-01,1.999999245777317469e+00,1.056168868509204523e-02,3.970145911468895061e+00
1.009999350767617088e+01,-5.603251603088750254e-01,-4.242796192884123324e-02,4.097756230010228151e+00,-9.304151557530435657e-01,2.496330618863022432e-01,1.999999126204627053e+00,-8.039480840353043986e-03,4.128989355188925181e+00
1.025783606785904745e+01,-6.001952693300035557e-01,-2.954137542626127794e-02,4.171858965717745171e+00,-9.410079508090828382e-01,1.753201201467369796e-01,1.999998975306231275e+00,-3.488381584441754141e-02,4.318122640305764648e+00
1.041566426524147460e+01,-6.365582064165188347e-01,-1.538757545758609978e-02,4.252642009782373833e+00,-9.501466963452567249e-01,1.514304097049617125e-02,1.999998787190640614e+00,-7.217595755813178970e-02,4.527528385771095287e+00
1.057350347943974711e+01,-6.693209644747603049e-01,-3.252001042851896968e-03,4.341827756298465957e+00,-9.270013491694589769e-01,-2.081770985772382621e-01,1.999998554849201859e+00,-1.149820269748852292e-01,4.743673191642596265e+00
1.073133706317985769e+01,-6.980212994553709471e-01,4.477439029111068315e-03,4.438851389226365463e+00,-8.898241635512745829e-01,-5.424395605309410007e-01,1.999998267710215494e+00,-1.620850270850529296e-01,4.951575712247460181e+00
1.088916931738454252e+01,-7.232535006525320220e-01,4.055429760071374047e-03,4.543335199138716085e+00,-8.051527143568140144e-01,-9.360233471676924211e-01,1.999997906234081135e+00,-2.020413704077144157e-01,5.141736702507676782e+00
1.104700447191966362e+01,-7.451045500466623173e-01,-6.066558168739995607e-03,4.651383616243075281e+00,-6.626485451542751814e-01,-1.347097557916569377e+00,1.999997432889514259e+00,-2.302283233409211649e-01,5.310754117835718269e+00
1.120483906410020936e+01,-7.635907193108019131e-01,-2.598534008663119788e-02,4.756772738119190436e+00,-4.441496921044622570e-01,-1.741924236784482938e+00,1.999996774518797427e+00,-2.449668613204845080e-01,5.461844682189284761e+00
1.136267225895295852e+01,-7.782424281447415382e-01,-5.470623319768538884e-02,4.851081322098227844e+00,-1.714315035500972584e-01,-2.098575904561815975e+00,1.999995783023543749e+00,-2.499336052420703946e-01,5.599557621847369937e+00
1.152050649146960382e+01,-7.890864914593986867e-01,-9.072606745094075054e-02,4.926657092447224606e+00,1.385971899025370546e-01,-2.407783382733091226e+00,1.999994122214985515e+00,-2.448220299729203242e-01,5.727896028309904963e+00
1.167833735174868970e+01,-7.963838500359197159e-01,-1.322891025769364348e-01,4.977723815661482476e+00,4.904885242924846289e-01,-2.647415247967617624e+00,1.999990839872619608e+00,-2.262287895037835839e-01,5.850987613096713780e+00
1.183617038070603300e+01,-7.999999748905934904e-01,-1.770696116997093894e-01,4.999998567005369488e+00,8.614529653565121681e-01,-2.830454388621495454e+00,1.999985817384322351e+00,-1.084246589682568429e-01,5.965658165232749610e+00
1.199400248571754801e+01,-7.999316909696942979e-01,-2.206136923319404197e-01,4.999999534683888136e+00,1.251114668157469634e+00,-2.713134681843655471e+00,1.999985066107273335e+00,1.115591840682745584e-01,6.077276063074881662e+00
1.215182945968079054e+01,-7.955592026734807920e-01,-2.523477117346893950e-01,4.992637131324138444e+00,1.607094240370968929e+00,-2.092034391286694994e+00,1.999939211419127227e+00,3.922952333796216329e-01,6.174741387240088919e+00
1.230965758393391951e+01,-7.862516179697555119e-01,-2.593303731146122115e-01,4.999999226691110188e+00,1.881149506183643183e+00,-8.579995612165499663e-01,-2.824567100001058040e-01,3.964588176056617064e-01,6.235770736007416382e+00
1.246748573893937007e+01,-7.711498563944825246e-01,-2.372516891698863151e-01,4.999999509152242005e+00,1.999998809232573338e+00,2.141840149890835154e-01,-1.338251718897676357e+00,1.368454558758782670e-02,6.178981364825466116e+00
1.262531513582266918e+01,-7.505355563409972230e-01,-2.034131838599533559e-01,4.999999521077512554e+00,1.999998615559841042e+00,1.981272550727212756e-01,-1.231372006892388571e+00,1.547465571828928778e-02,6.030718865773120108e+00
1.278314656896915480e+01,-7.248927482726201799e-01,-1.724605804800007081e-01,4.999999538078157002e+00,1.999998666665173674e+00,1.911571408184247756e-01,-9.040129953129859564e-01,-3.093552820550701452e-02,5.850585235290860275e+00
1.294097618752468470e+01,-6.944271587894069730e-01,-1.468130083596200508e-01,4.999999556348926788e+00,1.999998697692086269e+00,8.320527198844335226e-02,-1.369618665664937618e+00,1.884243489863891841e-01,5.661930237531838550e+00
1.309881001642328791e+01,-6.591404257874424744e-01,-1.203743196052784736e-01,4.999999574419285331e+00,1.999998719221018018e+00,5.641564704222644666e-01,-7.621110362641722036e-01,-1.388921749370277958e-01,5.477811193141515211e+00
1.325665828207898045e+01,-6.196872915558941930e-01,-9.745416372013800121e-02,4.999998187733379673e+00,1.954836317946877733e+00,1.881200069444451950e-01,-1.999979753406855298e+00,5.235737325289555599e-01,5.316102097691442374e+00
1.341450212660527619e+01,-5.757139634796859529e-01,-6.196298380545003925e-02,4.988316147224796993e+00,1.911986693171344509e+00,1.657691489339982116e+00,-1.999991687713053024e+00,-5.235967705173534270e-01,5.155000338123031156e+00
1.357234801495493137e+01,-5.278777396674693145e-01,-2.204390220478925910e-02,4.939131662421489821e+00,1.710508518230397845e+00,7.014522396044969854e-01,-1.999994986975332845e+00,5.235956931837166817e-01,4.975336638401091527e+00
1.373019021600012124e+01,-4.768643952197666458e-01,2.484424998079012847e-02,4.934510909154495195e+00,1.573355140584231648e+00,2.165110970854122741e+00,-1.999996502589584280e+00,5.235973725615754581e-01,4.863384293120439850e+00
1.388803479915067740e+01,-4.216412400981964792e-01,1.152676373445017666e-01,4.974678797358091487e+00,1.206890204884469409e+00,3.395284979298799133e+00,-1.999997340811761504e+00,5.235980983087596963e-01,4.761379502782067341e+00
1.404588209699039858e+01,-3.624606742544405624e-01,2.438215293103351000e-01,4.999999975243794026e+00,6.498413881033689998e-01,4.367548518791302570e+00,-3.132963258860075872e-01,5.235955160846093026e-01,4.654215976087491491e+00
1.420372758606998786e+01,-2.992451767936954998e-01,4.030677785443604333e-01,4.999999985674722147e+00,-5.743862932274015204e-02,5.058079352819725649e+00,1.999997874825966138e+00,5.566249096741092417e-02,4.586312817685961107e+00
1.436157186520450324e+01,-2.330993070366852715e-01,5.589977929477764063e-01,4.993312617485937466e+00,-7.782957278681672530e-01,4.284113743149189801e+00,1.999997512539831046e+00,-9.513625402856457081e-02,4.617062563041272938e+00
1.451941480371977100e+01,-1.642002553805494702e-01,6.819534271846006135e-01,4.921262174496767727e+00,-1.358779195710666521e+00,3.165573443215929483e+00,1.999997021847277789e+00,-2.072370159474595519e-01,4.655088659023051356e+00
1.467725981667522639e+01,-9.356118045293908281e-02,7.637308795157681240e-01,4.852708486572204549e+00,-1.736907362412728251e+00,1.955653568542261356e+00,1.999996350727826666e+00,-2.458971096190916694e-01,4.691879670600101804e+00
1.483510419219275711e+01,-2.142043257629032763e-02,8.054908073138485891e-01,4.833086451443939779e+00,-1.931619882970583735e+00,8.711517635474163024e-01,1.999995340913344410e+00,-1.631602066993489697e-01,4.737129709299304103e+00
1.499294903194657458e+01,5.182390388390881175e-02,8.174819446823813340e-01,4.863849078631690581e+00,-1.999997845107147176e+00,2.422649956723874065e-01,1.999993601342899607e+00,6.714955557875947577e-03,4.798887484068217191e+00
1.515079552526056084e+01,1.253746133846824762e-01,8.170503809994528188e-01,4.905998779392838571e+00,-1.999999326944738920e+00,2.511301564898009153e-01,1.999990036455052023e+00,-1.783507093065843374e-02,4.857465290554027426e+00
1.530863941851100662e+01,1.985555444218454479e-01,8.130155976498251169e-01,4.947947496660769495e+00,-1.999949140091747068e+00,2.105902963720198140e-01,1.999979161470877509e+00,-2.386356255933934356e-02,4.941025244039737530e+00
1.546648138364089142e+01,2.703877832811130699e-01,8.040942772254510151e-01,4.988902508426265037e+00,-1.999998315252883963e+00,1.514640228649252740e-01,1.046910697106350208e+00,-3.314336044682945209e-02,5.055345411671377853e+00
1.562431973508963345e+01,3.394701558235014294e-01,7.892625408434065237e-01,4.999999355885467622e+00,-1.999998505667161641e+00,6.140561687662816903e-02,6.964770722956337146e-01,-2.166990053761701229e-02,5.180393318330293262e+00
1.578214310980001045e+01,4.044156566499888528e-01,7.686177087925021301e-01,4.999999328313565528e+00,-1.999999215702330302e+00,2.487739581561154798e-03,7.895960800654152623e-01,4.016518173816858756e-04,5.321817613818971004e+00
1.593997106120957774e+01,4.642833842920424114e-01,7.438957045732047524e-01,4.999999295070086447e+00,-1.999999110207963726e+00,5.859334512205630237e-03,8.726403558395179338e-01,-7.631926724689522615e-04,5.473213407617405046e+00
1.609780420846664839e+01,5.186681519442190025e-01,7.166269982827053742e-01,4.999999260921112132e+00,-1.999999133479240632e+00,9.302288555622250169e-03,7.981844188765266912e-01,-3.328725287860637150e-02,5.619512573820625967e+00
1.625563363660890204e+01,5.675425581428978905e-01,6.866015719432201347e-01,4.999999241231749103e+00,-1.999999127806355803e+00,-6.705986373661222688e-02,7.515316971720399364e-01,-1.646433963330303299e-02,5.749932727466618765e+00
1.641346420708794795e+01,6.110549877090030169e-01,6.544752823207029557e-01,4.999999219563883379e+00,-1.999999132657613643e+00,-9.843231199788483876e-02,7.927522716223830423e-01,8.907848457070488557e-03,5.854033858662171852e+00
1.657129241472300407e+01,6.493913224225286163e-01,6.226049194975448176e-01,4.999999188314784959e+00,-1.999999139992210129e+00,-6.661252476707082981e-02,8.048359941607314827e-01,5.942476839904681750e-03,5.922389828422904401e+00
1.672912063245719949e+01,6.829618159465669081e-01,5.925256791559527780e-01,4.999999183611516074e+00,-1.999999135246742332e+00,-4.033053184636157390e-02,-1.151935698902696315e+00,-1.546358183067143288e-01,5.952813397618171187e+00
1.688695025496055635e+01,7.118513718065829776e-01,5.594729199064053526e-01,4.963712428393820097e+00,-1.999998892513094484e+00,-4.189323974446589882e-01,-1.999969300281930318e+00,5.235912768975957698e-01,5.921032437518279679e+00
1.704478292046537291e+01,7.362240151466219462e-01,5.327620387872806784e-01,4.845544564716721680e+00,-1.969584720893863050e+00,2.524501747946469310e-01,-1.999983953428966510e+00,-2.304160269168806230e-01,5.763849980532316231e+00
1.720262938423008592e+01,7.562127130971975086e-01,5.087426936411281186e-01,4.780747889936111328e+00,-1.999999139392664826e+00,-3.837047180448343586e-01,-1.999989548268542361e+00,5.235962325031660036e-01,5.679316310961570302e+00
1.736046998658444451e+01,7.721932659146973910e-01,4.880251061906747956e-01,4.659757900875197478e+00,-1.968708197264776638e+00,2.960283432547838323e-01,-1.999992032002162468e+00,-1.954734256818494442e-01,5.505579118417173845e+00
1.751831324383365285e+01,7.845400508873540124e-01,4.708514037598103275e-01,4.592464152248481923e+00,-1.999998399185445752e+00,-2.668085149464654582e-01,-1.999993654130179266e+00,5.235972299165122523e-01,5.421237371462681587e+00
1.767615416437362796e+01,7.935069601372409798e-01,4.573969248065971049e-01,4.462381633216798704e+00,-1.976617203827552016e+00,4.126082753202369169e-01,-1.999994660435403526e+00,-4.873225199405283314e-01,5.257473934256496229e+00
1.783399548897952513e+01,7.986272216129226553e-01,4.327038507143805002e-01,4.403946246366955641e+00,-1.999999719638992701e+00,-1.047269014045127733e+00,-1.999995771189962523e+00,5.235977440752280776e-01,5.193983894589344175e+00
1.799183935235225462e+01,7.999995823791781202e-01,3.986407194243994923e-01,4.312365878845360712e+00,-1.875895123332284919e+00,-2.664673157018960792e-01,-1.999996405971413260e+00,5.235979058211107651e-01,5.035934442002554690e+00
1.814968180758339855e+01,7.988677497962745067e-01,3.888239929377561022e-01,4.173895833538074918e+00,-1.849169289746949163e+00,4.666506698412092313e-01,-1.999996621901450444e+00,5.235979575055281776e-01,4.877334679190889588e+00
1.830752232617233233e+01,7.954366255101000815e-01,4.024766753095661009e-01,3.989661744184515246e+00,-1.907543643217862961e+00,1.115357507374541424e+00,-1.999996628225799267e+00,-4.250258239516410130e-01,4.714324648360632253e+00
1.846536496035796659e+01,7.886646150145748546e-01,4.012078544241281519e-01,3.890847749057608329e+00,-1.999999808659189249e+00,-4.042140141418915089e-01,-1.999996921896491253e+00,5.235980295740383372e-01,4.648212129754331734e+00
1.862320750393788771e+01,7.785953458901369029e-01,3.871784101178517012e-01,3.749591300994616461e+00,-1.932412654477550396e+00,3.038275058453816513e-01,-1.999997023966566090e+00,5.235980647951883338e-01,4.469464043425651845e+00
1.878105137692154614e+01,7.664367711488044854e-01,3.977300923417119161e-01,3.557242960437443369e+00,-1.945588229819848802e+00,9.366062783168773720e-01,-1.999996843583227157e+00,-2.617730612806142276e-01,4.284444562822827152e+00
1.893889511915230273e+01,7.516901376062148366e-01,4.011965614043215278e-01,3.453520791141999169e+00,-1.999999818664663032e+00,-6.941119195607714509e-02,-1.999996826393815930e+00,5.235980512908900986e-01,4.203200523086614737e+00
1.909673845965695094e+01,7.344017661430245481e-01,3.990057125416039963e-01,3.273679754698209710e+00,-1.945895914197293797e+00,5.784926507631609205e-01,-1.999996393512997406e+00,5.235979834080923823e-01,4.003562508138807985e+00
1.925457844417674380e+01,7.152676066950056644e-01,4.218966881912163958e-01,3.038030381373300504e+00,-1.953384120931580981e+00,1.135860972204411956e+00,-1.999994227193846896e+00,-4.320016872284063864e-03,3.795468750578363082e+00
1.941241843242822540e+01,6.947540032593286785e-01,4.526789251860736107e-01,2.858579367307818586e+00,-1.999999768774648468e+00,9.201857979596922421e-01,-1.999974296001684859e+00,1.107215110486292342e-01,3.673575756976036111e+00
1.957026488964968536e+01,6.733054521594727948e-01,4.820505463575378013e-01,2.659583090361729241e+00,-1.999999586087916281e+00,1.029881650115110681e+00,1.999992295908956663e+00,6.498374042266295836e-02,3.520184221160565841e+00
1.972810929973897132e+01,6.537269115211860049e-01,5.126849831554645132e-01,2.640446800632040070e+00,-1.999999867268060338e+00,1.013005521261948205e+00,1.999996731620302226e+00,4.468965803792728647e-02,3.544774447964589292e+00
1.988594961520657378e+01,6.381456228598249014e-01,5.390152368727790799e-01,2.626267067406872435e+00,-1.999999829106549942e+00,9.493770909009026093e-01,1.999997876684461273e+00,8.357637335867963702e-02,3.575320645576085088e+00
2.004378797962834469e+01,6.259856996176491606e-01,5.620749278365460011e-01,2.606081541679746927e+00,-1.999999878505756223e+00,9.920101869651156701e-01,1.999998407082365759e+00,6.770209847896190014e-02,3.598975621076226705e+00
2.020161358680221042e+01,6.165300648774552084e-01,5.831811059794476115e-01,2.584640502744251389e+00,-1.999999795071143893e+00,9.871612298064290636e-01,1.999998716642118923e+00,7.603329858505475380e-02,3.616757394803831627e+00
2.035944544404977563e+01,6.094363485101851330e-01,6.019739645321943167e-01,2.560128215049628952e+00,-1.999999857521204794e+00,1.001619339670897668e+00,1.999998922823930991e+00,5.958803309877405696e-02,3.623845361653116992e+00
2.051727480689138616e+01,6.042829031506223858e-01,6.185023358874929267e-01,2.537254407620592289e+00,-1.999999693632534381e+00,9.750026711341633900e-01,1.999999073270019911e+00,7.344372250580825934e-02,3.623314376439705775e+00
2.067510665892076460e+01,6.008162476381193606e-01,6.333682273286265207e-01,2.512447187467012455e+00,-1.999999822804592098e+00,9.865084875117010599e-01,1.999999191024176337e+00,7.722687115493012677e-02,3.612739338533317301e+00
2.083293757923996736e+01,5.987806670255239050e-01,6.482506925234216011e-01,2.485414842536590729e+00,-1.999999673140247625e+00,1.004087058103995345e+00,1.999999286930850051e+00,9.588236681733600109e-02,3.594180139236634819e+00
2.099076626665013734e+01,5.981525333247987852e-01,6.646778451980538405e-01,2.452355795726905541e+00,-1.999999884346617351e+00,1.058214598671839424e+00,1.999999363674487940e+00,7.678624882898535398e-02,3.567030486256363986e+00
2.114859806048661284e+01,5.990104591502795062e-01,6.826584070221899392e-01,2.419533408624678916e+00,-1.999998218138003381e+00,1.059687707111217625e+00,1.999999428403475221e+00,8.689014766298248926e-02,3.539151906932083147e+00
2.130643164556465408e+01,6.015790999812484774e-01,7.016588411948970760e-01,2.384215317901966724e+00,-1.999999771539441973e+00,1.085323265395108372e+00,1.999999486032139728e+00,9.139116056559302981e-02,3.509743807876092081e+00
2.146426099727144532e+01,6.059236652095502107e-01,7.224655031095478241e-01,2.345763719526857916e+00,-1.998752710758826989e+00,1.115324802674876992e+00,1.999999537994848309e+00,1.169012489981335751e-01,3.478367250520438159e+00
2.162209263772422929e+01,6.122303408950824366e-01,7.463102611465357583e-01,2.298559639341107630e+00,-1.995437564791728846e+00,1.189898828183292512e+00,1.999999587508899834e+00,1.503796843369677172e-01,3.440778950102443279e+00
2.177992429830322507e+01,6.207111545288432897e-01,7.754082747099406703e-01,2.236724447268501947e+00,-1.994295145804766412e+00,1.312566738903315322e+00,1.999999633406712052e+00,1.808799399521215101e-01,3.397606508079297871e+00
2.193775497726101875e+01,6.315208128543925437e-01,8.115549047835159957e-01,2.156284288603930843e+00,-1.996424830377697246e+00,1.461401170820542106e+00,1.999999674805171379e+00,2.032738914000555286e-01,3.351190095291462168e+00
2.209558625880726623e+01,6.448074358284344720e-01,8.552278427996728993e-01,2.055991755324911630e+00,-1.999999895129368488e+00,1.612346365706248896e+00,1.999999707820764971e+00,2.057133830953128406e-01,3.306973212304487486e+00
2.225341623487963005e+01,6.606516307411425259e-01,9.050247974175451571e-01,1.939644287432777281e+00,-1.999999924955201624e+00,1.733781435088963097e+00,1.999999730066969850e+00,1.916635583662952003e-01,3.274317188994407601e+00
2.241124771946251926e+01,6.789817645946092384e-01,9.574578745057075180e-01,1.813830463265716064e+00,-1.991645429221110097e+00,1.810653014986706166e+00,1.999999746315618276e+00,1.745970823675027928e-01,3.265965858715466297e+00
2.256907806326205801e+01,6.993236606609016803e-01,1.007802224463288265e+00,1.684326983366640551e+00,-1.972819726702856213e+00,1.849576685889722016e+00,1.999999759899225182e+00,1.516989583482224457e-01,3.295801891164320541e+00
2.272690868338902703e+01,7.206361715235802823e-01,1.050792119618742415e+00,1.558004214171553103e+00,-1.941137406454643388e+00,1.847404010329478208e+00,1.999999770128807919e+00,1.234342384784458818e-01,3.374657975991954828e+00
2.288472357994913509e+01,7.415351056795286278e-01,1.080994316079499917e+00,1.442319486677680507e+00,-1.897115832473035058e+00,1.801822230108845568e+00,1.999999776774380233e+00,9.030254716520143277e-02,3.509247041254027533e+00
2.304244539610289877e+01,7.605660474714380781e-01,1.093813211602415736e+00,1.343962577862469532e+00,-1.847635578000594858e+00,1.715936633782488618e+00,1.999999780081976430e+00,5.263420889138464148e-02,3.701034954279308842e+00
2.320007915100308082e+01,7.764376301933334501e-01,1.086592413054338291e+00,1.267039980928863052e+00,-1.796166583663018512e+00,1.586276345953794742e+00,1.999999781957343625e+00,1.209374707314977634e-02,3.926495522197663846e+00
2.335776240379344415e+01,7.884096475279682714e-01,1.059007214572062816e+00,1.213258834996290947e+00,-1.746367925841409319e+00,1.412924865178839084e+00,1.999999785236760363e+00,-2.891336904977248948e-02,4.140639122997157529e+00
2.351543549955964707e+01,7.962414038394513005e-01,1.012851733084995542e+00,1.182324648312458537e+00,-1.698586485614532515e+00,1.196212514577777331e+00,1.999999792877867666e+00,-6.698580572024266655e-02,4.284949885190711960e+00
2.367310658013312974e+01,8.000000049155863158e-01,9.509920713178567908e-01,1.173331957091379829e+00,-1.649594234834406148e+00,9.376030863261993753e-01,1.999999800594244315e+00,-9.578155983397369788e-02,4.314752336663625343e+00
2.383078259157212742e+01,7.998393907360860089e-01,8.762158233836810917e-01,1.185429465201851995e+00,-1.593279953851673980e+00,6.469884431564578708e-01,1.999999808214068642e+00,-1.117306955925548573e-01,4.221189933405647743e+00
2.398846182048627540e+01,7.959009179400893252e-01,7.905437319672543595e-01,1.218096919920633070e+00,-1.522740457872316489e+00,3.425080618570330859e-01,1.999999819763116138e+00,-1.142457914154169640e-01,4.029056553741526159e+00
2.414615288732226261e+01,7.883382710024426920e-01,6.952615738093557152e-01,1.270424202669436342e+00,-1.432523759757509119e+00,5.090746135561325519e-02,1.999999833272016581e+00,-1.014792737407632928e-01,3.776780756187254617e+00
2.430388086077191190e+01,7.773716223455843233e-01,5.918909895733792670e-01,1.339267819164392748e+00,-1.320111725243575007e+00,-1.842143813557406973e-01,1.999999847195765179e+00,-7.306904763522535651e-02,3.498660811434433082e+00
2.446158990947670731e+01,7.633018627490854024e-01,4.838211575372476925e-01,1.418026993954414783e+00,-1.188052931511671462e+00,-3.079598561604356965e-01,1.999999860637786009e+00,-3.122412027782240501e-02,3.219987550975021318e+00
2.461931191699610011e+01,7.464766334954449079e-01,3.776309908813399452e-01,1.497445835361671973e+00,-1.045705822120262196e+00,-2.769239341175211977e-01,1.999999873164418407e+00,1.828772180500724473e-02,2.958525109729635005e+00
2.477704546314851441e+01,7.272688268897978814e-01,2.827461313325430048e-01,1.569168548945246267e+00,-9.081930463663798747e-01,-9.282538062880947571e-02,1.999999884495141655e+00,6.639050635191141858e-02,2.726819604293365451e+00
2.493479114948413056e+01,7.061470850192024251e-01,2.087004344184334170e-01,1.629929026753082599e+00,-7.912280051144151560e-01,1.841708737926629480e-01,1.999999894285560798e+00,1.034059384222991151e-01,2.533968526154904755e+00
2.509255352199869904e+01,6.838274593958320047e-01,1.613409710133116570e-01,1.682588711403708803e+00,-7.036930619207275583e-01,4.641105194067883244e-01,1.999999902125604079e+00,1.234735771026338191e-01,2.386033771940325288e+00
2.525032557084151819e+01,6.614259030111365734e-01,1.406156620119394518e-01,1.733352135666852867e+00,-6.458865252567576043e-01,6.747261944090394703e-01,1.999999907659070875e+00,1.266346154140223224e-01,2.285782747182357522e+00
2.540817478931076678e+01,6.403588646632050185e-01,1.412997987036377356e-01,1.788205386887583348e+00,-6.112667893313075140e-01,7.863939512738278292e-01,1.999999910731052211e+00,1.178805922705575548e-01,2.231663528222125326e+00
2.556602607299809549e+01,6.220709697454489540e-01,1.557809050313161692e-01,1.850841273557711109e+00,-5.908884807264799255e-01,8.092377853576731006e-01,1.999999911424186427e+00,1.036796162661311749e-01,2.218319412241811062e+00
2.572386043152399893e+01,6.077282732207008875e-01,1.769442660801503753e-01,1.922242200688517810e+00,-5.782265475346495265e-01,7.733630122691278475e-01,1.999999909989495617e+00,8.847770449631983669e-02,2.238361047514312308e+00
2.588169951821300785e+01,5.979644389284617390e-01,1.996066344345385768e-01,2.001343309371439894e+00,-5.704603489031229158e-01,7.076954933160991557e-01,1.999999906748513023e+00,7.418542228236787994e-02,2.284069691589781570e+00
2.603954017059215431e+01,5.928066518229815340e-01,2.205389473041685644e-01,2.086075428668006548e+00,-5.650968392553366026e-01,6.324878995338094612e-01,1.999999902041042166e+00,6.172620607469101600e-02,2.347921276173152716e+00
2.619737851638404180e+01,5.919013302948188393e-01,2.381096112666779008e-01,2.174237497436068978e+00,-5.612583939718451820e-01,5.585338900267564632e-01,1.999999896166007485e+00,5.098190165909091687e-02,2.423605260688002527e+00
2.635521658650501919e+01,5.946582189583267120e-01,2.516991316893412711e-01,2.264043862270308072e+00,-5.583750217620796485e-01,4.895275766950011320e-01,1.999999889364731942e+00,4.171670884907321963e-02,2.506221704883787815e+00
2.651305429342887621e+01,6.004059943261389476e-01,2.612685207464996440e-01,2.354277487677977732e+00,-5.561295727513372311e-01,4.258564660004121594e-01,1.999999881802512647e+00,3.386038246163328158e-02,2.592557664000019191e+00
2.667089543531610119e+01,6.084797268214173771e-01,2.670789453809912506e-01,2.444166543569706196e+00,-5.535640643982397968e-01,3.684917955058644723e-01,1.999999873570065256e+00,2.763514091624200142e-02,2.680888069325529699e+00
2.682873911648224663e+01,6.183006851880269439e-01,2.695802156104387115e-01,2.533140161899246845e+00,-5.502998349363860120e-01,3.186278559651763986e-01,1.999999864664623539e+00,2.301691624840641534e-02,2.771195375140541817e+00
2.698657884944075391e+01,6.293587056580507433e-01,2.692165966261565457e-01,2.620646049277477463e+00,-5.463144787316768225e-01,2.772345398258689864e-01,1.999999854987664971e+00,1.979609345840681670e-02,2.865020423254536652e+00
2.714441982942778608e+01,6.411784114404772694e-01,2.662632441694164909e-01,2.706012649282386828e+00,-5.419384882015346738e-01,2.444625656984352746e-01,1.999999844349955147e+00,1.757513783238598762e-02,2.965203127795728033e+00
2.730226373804595497e+01,6.532681756341741641e-01,2.606952835269532032e-01,2.788386782288410526e+00,-5.377243086408265427e-01,2.192501273762624270e-01,1.999999832508854380e+00,1.587148788139891922e-02,3.075114785609151635e+00
2.746010359966692960e+01,6.650732062620690055e-01,2.521448999325733298e-01,2.866777342558969544e+00,-5.342287343778028275e-01,1.994889301315012631e-01,1.999999819251040423e+00,1.428043445732689667e-02,3.197263614375741358e+00
2.761794303881044854e+01,6.759570030503549987e-01,2.399974558089822407e-01,2.940218742220327197e+00,-5.309500595562101077e-01,1.837909042022274342e-01,1.999999804526253033e+00,1.253219533367552763e-02,3.331260434565035844e+00
2.777578333402070143e+01,6.852632520540514749e-01,2.236556289254675867e-01,3.008014789917567100e+00,-5.287300307333020477e-01,1.679534272577836995e-01,1.999999788541455548e+00,1.020014003023865697e-02,3.472807411125206745e+00
2.793362027273680681e+01,6.923067343428472853e-01,2.026705597055025454e-01,3.070050278446651681e+00,-5.266545112175211596e-01,1.503594220622531119e-01,1.999999771877574384e+00,7.432496828261835227e-03,3.612289033312890307e+00
2.809142046652110380e+01,6.964952743821755110e-01,1.770905801566799442e-01,3.126855143192152742e+00,-5.252073327490124344e-01,1.281620752738588387e-01,1.999999755366985488e+00,4.365925958757857495e-03,3.737163066610424078e+00
2.824923585368508583e+01,6.973114970303178062e-01,1.474432486646834739e-01,3.179569798178218942e+00,-5.227084180922522139e-01,1.034313711506135297e-01,1.999999739865815807e+00,1.676795290510807272e-03,3.835270048378665475e+00
2.840706856414562509e+01,6.943975870842911124e-01,1.147948577679583082e-01,3.229619049936414577e+00,-5.191156734694873931e-01,7.714970184660850661e-02,1.999999725862992239e+00,-3.640494918497644999e-04,3.900280215887697022e+00
2.856489107469202793e+01,6.874870125438550250e-01,8.039825098181813123e-02,3.278467446518364525e+00,-5.133779651329849480e-01,5.282356171328994598e-02,1.999999713312992977e+00,-1.403944718436021246e-03,3.933318544466732902e+00
2.872271485097639854e+01,6.764305609446922274e-01,4.551613367530139148e-02,3.327324482125613603e+00,-5.052725413599629123e-01,3.308460449750892651e-02,1.999999701681348441e+00,-1.569505941217598771e-03,3.941745939793260600e+00
2.888053977336812750e+01,6.611708512525353854e-01,1.118129295613499129e-02,3.377029311025115721e+00,-4.951747554183630329e-01,1.889954077500350174e-02,1.999999690203267066e+00,-1.304010371309772187e-03,3.935217803039405382e+00
2.903836672366645288e+01,6.417226110705365194e-01,-2.192771718538198342e-02,3.428051218662290456e+00,-4.836232783777903999e-01,9.806080485186474335e-03,1.999999678149731785e+00,-1.196844945670012209e-03,3.922033585645587905e+00
2.919619899487317127e+01,6.181546508482049784e-01,-5.348599266612372172e-02,3.480577376529376821e+00,-4.733829438483960206e-01,4.518122591877783939e-04,1.999999664980117720e+00,-1.685120619628572864e-03,3.907376087064790671e+00
2.935403202994575622e+01,5.904785676595515342e-01,-8.356990233118084810e-02,3.534690424485427140e+00,-4.639462301863049309e-01,-8.496301649635622580e-03,1.999999650319338462e+00,-2.010054003279055247e-03,3.893621163207835245e+00
2.951186846244221584e+01,5.587297777663698950e-01,-1.122605294060382980e-01,3.590307700412828762e+00,-4.533165301349798559e-01,-1.270506477241491704e-02,1.999999633843457580e+00,-1.572627537988368750e-03,3.881831831936550348e+00
2.966970253199122354e+01,5.230265190035804368e-01,-1.394670922395739310e-01,3.647204075502023635e+00,-4.427349998040928658e-01,-1.322207776562930523e-02,1.999999615246784712e+00,-7.112505572013608657e-04,3.872266137733284097e+00
2.982753759913666158e+01,4.834653713169136946e-01,-1.651599751937510574e-01,3.705186618496540074e+00,-4.324314279590221188e-01,-9.985599103596129456e-03,1.999999594170942085e+00,2.978859298751667870e-04,3.864978263158622696e+00
2.998537262562769357e+01,4.401517906472816599e-01,-1.893206656519111908e-01,3.764082229425285142e+00,-4.252009052718726534e-01,-7.586025227949189619e-03,1.999999570239723079e+00,1.069956308322194977e-03,3.859417578230142976e+00
3.014320706128485838e+01,3.930935213169936548e-01,-2.121112096605447528e-01,3.823819821834109955e+00,-4.195104063958832730e-01,-2.695787961232521367e-03,1.999999542907148431e+00,1.959375538426301553e-03,3.855513066101777131e+00
3.030104821502489898e+01,3.423472129097161476e-01,-2.335345229567709069e-01,3.884269165376620592e+00,-4.163082245510958956e-01,3.821535342564845016e-03,1.999999511525536455e+00,2.467424506255402796e-03,3.852781221940785539e+00
3.045888816004092448e+01,2.879389111202858009e-01,-2.536382939017541305e-01,3.945368339532465907e+00,-4.161053976632883011e-01,1.004533501943730145e-02,1.999999475250331171e+00,2.003975123954669733e-03,3.850638964741402770e+00
3.061672655840354906e+01,2.298734232694538138e-01,-2.725272085503323560e-01,4.007177851774674338e+00,-4.151259180798548276e-01,1.858867628238214387e-02,1.999999432777872288e+00,-6.503806307303589907e-04,3.849614858798138695e+00
3.077456716890862509e+01,1.683052324139119316e-01,-2.901893481223713489e-01,4.069907531715402094e+00,-4.144332328760343409e-01,1.554886075579763743e-02,1.999999382427209982e+00,-8.723850934955796818e-03,3.849807445526403527e+00
3.093240901672077925e+01,1.033660177381282297e-01,-3.071500267808973117e-01,4.134352010398663957e+00,-4.161360027565182418e-01,-2.564114063781959899e-02,1.999999321834627697e+00,-2.456692879383146066e-02,3.851835166702425983e+00
3.109024762592622437e+01,3.505774621920815237e-02,-3.247588327700096089e-01,4.202053598989952121e+00,-4.073772993561803890e-01,-1.116830754686904542e-01,1.999999246696526178e+00,-4.821627435711327986e-02,3.862247624809353574e+00
3.124808739612432973e+01,-3.621244325999537633e-02,-3.442526034099269161e-01,4.274605395654798023e+00,-3.845083545291755334e-01,-2.704339902565208176e-01,1.999999151183698975e+00,-8.017281640765681894e-02,3.887680420012804117e+00
3.140593040923509704e+01,-1.099703426923171884e-01,-3.675618906061736690e-01,4.353373072784296305e+00,-3.339040244430208637e-01,-5.106233206376894485e-01,1.999999026326439111e+00,-1.162263888074917956e-01,3.938235225350218638e+00
3.156377087412647242e+01,-1.853722119430350479e-01,-3.962911029379275196e-01,4.437938201846370667e+00,-2.452923878655195733e-01,-8.277807721737379110e-01,1.999998859443762766e+00,-1.490860811959174581e-01,4.022130546490060965e+00
3.172161405417166691e+01,-2.613606893364197603e-01,-4.311547573884155216e-01,4.525173090959437872e+00,-1.000141767138039151e-01,-1.167095536170889458e+00,1.999998630683498924e+00,-1.695458528682023958e-01,4.148908692974463186e+00
3.187945000792729289e+01,-3.363092763130330898e-01,-4.704222142749728275e-01,4.608823149545142606e+00,1.050948351306522088e-01,-1.474763859593267279e+00,1.999998310982642025e+00,-1.731855841450672395e-01,4.322188106504628813e+00
3.203727919109874023e+01,-4.084300549841955452e-01,-5.109006788782922692e-01,4.681887595251744472e+00,3.594743244529001180e-01,-1.711735389851795075e+00,1.999997856900925797e+00,-1.593190473318052691e-01,4.538678506097278742e+00
3.219511426296599410e+01,-4.761782807130502948e-01,-5.491134014613621162e-01,4.739580432905902363e+00,6.436487588220967115e-01,-1.847211225060332529e+00,1.999997199821195615e+00,-1.290050585784023318e-01,4.790096424735909686e+00
3.235294305054934938e+01,-5.384891734820870246e-01,-5.816967097084849714e-01,4.781462188515605227e+00,9.262878055936245580e-01,-1.895037291761356713e+00,1.999996223527313433e+00,-8.309504146700256999e-02,5.063263046843164084e+00
3.251077062110528715e+01,-5.950101307409718654e-01,-6.064281766744819002e-01,4.811438436800316687e+00,1.198615571734624519e+00,-1.832731160539871729e+00,1.999994692439732491e+00,-1.768036348996909410e-02,5.360083939309815193e+00
3.266859622459273282e+01,-6.453508164633620092e-01,-6.204723480533964608e-01,4.836788381821603089e+00,1.462676361094118915e+00,-1.601040434237763321e+00,1.999992065858295920e+00,6.912341103228471229e-02,5.693471416345034619e+00
3.282642444395244041e+01,-6.887340634797433081e-01,-6.196650029748201893e-01,4.868088019683737500e+00,1.678871158787143880e+00,-1.224987700468655571e+00,1.999986824608936731e+00,1.690960968006690879e-01,6.043332432369551199e+00
3.298424709565355784e+01,-7.250853456395212060e-01,-6.016898265561189119e-01,4.915396030103235780e+00,1.854889110998691804e+00,-6.568324361516812981e-01,1.999971413026222944e+00,2.721398481060264829e-01,6.400900093567412519e+00
3.314206048630258294e+01,-7.540215480159886408e-01,-5.643762301057596575e-01,4.987732550664202513e+00,1.963462645616977253e+00,5.831494098571379098e-02,-1.687280246977229226e+00,2.258078475391729623e-01,6.713525009260687071e+00
3.329982419201258637e+01,-7.755064726347667969e-01,-5.116245869925765133e-01,4.999998681631262265e+00,1.999998604429439553e+00,5.551492083029833102e-01,-1.999937464843851931e+00,-1.172979797298551452e-01,6.831057403826361174e+00
3.345760730243782177e+01,-7.899638019293466762e-01,-4.572599598734954363e-01,4.998699785412289209e+00,1.987454967701676845e+00,2.747622151370029409e-01,-1.999979420697826527e+00,6.221966903304419066e-02,6.783183315229810439e+00
3.361539132028904930e+01,-7.980269965965519630e-01,-4.076322689961004997e-01,4.999999762286505778e+00,1.999998570345657090e+00,3.619339762800960481e-01,-1.892629952408463989e+00,9.338045043301594628e-03,6.647559843058829188e+00
3.377324524756173929e+01,-7.999999839369836829e-01,-3.614451633900783167e-01,4.999999434475478566e+00,1.999999296670656790e+00,3.303394830845265417e-01,-1.705057681448692186e+00,1.892676292183057343e-02,6.441226162288022472e+00
3.393108025480361079e+01,-7.962921689346482701e-01,-3.207218433454223638e-01,4.999999515382726578e+00,1.999998573380413314e+00,3.259692072360114157e-01,-1.496702016718174821e+00,1.301378941167340153e-02,6.216063872617799468e+00
3.408891473863642574e+01,-7.872915337980607164e-01,-2.855620871429158658e-01,4.999999538672312838e+00,1.999999041376898434e+00,3.146018422180590357e-01,-1.129430702064552205e+00,-2.967261813366294312e-02,6.003010825425138641e+00
3.424675311238344477e+01,-7.734803657297989465e-01,-2.570568456065247531e-01,4.999999560017512223e+00,1.999999012013746080e+00,2.107178474285418268e-01,-9.975961706931200101e-01,2.119069054554458334e-02,5.817993622128482478e+00
3.440459406562189315e+01,-7.554043909818816127e-01,-2.342539214591693175e-01,4.999999580312619152e+00,1.999999018166053633e+00,2.291003066062942128e-01,-8.194774768956651911e-01,2.213591290290214172e-03,5.664512831731153497e+00
3.456244068825660065e+01,-7.338224952109798638e-01,-2.156590024843490772e-01,4.999999597321227895e+00,1.999999011445024122e+00,2.053186074553355889e-01,-1.199043973062403207e-02,-1.914475394004174491e-01,5.539716248448947056e+00
3.472028354675438777e+01,-7.095448256367621331e-01,-2.070079479758469843e-01,4.993137129381569395e+00,1.999998700996284517e+00,-2.226956684570806366e-01,-1.999985058440852503e+00,5.235957711931521485e-01,5.439091828968891207e+00
3.487812822665672741e+01,-6.821101620182014047e-01,-1.853519040518660788e-01,4.959945199302431718e+00,1.999998696649584407e+00,1.251961232545557801e+00,-1.999992865614665716e+00,5.235978438056596573e-01,5.317873969286907254e+00
3.503597252300145470e+01,-6.506378627749054289e-01,-1.240955634998295171e-01,4.999999861929834921e+00,1.777685684618033779e+00,2.548095938474332911e+00,-1.999981992545339260e+00,-4.165335279311759287e-01,5.206300063968570591e+00
3.519381709499616306e+01,-6.172014773449632230e-01,-6.084770573496876833e-02,4.996375438480050057e+00,1.413047634436037647e+00,1.436907946606017505e+00,-1.999992590460303088e+00,5.235979578129937861e-01,5.063644007758391297e+00
3.535166130172920163e+01,-5.823563154165553035e-01,5.413619621378516072e-03,4.997634597139061441e+00,1.116544511295607611e+00,2.678713499514098206e+00,-1.999995341933707094e+00,5.235981230013398990e-01,4.960804119016859026e+00
3.550950690676879162e+01,-5.454350484152215017e-01,1.083160959023077435e-01,4.999999935949261953e+00,6.165099616818672246e-01,3.713611501351776312e+00,-3.036894316545900585e-01,5.235969585904256540e-01,4.861963999694292937e+00
3.566735194450732394e+01,-5.071575102174354921e-01,2.417410707941221870e-01,4.999999890043113737e+00,-2.447214442626686678e-02,4.530821230278569089e+00,1.999993289469381930e+00,2.487039151840298168e-01,4.813772539515589699e+00
3.582519464284396093e+01,-4.677865179973094700e-01,3.866760828461965338e-01,4.999995819688902721e+00,-7.473691653833300919e-01,4.503171475741831742e+00,1.999991109927865329e+00,-1.362863181759181586e-01,4.865194642503794853e+00
3.598303981118935724e+01,-4.283974343225140369e-01,5.091361112481913587e-01,4.929674237102217305e+00,-1.399204245121639323e+00,3.321352882621632308e+00,1.999986944037092540e+00,-4.202848138232548880e-01,4.940811391066873171e+00
3.614088518068047762e+01,-3.901273494567056299e-01,5.823652861400994141e-01,4.858018588440804031e+00,-1.836800082567304537e+00,1.540630137311998826e+00,1.999975372579319011e+00,-4.138933211772214404e-01,5.025079084439292743e+00
3.629873065422975031e+01,-3.534866169094658672e-01,6.035907924249884760e-01,4.867049867787063278e+00,-1.999998942283597092e+00,1.056030392214540869e-01,1.516842506252157774e+00,1.043842847082814169e-02,5.103587363673272037e+00
3.645657469768858050e+01,-3.171204389761979603e-01,6.036955351834119021e-01,4.903527960569411981e+00,-1.999998828778485782e+00,1.491344391447168571e-01,-1.999975542973633225e+00,-1.790248343295563760e-01,5.137645934522351965e+00
3.661441941855960636e+01,-2.813550497941744166e-01,5.964267717159206228e-01,4.851579379996324271e+00,-1.999998195725220196e+00,-3.709036543956134580e-01,-1.999988040406056378e+00,5.235958623847616344e-01,5.107057175858532361e+00
3.677226448978874629e+01,-2.468576330445005351e-01,5.935121141534963618e-01,4.728821556582967212e+00,-1.963109729023160721e+00,3.993448136549963556e-01,-1.999991750199656471e+00,-2.389615893945796210e-01,4.991831273455064277e+00
3.693010890316880079e+01,-2.139373244965184218e-01,5.901941274453942343e-01,4.667426434213592046e+00,-1.999999258692978898e+00,-3.711638333011387236e-01,-1.999993826358308580e+00,5.235972758933190585e-01,4.967389598459597266e+00
3.708795221871891812e+01,-1.827195294388191393e-01,5.871135220104497510e-01,4.540625269579558143e+00,-1.964913411425055045e+00,3.938792417846248006e-01,-1.999994907203452632e+00,-2.184862838080858516e-01,4.847359769463901458e+00
3.724579615911209629e+01,-1.532196061274807564e-01,5.840468745839690889e-01,4.476401157562463595e+00,-1.999999394048201484e+00,-3.249489151219368543e-01,-1.999995727146609115e+00,5.235977419365057672e-01,4.816579689076629478e+00
3.740364118990326858e+01,-1.255164963945391843e-01,5.815034154969354052e-01,4.341493602583668121e+00,-1.965807027802699780e+00,4.330531492048786402e-01,-1.999996190860301004e+00,-1.977939650065178856e-01,4.687748369008772897e+00
3.756148533004500933e+01,-9.962845723899489692e-02,5.790878276316768769e-01,4.270101174447547443e+00,-1.999999532300407168e+00,-2.377232246152285178e-01,-1.999996598495468181e+00,5.235979576466459617e-01,4.648914920339676016e+00
3.771933008549329713e+01,-7.571174270132224882e-02,5.771720814608970462e-01,4.122284040004893235e+00,-1.967736704813340287e+00,5.063488687392577736e-01,-1.999996800251352846e+00,-1.800218523956359229e-01,4.510389005078753399e+00
3.787717488991119552e+01,-5.384359091024755462e-02,5.751801600933906800e-01,4.039825441771200509e+00,-1.999999638735605156e+00,-1.308066347416608488e-01,-1.999997000189162266e+00,5.235980611502399906e-01,4.462587684569054858e+00
3.803501794845048067e+01,-3.421339710089350838e-02,5.736723701363050099e-01,3.875366778392469680e+00,-1.970303235414454734e+00,5.920287813320936898e-01,-1.999997021208643533e+00,-1.469415234072828091e-01,4.313405201778467202e+00
3.819285850063162258e+01,-1.694086869599437453e-02,5.733492117518259601e-01,3.776946861770739350e+00,-1.999999678043753226e+00,3.841896964929397001e-02,-1.999997028379893571e+00,5.235980766938785891e-01,4.251890769122035785e+00
3.835069919423160201e+01,-2.090632270682156197e-03,5.749643984917059969e-01,3.589575286017657074e+00,-1.975438111963227605e+00,7.244608940572152544e-01,-1.999996797699298723e+00,-1.814573590247417212e-01,4.085897322150525035e+00
3.850854007321307648e+01,1.011992546762147116e-02,5.746540979694462203e-01,3.482238779548959773e+00,-1.999999813290465722e+00,9.825073492079115442e-03,-1.999996587055085540e+00,5.235980072291844811e-01,4.013862393132119344e+00
3.866638242883720977e+01,1.975752208570691684e-02,5.738659145698512543e-01,3.284064708363559681e+00,-1.947112167397266003e+00,6.807533657580016051e-01,-1.999995523011574239e+00,5.235978110058518986e-01,3.822411495329521181e+00
3.882422067511659947e+01,2.729198655644756236e-02,6.001897358897629875e-01,3.025119306330277258e+00,-1.958472840646586111e+00,1.247730979664186668e+00,-1.999985676178864580e+00,-1.240275892811062985e-02,3.612328908962402441e+00
3.898206298985405738e+01,3.329834392925522940e-02,6.344470340638070915e-01,2.827235788793658333e+00,-1.999999808853800243e+00,9.746206215910316883e-01,1.999991436799196443e+00,7.057672424576474923e-02,3.474073616545910959e+00
3.913990446834989001e+01,4.092689559351306294e-02,6.638827435774390384e-01,2.809979733053745043e+00,-1.999999848400232816e+00,9.846996433891331835e-01,1.999996801856546824e+00,6.840887368827600068e-02,3.459735771184337505e+00
3.929774418720808882e+01,5.280284463084235214e-02,6.937409071886151413e-01,2.792405375079541230e+00,-1.999999862234011827e+00,9.871440327876873644e-01,1.999998050052661958e+00,7.076708423653686741e-02,3.444176520638256633e+00
3.945558651328734356e+01,6.898924592053971849e-02,7.239922375000140686e-01,2.773975088699500269e+00,-1.999999850476139152e+00,9.949190130616721861e-01,1.999998605076406033e+00,7.524616891562035947e-02,3.427007555179669041e+00
3.961342727882070136e+01,8.952845775429230102e-02,7.549924007574855267e-01,2.753647672018032289e+00,-1.999999854410591249e+00,1.012246435025927704e+00,1.999998919860114466e+00,6.949488810819252904e-02,3.407379670059906829e+00
3.977126888224721313e+01,1.144833042927030364e-01,7.865134875028200190e-01,2.733233981387186873e+00,-1.999999791950618500e+00,1.011438581343693910e+00,1.999999125630376184e+00,8.417106734646298549e-02,3.386833998716974214e+00
3.992910852816475398e+01,1.439425973109746959e-01,8.189978169553483456e-01,2.708817514569922480e+00,-1.999999856903812434e+00,1.047278723611407170e+00,1.999999270938072948e+00,8.020679687046146367e-02,3.362693626709245542e+00
4.008694747790385549e+01,1.779316801473960763e-01,8.528044975298366692e-01,2.682030722677645418e+00,-1.999999736854532140e+00,1.065477601709154731e+00,1.999999380041453279e+00,9.118060636023091192e-02,3.336746254479565632e+00
4.024478829820817793e+01,2.165663661017198927e-01,8.878614663752345537e-01,2.650114862951388872e+00,-1.999999857164072248e+00,1.106405119031460549e+00,1.999999464321744247e+00,8.152013616787284755e-02,3.309046557736099459e+00
4.040262780474477466e+01,2.597976095213365144e-01,9.234131543809994680e-01,2.616221970043426825e+00,-1.999998675105298052e+00,1.114809315556666069e+00,1.999999532645430733e+00,1.032655724353153809e-01,3.285678481814608087e+00
4.056046869375885677e+01,3.074455557659868110e-01,9.590802382571915752e-01,2.573953317362600579e+00,-1.999999850450870920e+00,1.173728514252964761e+00,1.999999588051740718e+00,1.062512995200004667e-01,3.268241135777945949e+00
4.071830953737347869e+01,3.589021682387226186e-01,9.946981675047718019e-01,2.523161023633012423e+00,-1.999999775587701478e+00,1.225750463973694471e+00,1.999999630958709140e+00,9.995402268965947190e-02,3.263541800654111924e+00
4.087614577598557020e+01,4.133207941271626606e-01,1.027781898637766922e+00,2.466310883511960039e+00,-1.999945866685818530e+00,1.251377729078877454e+00,1.999999665611890798e+00,1.085549251912028140e-01,3.282796921306045945e+00
4.103398418101491529e+01,4.693188702201995244e-01,1.056157265865359740e+00,2.401326434260298015e+00,-1.999999737590500315e+00,1.290461298556501157e+00,1.999999692328337408e+00,1.099380968411393100e-01,3.333673487366784371e+00
4.119180438870476735e+01,5.250175885843814116e-01,1.078217830592576698e+00,2.329331408876250453e+00,-1.999940071005002373e+00,1.322572555650258996e+00,1.999999711935912527e+00,1.174356892106838690e-01,3.421832559475601165e+00
4.134957200271385602e+01,5.784701464161934314e-01,1.092582538216249510e+00,2.250429116393616091e+00,-1.999999884645912385e+00,1.360956628279250236e+00,1.999999724421174241e+00,1.021986327082130275e-01,3.548350932977024641e+00
4.150735191220245213e+01,6.279018696242221198e-01,1.097701964920014150e+00,2.171296134651595544e+00,-1.999999352239368866e+00,1.359790949061965293e+00,1.999999731062487962e+00,8.557933576786566632e-02,3.713474397398294435e+00
4.166512217822480579e+01,6.720205851307606837e-01,1.091927588522947801e+00,2.096598868547176142e+00,-1.999999698865995157e+00,1.327462695918518065e+00,1.999999734148824926e+00,6.228538037516830050e-02,3.913802817252886701e+00
4.182288239341202996e+01,7.099613388938116332e-01,1.074451965122481756e+00,2.030694383818089754e+00,-1.999575100975233832e+00,1.259481148469776990e+00,1.999999735007047752e+00,4.412877279928738294e-02,4.142711819385060501e+00
4.198063410362271242e+01,7.413017941351540685e-01,1.045261585628628698e+00,1.974847943166882835e+00,-1.999999541072617237e+00,1.174509879469186169e+00,1.999999734555341968e+00,2.531682006335234797e-02,4.392994100927056778e+00
4.213837586130882329e+01,7.658752878609339509e-01,1.004971903150727819e+00,1.929569134291837074e+00,-1.999999469587167455e+00,1.073791371348451040e+00,1.999999733467487051e+00,9.321045659412047560e-03,4.652419772045814028e+00
4.229612467833687361e+01,7.837529368208137059e-01,9.543534560681996570e-01,1.894373102701341072e+00,-1.999881328979161266e+00,9.650040751037942677e-01,1.999999732979713896e+00,1.966875512047062177e-03,4.907791777417418011e+00
4.245384495039485273e+01,7.950802973218801251e-01,8.944967168745880937e-01,1.867343483214565447e+00,-1.999999824559579586e+00,8.636048133636856639e-01,1.999999733732716001e+00,-1.103873157867335010e-02,5.139231858285781662e+00
4.261155897139315840e+01,8.000000054921531101e-01,8.264791666137937254e-01,1.848083422114203067e+00,-1.999999963411169812e+00,7.577718918679819948e-01,1.999999728475758687e+00,-6.082198506292452872e-02,5.321671902967617385e+00
4.276926014939061105e+01,7.986139156782601223e-01,7.501872403846975290e-01,1.841316757126762571e+00,-1.999998439211133627e+00,5.849621482136736494e-01,1.999999718430470308e+00,-9.448117444056318426e-02,5.435088581963489318e+00
4.292695876219142548e+01,7.908772594489126284e-01,6.650616454401225841e-01,1.847697228104068223e+00,-1.993521435142356024e+00,3.731471201700026219e-01,1.999999713616054109e+00,-1.227281084812867351e-01,5.446910416896613150e+00
4.308464232237444236e+01,7.765320741453617392e-01,5.709589360803412061e-01,1.868587041951925931e+00,-1.975925152790831696e+00,1.284230580528442911e-01,1.999999715357965169e+00,-1.435381187890172328e-01,5.336948337853253399e+00
4.324232721686766467e+01,7.550177835144638028e-01,4.676276762316766145e-01,1.905568484611344759e+00,-1.941511324732186683e+00,-1.406895766078760934e-01,1.999999724094356779e+00,-1.541010946342013799e-01,5.098795569072333222e+00
4.340004465082538587e+01,7.254032646487050817e-01,3.546459790211835550e-01,1.960197648152166572e+00,-1.883285159503305328e+00,-4.188038775011225789e-01,1.999999739307226854e+00,-1.515822193684012442e-01,4.741917211019325507e+00
4.355773031924393734e+01,6.863265519123917802e-01,2.316183015651364641e-01,2.033236530055818392e+00,-1.793237464111517188e+00,-6.786673396368249067e-01,1.999999759574647262e+00,-1.334620937585296319e-01,4.290452704916549287e+00
4.371541879338520431e+01,6.359531875740940254e-01,9.889813641826208923e-02,2.123082977891279644e+00,-1.663806784243740289e+00,-8.750050224585461667e-01,1.999999782676978199e+00,-9.842445337108224335e-02,3.781627971797483223e+00
4.387310885771271529e+01,5.720189317488297842e-01,-4.074599529299344908e-02,2.223516838270886975e+00,-1.492073199911176706e+00,-9.421080233375697111e-01,1.999999805727790569e+00,-4.826070960598880660e-02,3.264531845095123952e+00
4.403080930381167946e+01,4.921377393496500496e-01,-1.793745394077452537e-01,2.322499077026869418e+00,-1.288028893723016433e+00,-8.101777921646327041e-01,1.999999825574316992e+00,9.349382550031664144e-03,2.793782883759618585e+00
4.418854864820590933e+01,3.946224587626026015e-01,-3.017254173918226257e-01,2.406337061721282922e+00,-1.082697665583701729e+00,-4.592569194052188997e-01,1.999999839402356150e+00,5.997741822029534903e-02,2.415916104575695389e+00
4.434627178253688129e+01,2.798539037873606916e-01,-3.885996919376216163e-01,2.470269480788331862e+00,-9.197842808169249817e-01,1.709963915654195282e-02,1.999999844840247176e+00,8.845510763455702308e-02,2.158946563043453892e+00
4.450400056463234222e+01,1.517467518567371387e-01,-4.282367219322317231e-01,2.523884621437871179e+00,-8.281170422501118455e-01,4.378710048700916735e-01,1.999999839610094199e+00,8.955731170408086361e-02,2.031456995619909112e+00
4.466177317375165501e+01,1.780429537600741047e-02,-4.255578446539774462e-01,2.582955997316320751e+00,-7.984040148356897904e-01,6.665744273641744932e-01,1.999999821366799324e+00,7.301293022127533505e-02,2.028178981479924037e+00
4.481963137675244724e+01,-1.129838858672869845e-01,-3.965427202958236585e-01,2.658497363366246535e+00,-8.025666662070984891e-01,7.004456005958387133e-01,1.999999788138429047e+00,5.310242924318795549e-02,2.133330529779450480e+00
4.497745050443763404e+01,-2.335570734679613680e-01,-3.554782087957328862e-01,2.752553255833073642e+00,-8.130216549739330834e-01,6.295035667723148931e-01,1.999999738357483015e+00,3.809626843804233415e-02,2.327394518142414714e+00
4.513527520258060122e+01,-3.399971909696500871e-01,-3.094759874919995046e-01,2.860063615903345458e+00,-8.234617043503302813e-01,5.315788062597650576e-01,1.999999671488419173e+00,2.895479309005633342e-02,2.583960200009453700e+00
4.529311812007650673e+01,-4.316110666674436436e-01,-2.612117409282690428e-01,2.973810711702363108e+00,-8.312207404471543271e-01,4.489744974480837647e-01,1.999999587716649208e+00,2.729117310105602656e-02,2.874555697676931754e+00
4.545094584046407959e+01,-5.093681955394521177e-01,-2.113786885526812431e-01,3.087342415179593846e+00,-8.420721592523882082e-01,3.997602984525074343e-01,1.999999487711008772e+00,3.414544248289131528e-02,3.169609107307205242e+00
4.560877041567641044e+01,-5.750761309505276753e-01,-1.600311180602794481e-01,3.196079337053042480e+00,-8.558977017197324511e-01,4.038449648177516171e-01,1.999999370958036815e+00,5.121329656916363132e-02,3.447958427151455396e+00
4.576659394116039437e+01,-6.303300191464322744e-01,-1.063104961418858962e-01,3.296510972606361278e+00,-8.781752238679004785e-01,4.726662077587229782e-01,1.999999234895222022e+00,7.687452480795151089e-02,3.695982733773122586e+00
4.592441806658266756e+01,-6.764431187029765757e-01,-4.897530648211190218e-02,3.385849472521722525e+00,-9.135940818286095721e-01,6.095714429869393269e-01,1.999999074064781057e+00,1.078117285120682167e-01,3.904902702538744386e+00
4.608223975709955056e+01,-7.143745488839210456e-01,1.319447483590976272e-02,3.461522526735861582e+00,-9.673255720367838206e-01,8.057709202829002049e-01,1.999998879143619179e+00,1.391852377346012859e-01,4.064563916904377905e+00
4.624006351811807036e+01,-7.448509353339934913e-01,8.086332410150275096e-02,3.520968519402249974e+00,-1.042800997899536730e+00,1.043013867443207454e+00,1.999998632105445040e+00,1.659860607343057737e-01,4.165090505184235958e+00
4.639789873615238491e+01,-7.684054751675729600e-01,1.539998353071633796e-01,3.561541573105555081e+00,-1.142574657831490592e+00,1.295808039275265111e+00,1.999998291306338771e+00,1.834587064462754880e-01,4.207861936380125734e+00
4.655572939129375953e+01,-7.853941020409593854e-01,2.320570688162281459e-01,3.580841928183838618e+00,-1.265947648868324338e+00,1.537146184831192031e+00,1.999997753089159724e+00,1.867694960172779917e-01,4.213285296508624711e+00
4.671355895641993783e+01,-7.959461073982249113e-01,3.142671946824179274e-01,3.577901713296915531e+00,-1.408797473075911633e+00,1.737366236927389229e+00,1.999996727188330103e+00,1.665546231402841304e-01,4.214177878772224162e+00
4.687139634013716716e+01,-7.999999946331495249e-01,3.993345265365263463e-01,3.555994100936553881e+00,-1.566419303770140381e+00,1.848630036152333567e+00,1.999994711929167668e+00,1.214317019085806582e-01,4.244777249805319563e+00
4.702923202947480519e+01,-7.975121744761056730e-01,4.848379409026425946e-01,3.523920944091508467e+00,-1.726544638733433334e+00,1.832340899753662544e+00,1.999990922557769224e+00,2.951480562975332400e-02,4.328209871872825687e+00
4.718707987257567993e+01,-7.885089373342424324e-01,5.661384517387584303e-01,3.500035752556895030e+00,-1.873217329554685229e+00,1.591547649663604291e+00,1.999981255426841686e+00,-2.016353503395316993e-01,4.471075982530379633e+00
