0.000000000000000000e+00,-7.744356167221391196e-01,5.525409189740360105e-01,3.779442002528871747e+00,-1.747162818574617305e+00,2.100448092873174133e+00,1.999991305720771217e+00,-1.435276246125101185e-01,4.805986275049731304e+00
1.578398441577653633e-01,-7.530928755951599163e-01,6.375615196469243129e-01,3.775313053482007408e+00,-1.916826527048923978e+00,1.386903576549946004e+00,1.999979159034357634e+00,-1.926084759843237348e-01,4.961718140413418077e+00
3.156732289512507172e-01,-7.252532179408442969e-01,7.029580648918932750e-01,3.814162187113163238e+00,-1.999999638577094618e+00,6.706282144530629763e-01,8.122400818738272077e-02,4.028035617031134469e-02,5.023661095516362529e+00
4.735007700749602755e-01,-6.899819998302129109e-01,7.602597027813186026e-01,3.798480068724600756e+00,-1.999999692076561475e+00,7.047199574345187623e-01,-1.999963631104082706e+00,7.689601670004070355e-02,4.868821674364727237e+00
6.313359408601937339e-01,-6.464390270305978570e-01,8.200286677703449989e-01,3.702379832829457929e+00,-1.999999592069172882e+00,8.054426657882397533e-01,-1.999953917698989114e+00,8.003212255934578911e-02,4.560372457616175268e+00
7.891656251032345137e-01,-5.939171520889807709e-01,8.810886917327876988e-01,3.587806152717579966e+00,-1.999999732146752640e+00,8.901450321820305600e-01,1.999971514572273401e+00,4.762374882723416358e-02,4.204605862689637874e+00
9.470004133077283281e-01,-5.300169205283643548e-01,9.392172655087926980e-01,3.614461069062924192e+00,-1.999999865838666846e+00,8.743219835055254796e-01,1.999993420398015642e+00,7.240980402435105712e-02,3.950066036174769479e+00
1.104840621716450366e+00,-4.526530740043676615e-01,9.915903110979885637e-01,3.630156033952148587e+00,-1.999999896344292205e+00,9.197732417661926840e-01,1.999997110929529587e+00,7.824405174696952292e-02,3.713693545827764009e+00
1.262681461522275228e+00,-3.622536236993972869e-01,1.038266416195770647e+00,3.631358359257237378e+00,-1.999999911716041190e+00,9.630152173799050308e-01,1.999998430528518556e+00,7.386763971256464500e-02,3.514383517177889882e+00
1.420518228414948236e+00,-2.602499862649684803e-01,1.077297476081211292e+00,3.618037739855940682e+00,-1.999999917835407981e+00,9.730146563483382804e-01,1.999999031447961428e+00,7.608816466077793217e-02,3.371018012856256352e+00
1.578359492907691175e+00,-1.496175498172945539e-01,1.106363326465612307e+00,3.589360945710439399e+00,-1.999999927087630747e+00,9.790226338131202688e-01,1.999999341623094340e+00,7.421614061177331245e-02,3.298739584706740224e+00
1.736119677055532495e+00,-3.494919742050454914e-02,1.123940120982140023e+00,3.547012242026448714e+00,-1.999999921169086869e+00,9.773319506283681957e-01,1.999999515387073989e+00,8.219008123930376941e-02,3.305353286444574046e+00
1.893929269320524078e+00,7.853952374600897679e-02,1.130140728935466576e+00,3.491120168278697644e+00,-1.999999938249465536e+00,9.997074701627067794e-01,1.999999618378189847e+00,7.394293596276010905e-02,3.385461456052629714e+00
2.051709477387540836e+00,1.862557526855830037e-01,1.125688046386930763e+00,3.428463368889437923e+00,-1.999999921758307764e+00,9.869562818425754447e-01,1.999999682371555343e+00,6.854846461654043321e-02,3.526943962359809337e+00
2.209509697694257646e+00,2.852583536070355530e-01,1.111039160760308286e+00,3.365215761327847055e+00,-1.999999921698294880e+00,9.591908999830224269e-01,1.999999724274485802e+00,6.543978713020937032e-02,3.713766936049418987e+00
2.367281937511195533e+00,3.741025962463337962e-01,1.087939095950104296e+00,3.304942762687715252e+00,-1.999999929668461851e+00,9.278888400857074892e-01,1.999999753150507376e+00,5.816600913443684823e-02,3.925916425897957751e+00
2.525053648535680040e+00,4.525743354389650808e-01,1.058188135190103907e+00,3.250483084027250946e+00,-1.999999901311791950e+00,8.833509527845744280e-01,1.999999774420573750e+00,5.803119028233513083e-02,4.147524682363386894e+00
2.682826593173742058e+00,5.211558822390548462e-01,1.023360745472849720e+00,3.201629391858055396e+00,-1.999999930787976776e+00,8.462431296358287058e-01,1.999999790894557927e+00,5.307097544293904595e-02,4.367175561867148836e+00
2.840598310788523317e+00,5.805388951182348656e-01,9.846992228252281487e-01,3.158747918197228000e+00,-1.999999878912654738e+00,8.020421581725025728e-01,1.999999804371062950e+00,5.641419261297694193e-02,4.577824797054202755e+00
2.998365782695653792e+00,6.314756987075710315e-01,9.430735997908635815e-01,3.120292520951040149e+00,-1.999999935451612476e+00,7.697237260869363995e-01,1.999999815849939688e+00,5.301174131272855944e-02,4.772804323389116199e+00
3.156136732688610280e+00,6.746374551505815997e-01,8.991877699965519222e-01,3.086354760868839087e+00,-1.999999912801826207e+00,7.317418122317888018e-01,1.999999825976634282e+00,5.048381127466336493e-02,4.946769617368721228e+00
3.313922521897811890e+00,7.106455821081482105e-01,8.533533850196254322e-01,3.056688559492930057e+00,-1.999999508078986965e+00,6.919184238956945787e-01,1.999999835701909534e+00,6.289676299359130140e-02,5.095259932937204361e+00
3.471693240198370223e+00,7.400195578374502148e-01,8.063236696027252792e-01,3.028611836771178289e+00,-1.999999828394785517e+00,6.777122483460239488e-01,1.999999845435712853e+00,7.840610872443087853e-02,5.211812397345791048e+00
3.629467839254204797e+00,7.631772075791264376e-01,7.592026918631366028e-01,3.000030068712810305e+00,-1.999999956607504181e+00,6.865085678773885647e-01,1.999999854846557179e+00,8.104036081174961770e-02,5.291984779500869429e+00
3.787241177560768168e+00,7.804858023366598729e-01,7.125574014589305394e-01,2.971553968059724937e+00,-1.999517950993178195e+00,6.928049908757799580e-01,1.999999864216178702e+00,9.523574997636596873e-02,5.337309873230741353e+00
3.945015394690555510e+00,7.922723338497031920e-01,6.667254206204276112e-01,2.941356621437438257e+00,-1.999999904173687337e+00,7.163081794227039723e-01,1.999999873599957345e+00,1.047690420475574508e-01,5.351032021138263595e+00
4.102807214907126188e+00,7.987195727149062341e-01,6.221284232568107253e-01,2.908994014368625702e+00,-1.999999883286454061e+00,7.463852865026527894e-01,1.999999882758126901e+00,1.131065897056176134e-01,5.334981751321247856e+00
4.260585671994953749e+00,8.000000077418525368e-01,5.789108029280909395e-01,2.874047086349664770e+00,-1.999999999056268019e+00,7.809850766200906458e-01,1.999999888717129304e+00,8.200141815408355794e-02,5.291099160979221949e+00
4.418364913718290765e+00,7.962151734022999694e-01,5.363477572526679227e-01,2.842188677724717838e+00,-1.999785660719616054e+00,7.656757167562766586e-01,1.999999891911490080e+00,5.956556165111472068e-02,5.224483341604840625e+00
4.576147343322695349e+00,7.874330086654002248e-01,4.931858251437662433e-01,2.814752997031329862e+00,-1.993597964214609775e+00,7.164149532615041727e-01,1.999999895538653094e+00,3.884960275515158407e-02,5.126959682663258633e+00
4.733928721278660490e+00,7.736981848321921040e-01,4.486540364720327245e-01,2.793583852625190822e+00,-1.978176726493692472e+00,6.385122369263547260e-01,1.999999899694787420e+00,2.132584745105827601e-02,4.993053287824371189e+00
4.891682709510733140e+00,7.550136136093331674e-01,4.023588917152443600e-01,2.780296819315337675e+00,-1.950459437179388411e+00,5.388364913070134987e-01,1.999999904383579663e+00,8.332514617429658682e-03,4.821615976477204413e+00
5.049455387880246171e+00,7.313677467281949340e-01,3.542807615685979461e-01,2.776188344937223551e+00,-1.907699555461910945e+00,4.263321443409818778e-01,1.999999909446408042e+00,9.278942870980884296e-04,4.619047350764676985e+00
5.207254444022550999e+00,7.027889989787226011e-01,3.047256671929438054e-01,2.782028611758304848e+00,-1.847921171393299478e+00,3.125325356673289701e-01,1.999999914583809879e+00,-3.089485810579793712e-04,4.398747181014494245e+00
5.365044117906551335e+00,6.694146865727611528e-01,2.543049473736637145e-01,2.797738279037409459e+00,-1.770657597453608290e+00,2.115489022831238408e-01,1.999999919452090991e+00,4.499771961151003037e-03,4.177116450203615550e+00
5.522840649826602721e+00,6.315440462016858048e-01,2.039878358814224690e-01,2.822090506784285857e+00,-1.677768763498209692e+00,1.387673451800636171e-01,1.999999923767981747e+00,1.436601584759736316e-02,3.968847709708346105e+00
5.680641818473985971e+00,5.896449998268727954e-01,1.551801563064874601e-01,2.852698884763624765e+00,-1.573934228274251890e+00,1.077172329166178055e-01,1.999999927367403174e+00,2.744868485938045319e-02,3.783926901424516487e+00
5.838445955779847374e+00,5.443079176512626294e-01,1.097010439551652367e-01,2.886487610295349615e+00,-1.466320341393706261e+00,1.256370826672247309e-01,1.999999930205861087e+00,4.134469290131306818e-02,3.627023657737804552e+00
5.996258817961015453e+00,4.961723983448518838e-01,6.954453853407090158e-02,2.920536313582333232e+00,-1.361541686358316072e+00,1.900447633906649503e-01,1.999999932319094897e+00,5.373437003591605837e-02,3.498488541684566577e+00
6.154077893517587938e+00,4.459386778672260188e-01,3.646454489111700809e-02,2.952860386079906085e+00,-1.266083844867186503e+00,2.888961637774409286e-01,1.999999933762115933e+00,6.239030165100350328e-02,3.396614386701877208e+00
6.311904830467372385e+00,3.943208145017785826e-01,1.151457605372370116e-02,2.982839561870603173e+00,-1.188940513021222944e+00,4.016296975921492263e-01,1.999999934579755223e+00,6.547005215271413381e-02,3.318897595727184235e+00
6.469725159625647315e+00,3.418156576785474909e-01,-5.352713357381209090e-03,3.011163085554981134e+00,-1.129828014126689428e+00,5.024758514470252235e-01,1.999999934795869461e+00,6.372179293462314209e-02,3.262125574524728844e+00
6.627547880113612955e+00,2.889434673810226673e-01,-1.530063948193557781e-02,3.039296900391069922e+00,-1.087048004085410691e+00,5.748981433507879268e-01,1.999999934407552304e+00,5.865247111274206337e-02,3.223380992221795083e+00
6.785377436475526380e+00,2.361441041440173749e-01,-2.012213393238488149e-02,3.068812559074145074e+00,-1.052578784097709219e+00,6.115166129900428960e-01,1.999999933397164309e+00,5.251009306063036952e-02,3.200004492801769018e+00
6.943207810967632732e+00,1.839658569451347314e-01,-2.173002710857166106e-02,3.101082803407147814e+00,-1.024409424570345450e+00,6.188125212204153014e-01,1.999999931751898385e+00,4.588165752973080019e-02,3.189681341486751531e+00
7.101042299022537918e+00,1.327509395464453457e-01,-2.169410333333746804e-02,3.136973137446688487e+00,-1.000784947482487697e+00,6.036504532515402088e-01,1.999999929466619975e+00,3.944184825771585023e-02,3.190303746966475007e+00
7.258876298019341533e+00,8.266409486147587027e-02,-2.118907028488278832e-02,3.176878000590430684e+00,-9.800894198329974660e-01,5.736647806383370352e-01,1.999999926537959549e+00,3.404813713130269009e-02,3.200012682958347732e+00
7.416713222380853843e+00,3.374349641585352999e-02,-2.093406720762121601e-02,3.220715419109486888e+00,-9.569893093546020246e-01,5.344260918398188176e-01,1.999999922953352938e+00,3.049563338830851844e-02,3.217268666724033555e+00
7.574545562948100219e+00,-1.385952862528914628e-02,-2.129254834755537826e-02,3.268174272958832560e+00,-9.362486570272882114e-01,4.992483007230082426e-01,1.999999918700902102e+00,2.794841591258647243e-02,3.240730467932078529e+00
7.732380267658629514e+00,-6.029465528100396571e-02,-2.213576139792050243e-02,3.318502904905746842e+00,-9.098106909092670280e-01,4.639926679910248430e-01,1.999999913743729651e+00,2.685656228652656685e-02,3.269381187486044116e+00
7.890221187521259338e+00,-1.053434653518806191e-01,-2.343919600251984786e-02,3.371266353937180327e+00,-8.915817785027311260e-01,4.435679929247393627e-01,1.999999908049709285e+00,2.491059559424809236e-02,3.302206556166421780e+00
8.048057892213485331e+00,-1.494353522604242868e-01,-2.480364520659420272e-02,3.425658566737014521e+00,-8.699217499494571459e-01,4.194085731755479718e-01,1.999999901545590264e+00,2.411228660472323343e-02,3.338517686257514328e+00
8.205895025926608355e+00,-1.924151030042249022e-01,-2.635367324801278846e-02,3.481476793764013866e+00,-8.548212409219109187e-01,4.047425724935738711e-01,1.999999894152413971e+00,2.275227997960916140e-02,3.377540986884138174e+00
8.363735305195326930e+00,-2.346043653764530446e-01,-2.785658594788497158e-02,3.538200738988083849e+00,-8.368356105191577798e-01,3.858836298225825079e-01,1.999999885745327610e+00,2.209693339596264725e-02,3.418846990797417718e+00
8.521576089830388057e+00,-2.758724613626133970e-01,-2.947918965091448143e-02,3.595766807320071479e+00,-8.213057140585183769e-01,3.701832580924064309e-01,1.999999876178108371e+00,2.033139259901831780e-02,3.461945875372875570e+00
8.679417451247477544e+00,-3.163620008874211686e-01,-3.127497408638569426e-02,3.654077871793415699e+00,-8.129800166660657856e-01,3.571283505636098088e-01,1.999999865271220978e+00,1.776083625213765310e-02,3.506361008792711953e+00
8.837259335114033831e+00,-3.564221581203702027e-01,-3.326842855605263022e-02,3.712951783048568100e+00,-8.068524614270551343e-01,3.393640950903824005e-01,1.999999852771598086e+00,1.669012372204527889e-02,3.551916988688629484e+00
8.995096956256858789e+00,-3.961755400467055210e-01,-3.551004546284514812e-02,3.772219554876773184e+00,-7.940473258943360202e-01,3.155806660853575085e-01,1.999999838311466327e+00,1.772421070167685617e-02,3.599081492529588200e+00
9.152936507953931766e+00,-4.353739454592033820e-01,-3.798976763906298376e-02,3.831861193971831447e+00,-7.871643852422141041e-01,3.050143794532196861e-01,1.999999821403010802e+00,1.882403831578130168e-02,3.648816451328561694e+00
9.310778981885945882e+00,-4.742745050428279763e-01,-4.006152168708438516e-02,3.891529866381065794e+00,-7.839323941228025783e-01,3.034670885042831667e-01,1.999999801278380174e+00,2.166995172001692782e-02,3.704088715608055526e+00
9.468622264040330805e+00,-5.128708137816990753e-01,-4.089061402991274463e-02,3.951013987416061468e+00,-7.854779355704718524e-01,3.156009186138970524e-01,1.999999776780153837e+00,2.684285434228911998e-02,3.769932216653666845e+00
9.626463299027795628e+00,-5.509826305405975955e-01,-3.918445701941947190e-02,4.010120081872033282e+00,-7.947744425392514467e-01,3.481626799328091382e-01,1.999999746228453334e+00,3.440122337604144265e-02,3.853202115206901368e+00
9.784304555741982767e+00,-5.882468487675948099e-01,-3.320917429635082685e-02,4.068598860208095580e+00,-8.028254187064589598e-01,3.910967014446922740e-01,1.999999707260824877e+00,4.347262078900930582e-02,3.961742438585928561e+00
9.942150251549977114e+00,-6.236253037820685963e-01,-2.161217599754347574e-02,4.126765640720254424e+00,-8.137365153278425245e-01,4.462020623877119840e-01,1.999999656833094441e+00,4.889816199695398713e-02,4.101158839668911149e+00
1.009999350767617088e+01,-6.560880459523563690e-01,-3.522466898469843368e-03,4.185314496678726570e+00,-8.511909992339974362e-01,5.180406232456182813e-01,1.999999591128347465e+00,4.622020634437223885e-02,4.272413007676382435e+00
1.025783606785904745e+01,-6.854545438855128570e-01,2.145279099135254802e-02,4.244446011394022555e+00,-8.772960634265775104e-01,5.435597810352813530e-01,1.999999505347089146e+00,3.719387725095740782e-02,4.470226176051895095e+00
1.041566426524147460e+01,-7.103299381578148664e-01,5.142333979454599691e-02,4.306123155706629291e+00,-9.255094999368911335e-01,5.409239746293050821e-01,1.999999393042787954e+00,1.422189901190409889e-02,4.682714569181817055e+00
1.057350347943974711e+01,-7.309604441733561497e-01,8.434023592164878458e-02,4.371429672632094032e+00,-9.430834688279936540e-01,4.477730884934355560e-01,1.999999244961961020e+00,-2.087985972112999661e-02,4.891263924959128317e+00
1.073133706317985769e+01,-7.463187973969501732e-01,1.162832313531645539e-01,4.443384083210755620e+00,-9.774401625356756718e-01,2.693625573399201500e-01,1.999999042912000036e+00,-7.907100832089458686e-02,5.085480087989079578e+00
1.088916931738454252e+01,-7.574495666526964710e-01,1.430265066674942520e-01,4.524195369014613277e+00,-9.761489757652436206e-01,-5.793420420603256210e-02,1.999998751240356976e+00,-1.563385821522544072e-01,5.254070905899395960e+00
1.104700447191966362e+01,-7.643370833784588481e-01,1.590893874321870627e-01,4.616071092337795889e+00,-9.461399199112132674e-01,-6.093622237402877007e-01,1.999998280916975180e+00,-2.570646642740277432e-01,5.399661368512681747e+00
1.120483906410020936e+01,-7.678704199777398598e-01,1.574053037637345442e-01,4.719182978057522071e+00,-8.948776213110871680e-01,-1.478479827454995510e+00,1.999997357052430313e+00,-3.782189899047387338e-01,5.532736521083118753e+00
1.136267225895295852e+01,-7.700236851021405871e-01,1.297576775208126587e-01,4.829770724852615160e+00,-8.167236148082160918e-01,-2.556458858562828063e+00,1.999994597560784904e+00,-5.235526498446925192e-01,5.660053083792655038e+00
1.152050649146960382e+01,-7.736809045646700911e-01,7.210661854513869540e-02,4.934762279910373195e+00,-6.304542032235742610e-01,-3.550610453060968563e+00,1.039053429329529710e+00,-5.235972583829611171e-01,5.765752415863310887e+00
1.167833735174868970e+01,-7.799238690501937299e-01,-8.027417247100154807e-03,4.999999896152067969e+00,-3.086139456988404306e-01,-4.037761884600243434e+00,1.047345788437887698e-01,-5.235957151426221534e-01,5.828619963162851469e+00
1.183617038070603300e+01,-7.884178330321994776e-01,-9.794499301532842706e-02,4.999999886395713133e+00,1.539154835688699985e-01,-4.306775344336834621e+00,8.789012866556112913e-01,-1.444056423755404606e-01,5.853781814293782304e+00
1.199400248571754801e+01,-7.962097054968495513e-01,-1.803513355659862316e-01,4.999999976182854411e+00,7.091365965359238688e-01,-3.706476983036123940e+00,1.999995324935295082e+00,1.828721087563348058e-01,5.946709247751313043e+00
1.215182945968079054e+01,-7.999999973779815532e-01,-2.332349879854954122e-01,4.999999578761774366e+00,1.219148998203770207e+00,-2.799391785630515717e+00,1.999992383690115449e+00,3.433403252759005264e-01,6.075419663146844229e+00
1.230965758393391951e+01,-7.977618948759359618e-01,-2.576822874119409912e-01,4.995048149880337185e+00,1.629748845614768848e+00,-1.841802714660888185e+00,1.731536721040089821e+00,5.235956218687490837e-01,6.169588782754516387e+00
1.246748573893937007e+01,-7.884581917958546349e-01,-2.541948660807984428e-01,4.999999847128220765e+00,1.888194407061668967e+00,-8.645003269547959501e-01,-2.310022201566901412e-01,4.605029964584334556e-01,6.182705543901124479e+00
1.262531513582266918e+01,-7.724497350805822338e-01,-2.305931407381673071e-01,4.999999850470405960e+00,1.999999735179230020e+00,-5.900669852379362978e-02,-1.089561926057853514e+00,9.196859667581268327e-02,6.082272752213660816e+00
1.278314656896915480e+01,-7.510088152828929831e-01,-2.035102081817561359e-01,4.999999856307635326e+00,1.999999535357599001e+00,-1.680091192795368504e-01,-5.287498223707374212e-01,3.336110596271156525e-02,5.909606463365956408e+00
1.294097618752468470e+01,-7.255605338619566247e-01,-1.849585197767781297e-01,4.999999862082233015e+00,1.999999560611970040e+00,-2.498803203868978362e-01,-1.359516391447030403e-01,1.208873249083567900e-02,5.729960927801085013e+00
1.309881001642328791e+01,-6.970815153227394312e-01,-1.740249774968722629e-01,4.999999867743189164e+00,1.999999570233596646e+00,-2.986113140249640474e-01,-3.382193663149102997e-02,4.353627905627779210e-02,5.564969591514620895e+00
1.325665828207898045e+01,-6.665098221076677376e-01,-1.683890530857705403e-01,4.999999872676571755e+00,1.999999577175925580e+00,-3.010424471644224109e-01,5.906063471068488946e-01,-5.354393235031756210e-02,5.428808731358095052e+00
1.341450212660527619e+01,-6.349935188947007925e-01,-1.713740656652676941e-01,4.999999876376397090e+00,1.999999585594138818e+00,-5.154471808853935411e-01,-2.974944789555629687e-01,4.972716311865358341e-01,5.333862195273733953e+00
1.357234801495493137e+01,-6.021498000950892271e-01,-1.594151093643709494e-01,4.999982043572729573e+00,1.999996875992552825e+00,1.038852729427752752e+00,-1.999994392367608453e+00,-5.235975178710206013e-01,5.253705529258009044e+00
1.373019021600012124e+01,-5.684550354099952019e-01,-1.390574476510420265e-01,4.913457960121329293e+00,1.816662172568820344e+00,4.128503933874553833e-01,-1.999997351423384195e+00,5.235979380298714236e-01,5.079835876098618641e+00
1.388803479915067740e+01,-5.338946076839542476e-01,-1.021747719587043080e-01,4.898162919333260312e+00,1.700699365856643164e+00,2.278688697320264467e+00,-1.999998330744940933e+00,5.235983568204698457e-01,4.991027439139733346e+00
1.404588209699039858e+01,-4.962918680762776757e-01,-1.062231984740099298e-02,4.951758474192738291e+00,1.339704462506384530e+00,3.795410019288917969e+00,-1.999998815105925143e+00,5.235985605078872229e-01,4.906504462489124307e+00
1.420372758606998786e+01,-4.545654937813362606e-01,1.265455609541164539e-01,5.000000019130830253e+00,7.723954582822100123e-01,4.906995516689689474e+00,-8.048109465514394767e-01,5.235977424237708844e-01,4.805984473979573401e+00
1.436157186520450324e+01,-4.077206036283591017e-01,2.978535469496385590e-01,5.000000014825221051e+00,1.606732262300644698e-02,5.458370604666986203e+00,1.999998648295449044e+00,-1.263496901937016630e-03,4.723303773131594774e+00
1.451941480371977100e+01,-3.579586592236171927e-01,4.566205650830140739e-01,5.000000018496663756e+00,-7.277772315096433520e-01,4.401253478458547086e+00,1.999999379149001388e+00,-1.215519514975431647e-01,4.759697876577614117e+00
1.467725981667522639e+01,-3.056800731748675615e-01,5.764197108040357564e-01,4.935104436950638274e+00,-1.314647594061276958e+00,3.096726376947617876e+00,1.999999270270213403e+00,-1.794144191648105735e-01,4.806269370087824733e+00
1.483510419219275711e+01,-2.522098629438590534e-01,6.536812505805160711e-01,4.875723037075962552e+00,-1.713654502385872247e+00,1.804785900431106205e+00,1.999999128631771761e+00,-1.837257059035764528e-01,4.863679761115905720e+00
1.499294903194657458e+01,-1.984879907371958074e-01,6.913595916236352501e-01,4.861910443012234850e+00,-1.934787166601557251e+00,9.273160318845540262e-01,1.999998942017077841e+00,-1.258064579822169016e-01,4.928475363777589102e+00
1.515079552526056084e+01,-1.451350510649438430e-01,7.045011154897392602e-01,4.883327548454277967e+00,-1.999999123174756699e+00,6.025523979505268413e-01,1.999998687606502790e+00,-5.866407483435851639e-02,4.966769218193029189e+00
1.530863941851100662e+01,-9.132226802221718454e-02,7.088375377196626248e-01,4.910419149214248158e+00,-1.999999318193560471e+00,5.716034034600091518e-01,1.999998304217495582e+00,-3.875014088997189021e-02,4.988836234463564168e+00
1.546648138364089142e+01,-3.682220962270039283e-02,7.098569211988879912e-01,4.932817404880847967e+00,-1.999042869241829834e+00,4.844949884197157775e-01,1.999997652670518100e+00,-2.770405453837651577e-02,5.023332207660674342e+00
1.562431973508963345e+01,1.755301835599507379e-02,7.050418072043522777e-01,4.954732189665341124e+00,-1.999987287933523872e+00,3.213158863002182342e-01,1.999996328029412185e+00,1.113527735098461015e-02,5.081686672317462516e+00
1.578214310980001045e+01,7.062420390066039000e-02,6.933469281404678330e-01,4.976047116921775704e+00,-1.999999019562794356e+00,2.443159789021686623e-01,1.999992293671987831e+00,5.235836652505174854e-02,5.162481566551462286e+00
1.593997106120957774e+01,1.211592289941063744e-01,6.776014519189484941e-01,4.991647761730037658e+00,-1.999999191541732113e+00,2.802533346512949275e-01,1.918759090934486711e+00,5.267840150893356166e-02,5.252866246757690760e+00
1.609780420846664839e+01,1.683921253402817508e-01,6.601064154702060982e-01,4.999999797289748749e+00,-1.999998817603316548e+00,2.968846822628968818e-01,1.486129488711610991e+00,4.983008144955011244e-03,5.341347166155989257e+00
1.625563363660890204e+01,2.119894429349342135e-01,6.394330796567241348e-01,4.999999786548840142e+00,-1.999999699887178295e+00,1.816311099682793029e-01,1.406228921040157731e+00,2.707217566190567304e-02,5.422308682676556302e+00
1.641346420708794795e+01,2.517531997912558772e-01,6.155525146283129523e-01,4.999999777408214108e+00,-1.999999671261421641e+00,1.546269505643699527e-01,1.570704377469132051e+00,7.091575902075339388e-02,5.496142820464749335e+00
1.657129241472300407e+01,2.874990270640799817e-01,5.925144656492916662e-01,4.999999763133559760e+00,-1.999999680267606550e+00,2.400298530962897692e-01,1.434965342451298476e+00,1.921989341346164865e-02,5.552779168970625179e+00
1.672912063245719949e+01,3.194341639849621051e-01,5.710395307201330262e-01,4.999999753444495099e+00,-1.999999686178624447e+00,1.811867031216452539e-01,1.288801473829720878e+00,2.303404499429338725e-02,5.589991882373714027e+00
1.688695025496055635e+01,3.480889030236504200e-01,5.498629209761645154e-01,4.999999746068817252e+00,-1.999999693008518209e+00,1.434648930331826056e-01,1.189715339437485309e+00,3.172682033276177926e-02,5.610517157567040947e+00
1.704478292046537291e+01,3.736712209810877372e-01,5.302448796572603040e-01,4.999999737198564276e+00,-1.999999700885346288e+00,1.413768120903313996e-01,1.081195767765426918e+00,2.662611521028297734e-02,5.616445211700468398e+00
1.720262938423008592e+01,3.964819566380138882e-01,5.129202244892084872e-01,4.999999728090678275e+00,-1.999999709167156414e+00,1.316273509210402759e-01,9.844190220890262077e-01,2.638144054095125507e-02,5.612560590731480836e+00
1.736046998658444451e+01,4.169005058039739753e-01,4.977954758615087405e-01,4.999999718556038530e+00,-1.999999717388836640e+00,1.263100575459455976e-01,9.087181220210132082e-01,2.678370098471341554e-02,5.604671354597144273e+00
1.751831324383365285e+01,4.352391154820650088e-01,4.847043146460257579e-01,4.999999707484290568e+00,-1.999999724146251934e+00,1.241626414742930673e-01,5.067626760760030047e-01,3.946676087595914900e-02,5.597225570644917880e+00
1.767615416437362796e+01,4.517278393453079133e-01,4.736931928413101733e-01,4.988447588856843140e+00,-1.999999688022388034e+00,1.508854724232771005e-01,-1.999987746266554733e+00,-7.118071984729640311e-02,5.581732155490380265e+00
1.783399548897952513e+01,4.660026462809274128e-01,4.605616645640467910e-01,4.919621957300321924e+00,-1.999999521311661921e+00,-1.060431055688678958e-01,-1.999993938960814566e+00,5.235974946117083473e-01,5.517364044636685172e+00
1.799183935235225462e+01,4.779522774497141357e-01,4.526668557970043860e-01,4.777498784612467908e+00,-1.973488667356261939e+00,4.487464086415427489e-01,-1.999995795745308946e+00,-2.233835599777022340e-01,5.372036167097790305e+00
1.814968180758339855e+01,4.873222133403927181e-01,4.419977546292290227e-01,4.708791618551880553e+00,-1.999999852093917951e+00,-3.184303541277753724e-01,-1.999996917969616428e+00,5.235981349803526808e-01,5.320705333624734301e+00
1.830752232617233233e+01,4.942749779079508299e-01,4.290284549867480202e-01,4.573925019410080672e+00,-1.936644154062143297e+00,2.514173919109186639e-01,-1.999997450412135391e+00,5.235982472694449275e-01,5.166786260613381643e+00
1.846536496035796659e+01,4.995828617142111794e-01,4.334862146311135311e-01,4.403402012796915344e+00,-1.943601067944682903e+00,7.760058287295925616e-01,-1.999997662229398454e+00,-1.748127564629508024e-01,5.007166594222651312e+00
1.862320750393788771e+01,5.028687329034542408e-01,4.355687501509457604e-01,4.309405799140474613e+00,-1.999999897414071137e+00,9.295300821368916722e-02,-1.999997888962443904e+00,5.235983392836469630e-01,4.942137283292643346e+00
1.878105137692154614e+01,5.041903844291169001e-01,4.356832090880401465e-01,4.140389926684394872e+00,-1.974035543268635839e+00,6.129761892414578028e-01,-1.999997982809426533e+00,-8.156346674018820353e-02,4.770778854779550215e+00
1.893889511915230273e+01,5.038997642649434283e-01,4.386683872063651402e-01,4.039431008730272055e+00,-1.999999874859148541e+00,2.554793621358983913e-01,-1.999998029941338906e+00,5.235983854095224155e-01,4.688026008920107124e+00
1.909673845965695094e+01,5.020872450476190352e-01,4.445297134763613323e-01,3.851120472465441313e+00,-1.977315921745710581e+00,7.435485194643823847e-01,-1.999997892630552387e+00,-5.293166216497636328e-02,4.504897278502214775e+00
1.925457844417674380e+01,4.990562667300625366e-01,4.538738236251687597e-01,3.731606703971498629e+00,-1.999999913584264988e+00,4.461220055644272153e-01,-1.999997614025074144e+00,5.235983329619599003e-01,4.412342071226652784e+00
1.941241843242822540e+01,4.948715046411763518e-01,4.661703002616622848e-01,3.518198266474708014e+00,-1.984373626745346453e+00,9.058946870174842125e-01,-1.999996543291273410e+00,7.069511355846463951e-02,4.221466164916013675e+00
1.957026488964968536e+01,4.897414118523448212e-01,4.874917315724772715e-01,3.352523210998259007e+00,-1.999999853857426846e+00,9.093610535073572976e-01,-1.999988646493301880e+00,1.023267890254668105e-01,4.099105784244893691e+00
1.972810929973897132e+01,4.843137431055188347e-01,5.097824680824636356e-01,3.172789717024639522e+00,-1.999999867176776691e+00,9.735846416188308483e-01,1.999994186066675672e+00,5.321385059655971139e-02,3.962987810241135112e+00
1.988594961520657378e+01,4.802485257864687607e-01,5.306506698429827029e-01,3.157216479888342864e+00,-1.999999926488457369e+00,9.209947152860969988e-01,1.999997812250896567e+00,9.036535980327364825e-02,3.982366041116452759e+00
2.004378797962834469e+01,4.788158756850348641e-01,5.485907594441474799e-01,3.135171717680758086e+00,-1.999999944397806040e+00,9.780747953106748716e-01,1.999998673792909631e+00,7.661839380010848632e-02,3.996655648250781123e+00
2.020161358680221042e+01,4.793706161904641716e-01,5.653266599691368910e-01,3.110223945914015964e+00,-1.999999925255568467e+00,9.804636552127695692e-01,1.999999060101476100e+00,8.510825423678422541e-02,4.005970816028855630e+00
2.035944544404977563e+01,4.816824077855817454e-01,5.800657511744047312e-01,3.081546289373891856e+00,-1.999999941046404661e+00,9.977729701543321950e-01,1.999999279478573921e+00,7.452205789121151003e-02,4.006769643788437918e+00
2.051727480689138616e+01,4.853912255072260762e-01,5.930675541993204458e-01,3.052732540975072073e+00,-1.999999904791331939e+00,9.859174989088682617e-01,1.999999422185561260e+00,8.639878577204028465e-02,4.000874675543080627e+00
2.067510665892076460e+01,4.902946874318916959e-01,6.048633829683837115e-01,3.021255009925117641e+00,-1.999999929974954682e+00,1.008251890222341629e+00,1.999999523942376678e+00,9.105351267981415253e-02,3.986180188690877646e+00
2.083293757923996736e+01,4.962050331837766226e-01,6.170476715818677960e-01,2.986619263536990587e+00,-1.999999895417894802e+00,1.036566366971470199e+00,1.999999600921689158e+00,1.058014039275809032e-01,3.963566848589031189e+00
2.099076626665013734e+01,5.031545298608183225e-01,6.307771798700652077e-01,2.946340347074833055e+00,-1.999999949964585522e+00,1.088300304510715355e+00,1.999999660125256318e+00,9.669766042233343684e-02,3.932798895448086363e+00
2.114859806048661284e+01,5.112593188874791084e-01,6.463506491759715145e-01,2.904262872930322370e+00,-1.999999841578294912e+00,1.107711742829046608e+00,1.999999707300170071e+00,1.028492084101186449e-01,3.899246298275300671e+00
2.130643164556465408e+01,5.207488498035247604e-01,6.633536523415937136e-01,2.859331672301168581e+00,-1.999997346910307172e+00,1.138944413099943098e+00,1.999999748098763241e+00,1.314392488375774326e-01,3.863517580103360771e+00
2.146426099727144532e+01,5.317520260036590063e-01,6.831812603700463393e-01,2.805331386272702066e+00,-1.997886715690871284e+00,1.211078217907311849e+00,1.999999784219388177e+00,1.656376292550291174e-01,3.819468501569842633e+00
2.162209263772422929e+01,5.445121396225087729e-01,7.076252235983995220e-01,2.737655747031225939e+00,-1.996218428300070791e+00,1.318232759914001129e+00,1.999999815716277496e+00,1.944248941606061265e-01,3.765779073458651816e+00
2.177992429830322507e+01,5.593085856144994761e-01,7.379000589815126743e-01,2.654365794232283360e+00,-1.997471371340680868e+00,1.440547932512290741e+00,1.999999842628180424e+00,2.144103865924149033e-01,3.704906966798462431e+00
2.193775497726101875e+01,5.764012445765691606e-01,7.743088249153214919e-01,2.555486625389159272e+00,-1.999999887656132680e+00,1.555558695828556326e+00,1.999999864601602173e+00,2.226805307787345367e-01,3.640570037953986482e+00
2.209558625880726623e+01,5.960418828401715663e-01,8.159465256236647646e-01,2.443477927467489152e+00,-1.999999996755254861e+00,1.645533781117676675e+00,1.999999879513874479e+00,2.093229840782886986e-01,3.579982410032690243e+00
2.225341623487963005e+01,6.183888225661290372e-01,8.603711469739850903e-01,2.325078034273753591e+00,-1.992652853389592638e+00,1.690923402618260463e+00,1.999999889842361878e+00,1.968459658776797183e-01,3.535710212295180010e+00
2.241124771946251926e+01,6.433331274259751487e-01,9.039271510302181456e-01,2.204097225721287412e+00,-1.973522872653058258e+00,1.699187652264464887e+00,1.999999898630740569e+00,1.815746291715560345e-01,3.519862410712384371e+00
2.256907806326205801e+01,6.702743841928323620e-01,9.422839990434183077e-01,2.085421240084243788e+00,-1.941130726656453920e+00,1.668173984636833751e+00,1.999999905438188064e+00,1.638046269463677429e-01,3.547959011373336136e+00
2.272690868338902703e+01,6.980351130474612420e-01,9.703975631795420664e-01,1.974548307145058024e+00,-1.895526603205135219e+00,1.599728351407158522e+00,1.999999909966554634e+00,1.438595304975623101e-01,3.635353678423588697e+00
2.288472357994913509e+01,7.249856277942773319e-01,9.833874885209817895e-01,1.876635550660121776e+00,-1.839996156871280153e+00,1.500597142387722682e+00,1.999999912138408220e+00,1.219211064684225243e-01,3.794302952276016772e+00
2.304244539610289877e+01,7.493491551022691821e-01,9.776882432796308864e-01,1.795255104604315255e+00,-1.780459405018405050e+00,1.366778517992943254e+00,1.999999912270268521e+00,9.800820750131758463e-02,4.025910743731873076e+00
2.320007915100308082e+01,7.696302813593817183e-01,9.514803578430084396e-01,1.732549169252816101e+00,-1.722055710839841547e+00,1.208148395774938377e+00,1.999999911298490973e+00,7.290360609589281726e-02,4.307758343233842879e+00
2.335776240379344415e+01,7.849462074288964253e-01,9.056200580004060141e-01,1.688179935037322110e+00,-1.668302421825688775e+00,1.029694262210147926e+00,1.999999910780902113e+00,4.775509430376912584e-02,4.586517205001223729e+00
2.351543549955964707e+01,7.950353717850104918e-01,8.429540814546021554e-01,1.660528719559140054e+00,-1.619021443534814253e+00,8.356886649350261376e-01,1.999999912435321825e+00,2.433483889100415340e-02,4.788182691367104837e+00
2.367310658013312974e+01,8.000000078343953991e-01,7.672478197194319005e-01,1.647793331088016400e+00,-1.570472550489447894e+00,6.302499717831819837e-01,1.999999915259728533e+00,5.679523502544653150e-03,4.851791204429642512e+00
2.383078259157212742e+01,7.999998840964560598e-01,6.821023112903071839e-01,1.648568256166281332e+00,-1.516642118962502783e+00,4.213659516561909513e-01,1.999999919170456497e+00,-5.807907502671090690e-03,4.760700823217270283e+00
2.398846182048627540e+01,7.950936164407386153e-01,5.903706268908821553e-01,1.661865178999846204e+00,-1.451090557222143307e+00,2.214895356116352854e-01,1.999999925317479610e+00,-8.766837745144551511e-03,4.541862105080971546e+00
2.414615288732226261e+01,7.852549508152582014e-01,4.941925964719032782e-01,1.686598530425565512e+00,-1.368613525626051874e+00,4.678049920476796270e-02,1.999999932715921247e+00,-1.504416811285316661e-03,4.240589302224441859e+00
2.430388086077191190e+01,7.704719105386813593e-01,3.955811838313034734e-01,1.720703300530824320e+00,-1.266507124640995574e+00,-7.910097659546633242e-02,1.999999940525221565e+00,1.684858585399808331e-02,3.899192741364467807e+00
2.446158990947670731e+01,7.508432439313045270e-01,2.974164060579259083e-01,1.760527123568971009e+00,-1.146035209524455700e+00,-1.260300468256599915e-01,1.999999948176882869e+00,4.551954318617178891e-02,3.550823439971421802e+00
2.461931191699610011e+01,7.266498712267226434e-01,2.044250705400358081e-01,1.801077313523524515e+00,-1.013834988828538508e+00,-6.703088804795433175e-02,1.999999955298045196e+00,8.113890021556752208e-02,3.221049530994833709e+00
2.477704546314851441e+01,6.984222963011923468e-01,1.234338915682394872e-01,1.837653013474204400e+00,-8.819730822459008746e-01,1.030781480711734505e-01,1.999999961625184008e+00,1.173607795106676038e-01,2.929492126968059829e+00
2.493479114948413056e+01,6.670260504949403479e-01,6.207056558303854221e-02,1.868340934178746249e+00,-7.649734455255238208e-01,3.511405542909007416e-01,1.999999966960777753e+00,1.462430896115636536e-01,2.689735506128427822e+00
2.509255352199869904e+01,6.337422074019738449e-01,2.591160021197644325e-02,1.895390224504841736e+00,-6.735926677016171871e-01,6.149112091297312954e-01,1.999999971168858748e+00,1.617223452327208599e-01,2.508815641553554521e+00
2.525032557084151819e+01,6.002890169482963945e-01,1.591331502448294424e-02,1.923848729030636973e+00,-6.110917227737947544e-01,8.280211516509673464e-01,1.999999974187085749e+00,1.622291386995386719e-01,2.387394973238805118e+00
2.540817478931076678e+01,5.686337938593218899e-01,2.781206666948755207e-02,1.958932122369767326e+00,-5.729328873708320335e-01,9.528294573163085257e-01,1.999999976040731209e+00,1.510408529535764155e-01,2.320546877221679516e+00
2.556602607299809549e+01,5.406479278495717189e-01,5.423876612625415372e-02,2.003957803956148087e+00,-5.506893732456048518e-01,9.899320007232007557e-01,1.999999976835959759e+00,1.336758807418645667e-01,2.299533780447888365e+00
2.572386043152399893e+01,5.177655634242083194e-01,8.773545952971380235e-02,2.059753418298807315e+00,-5.376608541916132467e-01,9.623550270783554073e-01,1.999999976727753648e+00,1.144875282603004113e-01,2.314173367538881365e+00
2.588169951821300785e+01,5.007342599107938996e-01,1.225198896866060705e-01,2.125214991641890983e+00,-5.306939530618497436e-01,8.954114122610615789e-01,1.999999975879877212e+00,9.582307437158089913e-02,2.354887387276153099e+00
2.603954017059215431e+01,4.895734473794671193e-01,1.547740573169457123e-01,2.198245241457872812e+00,-5.261926485350758576e-01,8.095336834725248565e-01,1.999999974444351514e+00,7.927434981436096151e-02,2.413308777843826469e+00
2.619737851638404180e+01,4.838778459487067529e-01,1.824697784211025131e-01,2.276578339150426178e+00,-5.227171452173281496e-01,7.204797161709424191e-01,1.999999972545236426e+00,6.505702553004777400e-02,2.482992750493181688e+00
2.635521658650501919e+01,4.829697323077606352e-01,2.049028075425792517e-01,2.358243911724381192e+00,-5.196043221282303781e-01,6.360123924755556324e-01,1.999999970276819417e+00,5.294088458452716334e-02,2.559325802414645246e+00
2.651305429342887621e+01,4.860719907151479502e-01,2.221382627718423430e-01,2.441773292239412640e+00,-5.168404827418864311e-01,5.589847127898053269e-01,1.999999967701473924e+00,4.269509840531769684e-02,2.639492364926774304e+00
2.667089543531610119e+01,4.924018817051085684e-01,2.346212873854450209e-01,2.526124085460520252e+00,-5.134034179280626553e-01,4.896906451832045981e-01,1.999999964855770918e+00,3.440915740409011825e-02,2.721927421610230269e+00
2.682873911648224663e+01,5.012827075472218175e-01,2.429338880522968480e-01,2.610524183998463421e+00,-5.090921713015000849e-01,4.300175419813209166e-01,1.999999961743852417e+00,2.787132677400766187e-02,2.806581195377000348e+00
2.698657884944075391e+01,5.121098750454041726e-01,2.476508720226159310e-01,2.694258520063117501e+00,-5.040690901814175451e-01,3.803689830475389666e-01,1.999999958339358841e+00,2.275548442144893074e-02,2.894671725638910953e+00
2.714441982942778608e+01,5.243194751461360825e-01,2.491356991620853056e-01,2.776547092555849972e+00,-4.987630568188373137e-01,3.398943944761092517e-01,1.999999954586882955e+00,1.867315245637977961e-02,2.988482262442093695e+00
2.730226373804595497e+01,5.373368276436270019e-01,2.474112236885404603e-01,2.856470961512035611e+00,-4.937209858035606636e-01,3.068448023180786466e-01,1.999999950413165806e+00,1.527166225147845446e-02,3.090751372899295024e+00
2.746010359966692960e+01,5.505275449732902615e-01,2.421463238945249230e-01,2.932986180865841952e+00,-4.894167703778421474e-01,2.791487541160755925e-01,1.999999945752682473e+00,1.233833244835278939e-02,3.203517273603025295e+00
2.761794303881044854e+01,5.631776886304230567e-01,2.327865283293048537e-01,3.005055783963738403e+00,-4.843558359257396084e-01,2.536328664255692589e-01,1.999999940593775838e+00,9.740516913989064399e-03,3.326150746990010454e+00
2.777578333402070143e+01,5.745928955452733744e-01,2.187383312929969403e-01,3.071939737577301877e+00,-4.802939880471012168e-01,2.313688972596413540e-01,1.999999934991347095e+00,6.825483017293213113e-03,3.455407791790769956e+00
2.793362027273680681e+01,5.839979837665336682e-01,1.997194141332463702e-01,3.133373558021061989e+00,-4.759229810461957921e-01,2.074733140374135643e-01,1.999999929125354292e+00,3.702705574222709024e-03,3.583097228123296230e+00
2.809142046652110380e+01,5.907448041450835685e-01,1.758127717512195098e-01,3.189797082234957060e+00,-4.730845864807882717e-01,1.832155265359621255e-01,1.999999923242302469e+00,3.526037282686937213e-04,3.699125206520212039e+00
2.824923585368508583e+01,5.942175742704682850e-01,1.477059355629767867e-01,3.242192155522006569e+00,-4.690099134385476987e-01,1.547276866852381472e-01,1.999999917612988787e+00,-2.336150057840754267e-03,3.792850005813032777e+00
2.840706856414562509e+01,5.940430643960183943e-01,1.164389310589001997e-01,3.291934706444139991e+00,-4.641644774118175998e-01,1.266714439927837110e-01,1.999999912386869916e+00,-4.158269410449663868e-03,3.858879122613263490e+00
2.856489107469202793e+01,5.899373907938003647e-01,8.336058899550581602e-02,3.340400372587212896e+00,-4.567603267949124635e-01,9.993317818788163831e-02,1.999999907557094891e+00,-4.731633332472611787e-03,3.897609531067062427e+00
2.872271485097639854e+01,5.817915336068800736e-01,4.974579736976147276e-02,3.388770572370601641e+00,-4.463912205865419036e-01,7.785874060508458927e-02,1.999999902958328413e+00,-4.419238745689728527e-03,3.914944952757122731e+00
2.888053977336812750e+01,5.696037986811688381e-01,1.664178154931259673e-02,3.437873761531043293e+00,-4.338329915667692438e-01,6.216500837645982241e-02,1.999999898347842864e+00,-4.023054019837804876e-03,3.918943097909034279e+00
2.903836672366645288e+01,5.534295999039797742e-01,-1.526906860333595260e-02,3.488187972061918440e+00,-4.199378613609546229e-01,5.089176204251542879e-02,1.999999893489819769e+00,-4.401756794965757009e-03,3.916642658892962814e+00
2.919619899487317127e+01,5.333598297134379829e-01,-4.573786432614838221e-02,3.539949163444437108e+00,-4.105377203312209344e-01,4.494587856773947510e-02,1.999999888212379950e+00,-5.983884627796212663e-03,3.912363240058345237e+00
2.935403202994575622e+01,5.092967487328954324e-01,-7.470834708346657527e-02,3.593193674077768573e+00,-4.035828808510990018e-01,3.625499291964864174e-02,1.999999882389493111e+00,-7.018402280334116138e-03,3.907977350531711025e+00
2.951186846244221584e+01,4.812407758324425133e-01,-1.023321436069114659e-01,3.647860909797830065e+00,-3.927169666122982683e-01,2.060301497760857331e-02,1.999999875886462108e+00,-6.348381947761458886e-03,3.904819741326674976e+00
2.966970253199122354e+01,4.494275861407490136e-01,-1.288300278989302217e-01,3.703833239665930144e+00,-3.794811555541043879e-01,8.417006659445402245e-03,1.999999868583859364e+00,-4.959042895605459897e-03,3.903312666588155455e+00
2.982753759913666158e+01,4.140099496586575056e-01,-1.541560413438235744e-01,3.760907928519128696e+00,-3.645546426427275777e-01,1.305374717015598358e-03,1.999999860343901981e+00,-3.830344396277331979e-03,3.903637186664076886e+00
2.998537262562769357e+01,3.751275638309348737e-01,-1.782866560207080064e-01,3.818922152199715647e+00,-3.550160732089198690e-01,2.969467249240376108e-03,1.999999851054476308e+00,-3.817618655414174809e-03,3.904619199647341166e+00
3.014320706128485838e+01,3.326543136737546424e-01,-2.011366273752868417e-01,3.877747402167631474e+00,-3.473866034747987164e-01,3.402892008006502822e-03,1.999999840496350156e+00,-3.831127643898268615e-03,3.906554399199472005e+00
3.030104821502489898e+01,2.866243567723237851e-01,-2.228507889255704477e-01,3.937316724967294679e+00,-3.425458724827906143e-01,4.005560123175693626e-03,1.999999828431430426e+00,-3.962387202193302406e-03,3.908897784740493986e+00
3.045888816004092448e+01,2.370216935967812688e-01,-2.435080068482234905e-01,3.997582512774438435e+00,-3.408480290737775364e-01,5.007568549453072886e-03,1.999999814543619525e+00,-4.289877135024290460e-03,3.911099424903263344e+00
3.061672655840354906e+01,1.838108230495540674e-01,-2.631263413402418760e-01,4.058563786854634259e+00,-3.327637144817155446e-01,-5.418746687971117901e-03,1.999999798263938811e+00,-5.858236786166794163e-03,3.915328218764630552e+00
3.077456716890862509e+01,1.273410220572238627e-01,-2.820942486664181903e-01,4.120543807421318760e+00,-3.212352869223754070e-01,-2.694047212855734882e-02,1.999999779002425537e+00,-1.331520116681166738e-02,3.921157631070661509e+00
3.093240901672077925e+01,6.778602567505771781e-02,-3.009751005831782789e-01,4.184212237697964909e+00,-3.169275775420869468e-01,-6.922172235976538357e-02,1.999999756040661492e+00,-2.958606549197016072e-02,3.926765308202258442e+00
3.109024762592622437e+01,4.831092465109766178e-03,-3.206071404199722918e-01,4.250735981103846761e+00,-2.979721498635920507e-01,-1.777850172663076878e-01,1.999999727622012058e+00,-5.317464849117269771e-02,3.941615383698740871e+00
3.124808739612432973e+01,-6.100761514470059987e-02,-3.428896142885425324e-01,4.321396518236293005e+00,-2.648521912932010336e-01,-3.605107982920323639e-01,1.999999691798014290e+00,-8.484935582039013213e-02,3.969854802914033698e+00
3.140593040923509704e+01,-1.294555315028495523e-01,-3.697149224908579113e-01,4.396798375050158469e+00,-2.003214654177717657e-01,-6.357579767498267032e-01,1.999999645257524827e+00,-1.192253862684298088e-01,4.022063549837753271e+00
3.156377087412647242e+01,-1.997424206067061614e-01,-4.028329300032910121e-01,4.475534785863378495e+00,-9.523106343628144621e-02,-9.874565597801990835e-01,1.999999583453098140e+00,-1.486584895321722277e-01,4.105049354791579397e+00
3.172161405417166691e+01,-2.709650222972256328e-01,-4.426890333034502190e-01,4.553546658866460817e+00,8.429580973371404717e-02,-1.355657690802406501e+00,1.999999498344473547e+00,-1.641343981557152332e-01,4.235010025644640130e+00
3.187945000792729289e+01,-3.410143434033067744e-01,-4.871230336351039525e-01,4.623222094135480909e+00,3.437179599734959123e-01,-1.594539933955978928e+00,1.999999378668171346e+00,-1.662964382437523148e-01,4.418804576434207654e+00
3.203727919109874023e+01,-4.075053735883845674e-01,-5.300145524197427127e-01,4.677534733438201364e+00,6.420969693163506298e-01,-1.584217774190471273e+00,1.999999209780236598e+00,-1.630735719240671289e-01,4.645158958597284560e+00
3.219511426296599410e+01,-4.689448902249916951e-01,-5.634416365995786879e-01,4.717593751837588556e+00,8.859541174023679577e-01,-1.335334753968660859e+00,1.999998973621831544e+00,-1.633830897619316658e-01,4.873720775466863664e+00
3.235294305054934938e+01,-5.260030277562183221e-01,-5.819369792252045981e-01,4.754292589098584543e+00,9.992745291810167796e-01,-1.195464893477538260e+00,1.999998635914378209e+00,-1.664569943776190442e-01,5.067753597123014764e+00
3.251077062110528715e+01,-5.807991115479983479e-01,-5.906416986697611282e-01,4.792201258259616736e+00,1.111679331239527002e+00,-1.216946851125144669e+00,1.999998093288948287e+00,-1.464816578944621306e-01,5.297305374621671170e+00
3.266859622459273282e+01,-6.319255333150253229e-01,-5.937240505893177644e-01,4.829129247430230087e+00,1.258995679919381772e+00,-1.107425809934240446e+00,1.999997126704194716e+00,-9.245193581005206607e-02,5.577920172506062535e+00
3.282642444395244041e+01,-6.776936513759980185e-01,-5.867570703677396082e-01,4.872066197045238134e+00,1.420162922711992515e+00,-1.300397423519839668e+00,1.999995109888570211e+00,3.106845760097001839e-03,5.906430675351084680e+00
3.298424709565355784e+01,-7.167525834438612797e-01,-5.766008614256811216e-01,4.913130310777630072e+00,1.626233704367587185e+00,-1.275356001266296113e+00,1.999989062402704798e+00,1.873972782544391924e-01,6.261234343646928657e+00
3.314206048630258294e+01,-7.481377577796682887e-01,-5.558495759179141738e-01,4.962103719371950383e+00,1.821450243213408760e+00,-9.808369471804901929e-01,1.123143969212628157e+00,5.235896149618742834e-01,6.586780481820076361e+00
3.329982419201258637e+01,-7.713988666008729789e-01,-5.169143584834352545e-01,4.996551426661611117e+00,1.974950141066586395e+00,3.403849836453976679e-02,-1.999988038938837365e+00,1.949822025388791014e-01,6.796462706953808386e+00
3.345760730243782177e+01,-7.869437874573691483e-01,-4.661715288799723744e-01,4.999999909865537440e+00,1.999999648249894735e+00,1.223672325328848953e-01,-1.822157417828215609e+00,6.582959321233075589e-02,6.779874029928603996e+00
3.361539132028904930e+01,-7.961317354849688499e-01,-4.197906056720390744e-01,4.999999766397083434e+00,1.999999682881672403e+00,2.961067205708834034e-03,-1.238007955605137322e+00,9.345122882200955494e-03,6.641171635489758529e+00
3.377324524756173929e+01,-8.000000013488083317e-01,-3.817449925895700091e-01,4.999999802777191249e+00,1.999999468359034527e+00,-9.851135343191495808e-02,-7.435062021409811761e-01,-2.214789499748544277e-02,6.442392044704819298e+00
3.393108025480361079e+01,-7.994191161054821082e-01,-3.521506511223681524e-01,4.999999835769888712e+00,1.999999561270496606e+00,-1.803636516247144883e-01,-4.912142434413184211e-01,-5.517304921264276456e-03,6.228510887050063616e+00
3.408891473863642574e+01,-7.951874990542515675e-01,-3.297728460564492425e-01,4.999999844845977925e+00,1.999999686919041064e+00,-2.371342258222536026e-01,-2.706015665610475573e-01,6.179068178185328705e-03,6.029654472070529181e+00
3.424675311238344477e+01,-7.880739733342199127e-01,-3.139670857827291939e-01,4.999999853688972706e+00,1.999999685112060499e+00,-2.831692859929178518e-01,1.817380691228395184e-01,-3.905947763747269486e-02,5.859437894365887800e+00
3.440459406562189315e+01,-7.789607805718364864e-01,-3.057592412856134922e-01,4.999999861389630595e+00,1.999999683546878959e+00,-3.348680942241670788e-01,9.100666854460136290e-02,2.844300990623643138e-02,5.720931059075114788e+00
3.456244068825660065e+01,-7.686316082157086393e-01,-3.010429475023041479e-01,4.999999868901682909e+00,1.999999679395776830e+00,-2.930247814086652802e-01,5.735031377524818508e-01,-6.398624006522565799e-02,5.609525718619521761e+00
3.472028354675438777e+01,-7.578865293200296449e-01,-3.021126630937289725e-01,4.999999468128017988e+00,1.999999423543148414e+00,-3.207470543570248300e-01,-1.999991366415179384e+00,2.761946729586735039e-01,5.522062342435560822e+00
3.487812822665672741e+01,-7.462821901457967755e-01,-2.929411243763492267e-01,4.959455064098236221e+00,1.999999096099649210e+00,7.807604355815178643e-01,-1.999996673829302907e+00,5.235979907715750947e-01,5.408388781666733536e+00
3.503597252300145470e+01,-7.321201910207241204e-01,-2.444072571383426318e-01,4.975231764122372446e+00,1.861207962790697668e+00,2.547834286501588608e+00,-1.999998036121166667e+00,-5.235983533093830911e-01,5.306090774364319529e+00
3.519381709499616306e+01,-7.158080184226096598e-01,-1.806687810352204382e-01,4.955009584793064192e+00,1.522778964283169056e+00,1.757819677342079112e+00,-1.999998642153946848e+00,5.235985198189662126e-01,5.136910644480614074e+00
3.535166130172920163e+01,-6.969275178605955912e-01,-1.046149949941253543e-01,4.973302499668598387e+00,1.257425141596956397e+00,3.230712767945774555e+00,-1.999998983189470003e+00,5.235986162108376973e-01,5.040075973102981166e+00
3.550950690676879162e+01,-6.735605790273148097e-01,1.411910800414443307e-02,5.000000023076876410e+00,7.448570741970382825e-01,4.395755739366737913e+00,-7.606233612617302464e-01,5.235981637467650440e-01,4.936219054195798428e+00
3.566735194450732394e+01,-6.465412764083199315e-01,1.669522286457562343e-01,4.999999985394464552e+00,1.755056555877305968e-02,5.072890345184740468e+00,1.999996809458191471e+00,1.989410306812036122e-01,4.867366242709371349e+00
3.582519464284396093e+01,-6.181079778103252265e-01,3.233677016476086963e-01,4.999999982434476742e+00,-7.921891461203329765e-01,4.525411808729819185e+00,1.999998410631389723e+00,-1.637665001950707466e-01,4.929017777240435549e+00
3.598303981118935724e+01,-5.905403806492683927e-01,4.421675372197552689e-01,4.927676811653274314e+00,-1.460932589762024003e+00,2.993519230972648604e+00,1.999997912353976393e+00,-3.246743892407264465e-01,5.015069304943945205e+00
3.614088518068047762e+01,-5.647899696480425114e-01,5.078722102616360923e-01,4.872092671315039425e+00,-1.840321007455200331e+00,1.670400649665741977e+00,1.999997126026101357e+00,-3.560325952994785048e-01,5.089943918204265394e+00
3.629873065422975031e+01,-5.399754931644512590e-01,5.341905611489844441e-01,4.874218432767639442e+00,-1.988254417380702854e+00,5.785692337169686672e-01,1.999995575423789029e+00,-1.092466127477505627e-01,5.147868544017525139e+00
3.645657469768858050e+01,-5.143092787519576436e-01,5.424520472790059777e-01,4.915535690074701591e+00,-1.999999775184465589e+00,3.686311226709109157e-01,1.999990899699663371e+00,-4.447078698893161541e-02,5.185840863004226975e+00
3.661441941855960636e+01,-4.870456057387073656e-01,5.477316999531626207e-01,4.959462681593959310e+00,-1.999999355398478063e+00,2.544934570605211777e-01,1.842534668741981019e+00,-1.219439189415404308e-02,5.221866950239813399e+00
3.677226448978874629e+01,-4.584286190835838437e-01,5.511274952347980927e-01,4.999999754943637242e+00,-1.999999492325017947e+00,1.761421936214133122e-01,4.617584848120255825e-01,7.200585061959430440e-03,5.255752239326485054e+00
3.693010890316880079e+01,-4.290330611870758482e-01,5.530444342653181300e-01,4.999999740234196466e+00,-1.999999714082593139e+00,1.344415717933818977e-01,4.385418177741083334e-01,1.698597070999953093e-02,5.255336992582387623e+00
3.708795221871891812e+01,-3.993276299057609835e-01,5.540314088461311126e-01,4.999999723753550285e+00,-1.999999698644211010e+00,1.158597777641641596e-01,-1.998275994706211645e+00,6.473663558702762166e-02,5.253625163541488341e+00
3.724579615911209629e+01,-3.697985927085619684e-01,5.560021613658828743e-01,4.918898284965118606e+00,-1.999999576022558623e+00,2.117466604303953892e-01,-1.999989174593866936e+00,-1.774203775036843900e-01,5.180059167990656022e+00
3.740364118990326858e+01,-3.413909676357791412e-01,5.492716305295141099e-01,4.864762187292442697e+00,-1.999999749304818497e+00,-4.022646347104076314e-01,-1.999994862270545903e+00,5.235977309191682805e-01,5.133892193848870633e+00
3.756148533004500933e+01,-3.141416793307614808e-01,5.418962193140768324e-01,4.735346389241976262e+00,-1.929843674945080467e+00,2.152708913741672447e-01,-1.999996388284706494e+00,5.235980338322963057e-01,4.986249310411203339e+00
3.771933008549329713e+01,-2.875248123152060464e-01,5.524664747705727574e-01,4.564940134629859259e+00,-1.940181302608684044e+00,7.761241790318723632e-01,-1.999996937528468743e+00,-1.614285067183440225e-01,4.831477708180298869e+00
3.787717488991119552e+01,-2.621794261494967970e-01,5.594164139800114066e-01,4.469752771658061619e+00,-1.999999884060363220e+00,8.590181252212154839e-02,-1.999997387448284814e+00,5.235982350810568509e-01,4.770776041592411865e+00
3.803501794845048067e+01,-2.382634316967940369e-01,5.627232979850241845e-01,4.295622938437420935e+00,-1.975673254484790586e+00,6.234067252288858496e-01,-1.999997576311309144e+00,-6.804231588635939465e-02,4.606269027516126435e+00
3.819285850063162258e+01,-2.157094925573202759e-01,5.675151831914193590e-01,4.188336624079716408e+00,-1.999999860973487253e+00,2.476980788133154587e-01,-1.999997673261974418e+00,5.235983122423528702e-01,4.525828382464986532e+00
3.835069919423160201e+01,-1.945208952645646194e-01,5.736287585119783650e-01,3.991270984639955444e+00,-1.979672517996619030e+00,7.499794250769592496e-01,-1.999997497855066309e+00,-6.712850665305462872e-02,4.350559741768027955e+00
3.850854007321307648e+01,-1.748332868283686281e-01,5.810630947063158969e-01,3.867991421221988357e+00,-1.999999925187543770e+00,3.527038417952002569e-01,-1.999997166993566111e+00,5.235982708765033466e-01,4.260390023852062669e+00
3.866638242883720977e+01,-1.564831816670942122e-01,5.898479546841105536e-01,3.650006927233770959e+00,-1.964623011661370766e+00,8.073107670964706495e-01,-1.999995405742568400e+00,5.235980661270540626e-01,4.063958631795993703e+00
3.882422067511659947e+01,-1.391657567771751591e-01,6.164009121012593573e-01,3.388819878314278000e+00,-1.968260151020005511e+00,1.191429927797687194e+00,1.999980967753009153e+00,6.029292307804358722e-03,3.849912646267197758e+00
3.898206298985405738e+01,-1.206262411126435702e-01,6.462391857345839430e-01,3.369824013971890242e+00,-1.999999953248302376e+00,9.362126907699483969e-01,1.999997153198516564e+00,9.097016493742492160e-02,3.848322191734692144e+00
3.913990446834989001e+01,-9.864139728102871985e-02,6.710343044953066549e-01,3.348311269742787033e+00,-1.999999938749748241e+00,9.491847734229169609e-01,1.999998484554343925e+00,8.562427086939307375e-02,3.827996934991678923e+00
3.929774418720808882e+01,-7.306150370557935869e-02,6.962122389699236802e-01,3.327026074368932385e+00,-1.999999933882377068e+00,9.533152461195429916e-01,1.999998994370122629e+00,8.605204793436639632e-02,3.807278729143577234e+00
3.945558651328734356e+01,-4.381809680642100024e-02,7.217206204658797031e-01,3.305234516896583763e+00,-1.999999932834051197e+00,9.664074122126258271e-01,1.999999264393699461e+00,8.890551341935094831e-02,3.785604284651175266e+00
3.961342727882070136e+01,-1.087003359216349822e-02,7.480177405673615887e-01,3.281605958086194708e+00,-1.999999939604458321e+00,9.896789967342690675e-01,1.999999430638102815e+00,8.080874075054425565e-02,3.761709585379296339e+00
3.977126888224721313e+01,2.585673807430031654e-02,7.749344345191535588e-01,3.258005219807574626e+00,-1.999999906591110932e+00,9.924188155988825644e-01,1.999999544130563578e+00,9.530390674573717413e-02,3.737171833390624975e+00
3.992910852816475398e+01,6.647636709533967514e-02,8.027657017397344941e-01,3.230309472044716301e+00,-1.999999946028487186e+00,1.035856625509384399e+00,1.999999626111296891e+00,9.032785374900774433e-02,3.709094604318995625e+00
4.008694747790385549e+01,1.110147742471116750e-01,8.320496011722509078e-01,3.200027357097078085e+00,-1.999999894432678893e+00,1.055746709216049517e+00,1.999999688137506393e+00,1.001980527877210231e-01,3.678838917920362661e+00
4.024478829820817793e+01,1.596226328992469690e-01,8.623729089480764998e-01,3.164952305828559798e+00,-1.999999949021894041e+00,1.095464454952181477e+00,1.999999736001609074e+00,9.042187784867758427e-02,3.647215931612933115e+00
4.040262780474477466e+01,2.122362957220732260e-01,8.930390985108318525e-01,3.128060805327471883e+00,-1.999999619885693969e+00,1.103099848512183900e+00,1.999999774327700708e+00,1.097938441369372686e-01,3.620682830506770866e+00
4.056046869375885677e+01,2.686593706568160544e-01,9.233427148705499743e-01,3.083676914157146065e+00,-1.999999947411367218e+00,1.159376197291021482e+00,1.999999804974963880e+00,1.114099983755118817e-01,3.602321667228620239e+00
4.071830953737347869e+01,3.282283122588993685e-01,9.530821728604220722e-01,3.031599202493698186e+00,-1.999999926474294698e+00,1.202686809555843839e+00,1.999999828499567922e+00,1.042704371094094057e-01,3.599940448437658258e+00
4.087614577598557020e+01,3.900265575699789489e-01,9.796514418211897945e-01,2.974423045007593025e+00,-1.999999439931406942e+00,1.219522696857998856e+00,1.999999846941782122e+00,1.101343250029563486e-01,3.627045153479830475e+00
4.103398418101491529e+01,4.525631390467080850e-01,1.000727240228818982e+00,2.910548486419669345e+00,-1.999999918077332461e+00,1.248596369547086082e+00,1.999999860717112554e+00,1.078395473741690647e-01,3.693340754565624273e+00
4.119180438870476735e+01,5.138559219195529826e-01,1.014658683759684710e+00,2.841379963364020433e+00,-1.999999532637952715e+00,1.265018650971259317e+00,1.999999870427374926e+00,1.108775616785251938e-01,3.806199508717489799e+00
4.134957200271385602e+01,5.718930150604942808e-01,1.019853730818579551e+00,2.767590913895925375e+00,-1.999999955485900038e+00,1.280233834055279463e+00,1.999999876453639081e+00,9.626355173197359560e-02,3.967686280309707936e+00
4.150735191220245213e+01,6.248776150890762437e-01,1.014941412650361752e+00,2.694800787260322128e+00,-1.999999788665901779e+00,1.257717690418203471e+00,1.999999879523339352e+00,8.227412872921603670e-02,4.177500419274205790e+00
4.166512217822480579e+01,6.715386369278185663e-01,9.987221991054263670e-01,2.626646005982951504e+00,-1.999999854592122484e+00,1.209821246704340769e+00,1.999999880736533120e+00,6.601285574726184491e-02,4.429988892145463097e+00
4.182288239341202996e+01,7.110965049644012437e-01,9.710504591805041441e-01,2.565808174218569437e+00,-1.999664192320821821e+00,1.137822453808879697e+00,1.999999880861013990e+00,5.652750833717390400e-02,4.714497202439055457e+00
4.198063410362271242e+01,7.432551839543526384e-01,9.325210961893184436e-01,2.512470688766135218e+00,-1.999999671577008309e+00,1.060042831638398297e+00,1.999999880488110060e+00,4.933917700784509752e-02,5.018472402878339622e+00
4.213837586130882329e+01,7.680024647836651841e-01,8.842452542997377707e-01,2.466157852907212789e+00,-1.999999818126161122e+00,9.781586219562031781e-01,1.999999880009890596e+00,4.314614288194135172e-02,5.324766986763252774e+00
4.229612467833687361e+01,7.855431831168648849e-01,8.272449790979724549e-01,2.426364272072245143e+00,-1.999998311389079797e+00,8.945028479628371887e-01,1.999999879988729523e+00,4.276237104619438900e-02,5.615561478982280086e+00
4.245384495039485273e+01,7.961343157222846578e-01,7.625662563403243777e-01,2.391689637792844270e+00,-1.999999986004086683e+00,8.171852816257340058e-01,1.999999880421416520e+00,2.030994054891528330e-02,5.866209476672891832e+00
4.261155897139315840e+01,8.000000081930347395e-01,6.908512073999455438e-01,2.364254594948044907e+00,-1.999999985379752765e+00,7.152923559805337561e-01,1.999999878829915367e+00,-1.865212796215994645e-02,6.051400696396640910e+00
4.276926014939061105e+01,7.972719318473437955e-01,6.120351561665596796e-01,2.346674471163810782e+00,-1.997988423559746929e+00,5.670105767315849477e-01,1.999999876299026536e+00,-4.631444996554294480e-02,6.142619365517024477e+00
4.292695876219142548e+01,7.878966288303136389e-01,5.260391164169121447e-01,2.339160194742630594e+00,-1.988413714876900107e+00,3.904559737523808360e-01,1.999999876559437340e+00,-6.981340834484446589e-02,6.107472679527664816e+00
4.308464232237444236e+01,7.715715597930796754e-01,4.330131198288297845e-01,2.342549134543810752e+00,-1.966802295169773895e+00,1.907286225544820302e-01,1.999999880002426123e+00,-8.714829417448090310e-02,5.928100674296697292e+00
4.324232721686766467e+01,7.476579964419619584e-01,3.330308925346820437e-01,2.357839071328192926e+00,-1.927608794143691240e+00,-2.515087202110534090e-02,1.999999886599853172e+00,-9.613337189477917655e-02,5.603998856954328645e+00
4.340004465082538587e+01,7.151176027134555913e-01,2.260384180355481942e-01,2.386061115452347892e+00,-1.864072108682367945e+00,-2.456570642509759705e-01,1.999999895877141443e+00,-9.441781844842399296e-02,5.153414306059583616e+00
4.355773031924393734e+01,6.724661774024691674e-01,1.119954499967220629e-01,2.427738528816266506e+00,-1.768518919543754286e+00,-4.504425646792905580e-01,1.999999906985394205e+00,-7.972285404988632695e-02,4.610572127666805464e+00
4.371541879338520431e+01,6.177691372796850766e-01,-8.542352865237775109e-03,2.481711059473801217e+00,-1.633849313057331942e+00,-6.043410975457027545e-01,1.999999918794792553e+00,-5.061674025904889379e-02,4.022303143497194533e+00
4.387310885771271529e+01,5.487669100462776450e-01,-1.330138248531873568e-01,2.543366617867218071e+00,-1.457730244757740712e+00,-6.530167699782055690e-01,1.999999929997281267e+00,-8.323100651698852812e-03,3.444825208914238157e+00
4.403080930381167946e+01,4.633233132534180232e-01,-2.544140465087754155e-01,2.603636127390549948e+00,-1.250804729719819708e+00,-5.332663888667865670e-01,1.999999939310759256e+00,4.048778444592261022e-02,2.935376721174982162e+00
4.418854864820590933e+01,3.603812201756875222e-01,-3.592458464756546621e-01,2.652403869078059362e+00,-1.044581102980477905e+00,-2.193492613389833035e-01,1.999999945719695749e+00,8.266854255152776554e-02,2.537990829251454805e+00
4.434627178253688129e+01,2.412826996485394060e-01,-4.304346497074264533e-01,2.687426931967105581e+00,-8.821246428340698831e-01,2.125466048829623700e-01,1.999999948451946841e+00,1.044500767621814458e-01,2.275351222885307223e+00
4.450400056463234222e+01,1.108993210232933901e-01,-4.576938993878666984e-01,2.718631427936987865e+00,-7.905175012551696190e-01,5.968656852110323374e-01,1.999999946785907534e+00,1.014812698203925168e-01,2.150915546507975673e+00
4.466177317375165501e+01,-2.278721447842034162e-02,-4.459904238793228060e-01,2.760437777444916474e+00,-7.586262769974488895e-01,8.038437641364882813e-01,1.999999939966970119e+00,8.259153958838798271e-02,2.156106181813683964e+00
4.481963137675244724e+01,-1.509776206392572373e-01,-4.102690349865520947e-01,2.822146314503771958e+00,-7.606323643192557382e-01,8.288233624781243813e-01,1.999999927430717417e+00,5.957766098064033733e-02,2.271904462002620306e+00
4.497745050443763404e+01,-2.674123035172771279e-01,-3.639163574139702151e-01,2.904693336784960778e+00,-7.673409490834268709e-01,7.425519759800519592e-01,1.999999908734124032e+00,3.961858837171005482e-02,2.477778327504798206e+00
4.513527520258060122e+01,-3.688776883963628683e-01,-3.142988000158365991e-01,3.003218259598415152e+00,-7.739640497360447124e-01,6.204792003271200063e-01,1.999999883936871337e+00,2.255675015270451611e-02,2.744223222542863105e+00
4.529311812007650673e+01,-4.553741672247625938e-01,-2.645061339742442175e-01,3.110957994414250916e+00,-7.740274484218412354e-01,4.889661410678737274e-01,1.999999853324580412e+00,1.008777756450345876e-02,3.041887067087020391e+00
4.545094584046407959e+01,-5.281863165291326156e-01,-2.161495660688078357e-01,3.222326827742821642e+00,-7.743815625412968640e-01,3.727490351688821923e-01,1.999999817443091077e+00,3.630339363946512906e-03,3.339203885440879649e+00
4.560877041567641044e+01,-5.894479275123162276e-01,-1.696963517720025405e-01,3.333195259941784450e+00,-7.694769909454985957e-01,2.807805456912538800e-01,1.999999776289673292e+00,7.589531666376447133e-03,3.616721335992803432e+00
4.576659394116039437e+01,-6.407960283458991047e-01,-1.248367968883762891e-01,3.440684392807780601e+00,-7.642370449988403758e-01,2.419657091065694765e-01,1.999999729251260794e+00,2.322550527494816539e-02,3.861829472006229391e+00
4.592441806658266756e+01,-6.836192482594604103e-01,-8.010043015670251232e-02,3.542245975996446195e+00,-7.629075527094901776e-01,2.768836140197092899e-01,1.999999674880094114e+00,5.056063074220432801e-02,4.067620039463489157e+00
4.608223975709955056e+01,-7.189052800960933354e-01,-3.344772867237121722e-02,3.635279071778443338e+00,-7.725331816356392212e-01,4.001529415913281373e-01,1.999999610862705168e+00,8.677183103722468926e-02,4.225229075981029148e+00
4.624006351811807036e+01,-7.473845579523915594e-01,1.717011949040291724e-02,3.716821566799745291e+00,-7.996110991614858721e-01,6.107074922397841554e-01,1.999999532740229791e+00,1.265368468390039025e-01,4.325409272732986921e+00
4.639789873615238491e+01,-7.695432015737810882e-01,7.331905272664200612e-02,3.783538096037545984e+00,-8.524158018754763866e-01,8.927862181252569362e-01,1.999999429722678856e+00,1.625790001734145618e-01,4.369530223954583903e+00
4.655572939129375953e+01,-7.856957283177578022e-01,1.360862861456478279e-01,3.831886041891804595e+00,-9.357361242669888224e-01,1.212171176004050110e+00,1.999999274832515717e+00,1.874153259966061802e-01,4.377955766478179633e+00
4.671355895641993783e+01,-7.959045226693539643e-01,2.060794622571829882e-01,3.859043517148486924e+00,-1.049960031059813170e+00,1.523034190000415178e+00,1.999998997090273622e+00,1.919730556992163828e-01,4.383332076741768724e+00
4.687139634013716716e+01,-8.000000054910897385e-01,2.831086588271379823e-01,3.865011529306698002e+00,-1.197739039318473919e+00,1.781649961087973466e+00,1.999998480269267631e+00,1.905509738506954986e-01,4.420119170240514705e+00
4.702923202947480519e+01,-7.978959760461895590e-01,3.669745034929765559e-01,3.849902731738684025e+00,-1.370123975252275139e+00,1.990275963450168550e+00,1.999997543348610129e+00,1.807403197856308763e-01,4.507945453480140863e+00
4.718707987257567993e+01,-7.894278953748739003e-01,4.577269211923456482e-01,3.816259958259372809e+00,-1.556919936464477683e+00,2.144508513883409684e+00,1.999995581112424370e+00,1.012199823034745372e-01,4.644268132320778619e+00
