8.834660354663942172e+00,-1.462096777439948703e+00,1.491721408078605426e+00,4.383706361147410746e+00
8.877289252466061598e+00,-1.316420194969545543e+00,1.552971525919818685e+00,4.418706221662064948e+00
8.912651072142988795e+00,-1.176966935996709207e+00,1.608734185335864098e+00,4.447148648754482458e+00
8.945713887358643035e+00,-1.032635660759942065e+00,1.671756160927417412e+00,4.468331707664755292e+00
8.973912958332524781e+00,-8.824056624412786043e-01,1.737283163635627403e+00,4.481293366258935151e+00
8.996669705536923800e+00,-7.265420745269630665e-01,1.799487156346452288e+00,4.485549999420060274e+00
9.013630009650110964e+00,-5.623260304049226832e-01,1.856617526026200782e+00,4.482029833682859454e+00
9.024970114618582784e+00,-3.898670219483548749e-01,1.903119357765878483e+00,4.473596581394466476e+00
9.031553549614127263e+00,-2.092235707424734414e-01,1.934239615085745712e+00,4.463920953214570275e+00
9.037264732512323206e+00,-2.037534302404075959e-02,1.957035672931987325e+00,4.454167438634063281e+00
9.042087594256846828e+00,1.756243137458288750e-01,2.011048466948840652e+00,4.439565870533684233e+00
9.031393489558194432e+00,3.700823725535984376e-01,2.080752243358841902e+00,4.412178104061802664e+00
9.009675311627105998e+00,5.545193437692490512e-01,2.135116188570225226e+00,4.372263557818758528e+00
8.980394291789343342e+00,7.272502661369849575e-01,2.181581826380518230e+00,4.323456595286526039e+00
8.947651293635292546e+00,8.880664274110093848e-01,2.219132907550291467e+00,4.269649104671001894e+00
8.912955743642845263e+00,1.037291657671853606e+00,2.251893003993751030e+00,4.213926902136091890e+00
8.877297135140661766e+00,1.176382493034689780e+00,2.281240147127747697e+00,4.158186900843372946e+00
8.840921976197639864e+00,1.306665153271118651e+00,2.308575811984065140e+00,4.103305573286713859e+00
8.803939650612026213e+00,1.429468834693905510e+00,2.334799108913532706e+00,4.049508158932995983e+00
8.766249999776318802e+00,1.545940853550771266e+00,2.360356797557214392e+00,3.996690482538395983e+00
8.727826183163639229e+00,1.657251419717574947e+00,2.385477630838660268e+00,3.944611375386436247e+00
8.688501551430190872e+00,1.764069485276300808e+00,2.410708784685892780e+00,3.892978467947712407e+00
8.648070758889410570e+00,1.867414634049268107e+00,2.435957585802420056e+00,3.841476288169393349e+00
8.606375254113503459e+00,1.968032166949980510e+00,2.461488642666057380e+00,3.789770670182780243e+00
8.563148821282664969e+00,2.066489454184987196e+00,2.487479822108713101e+00,3.737504403502948769e+00
8.518169789773205380e+00,2.163462881229417434e+00,2.513986528229809281e+00,3.684285475232334850e+00
8.471182335249691775e+00,2.259307612206536753e+00,2.541154152975784175e+00,3.629814578810170111e+00
8.421856792957377991e+00,2.354619642885869446e+00,2.568180785679886391e+00,3.575950573821208067e+00
8.370062362619233198e+00,2.449603112375526415e+00,2.594422380598494726e+00,3.524432988062550010e+00
8.315420337738322232e+00,2.544574989260666609e+00,2.618868675730392059e+00,3.476802378587612985e+00
8.260715892391615967e+00,2.636338003992128698e+00,2.647043323543202931e+00,3.434436727014800184e+00
8.204471796231670666e+00,2.724796950498920456e+00,2.678525641235915966e+00,3.398531103850116697e+00
8.141892290431300694e+00,2.815554551928180160e+00,2.704484558673284855e+00,3.370080110928487471e+00
8.072610364931509963e+00,2.909055980329990909e+00,2.724791076176433791e+00,3.349810738758072226e+00
7.997005298430915232e+00,3.004515235873945755e+00,2.741363105541443357e+00,3.338035383583998872e+00
7.914844492560171751e+00,3.101700539175069160e+00,2.755044324924812660e+00,3.334472425624101621e+00
7.825976789153305191e+00,3.200113346180962548e+00,2.766808720732090610e+00,3.338158338039808992e+00
7.730424869645536212e+00,3.299125609831369488e+00,2.778004046149281869e+00,3.347572601307073015e+00
7.628143816158716284e+00,3.397958527492967562e+00,2.789744690385723924e+00,3.360985582307431052e+00
7.519323629107878659e+00,3.495922672797380670e+00,2.803196199888614348e+00,3.376891863787054415e+00
7.404276186976017193e+00,3.592165384598745348e+00,2.819431731195867208e+00,3.394334373108165881e+00
7.283193408341446684e+00,3.686081396576378122e+00,2.838400400333106699e+00,3.413004407901326420e+00
7.156515772905850170e+00,3.777107060761496271e+00,2.860149107223388221e+00,3.433135152131769452e+00
7.024637966071594519e+00,3.864691298315284129e+00,2.883940436017121467e+00,3.455284010999498445e+00
6.887988773324809522e+00,3.948514494999022517e+00,2.908855958117459561e+00,3.480097726451629736e+00
6.747033005354531987e+00,4.028209126265761775e+00,2.934138814936408046e+00,3.508118690120336058e+00
6.602172930374351267e+00,4.103590283636893155e+00,2.958842372281698108e+00,3.539662228042345316e+00
6.453834932341516506e+00,4.174524212796349332e+00,2.982597767215974027e+00,3.574776787879791584e+00
6.302422474752337855e+00,4.240929431373975156e+00,3.005085262681372882e+00,3.613280258955683610e+00
6.148267612572479557e+00,4.302836266386028008e+00,3.026266246045239861e+00,3.654845508932090592e+00
5.991723391194523352e+00,4.360269530588800180e+00,3.046189516638951211e+00,3.699096902660935271e+00
5.833089835895873598e+00,4.413349688353344291e+00,3.064867502069709815e+00,3.745683326240119904e+00
5.672622201539970099e+00,4.462194582667629028e+00,3.082384928305854199e+00,3.794308000045889084e+00
5.510552625013442452e+00,4.506966834358778762e+00,3.098760955302953590e+00,3.844712522205426808e+00
5.347085763858316021e+00,4.547822930454123558e+00,3.114056356872577869e+00,3.896626450919149054e+00
5.182410148614688516e+00,4.584942010243318045e+00,3.128360602318961181e+00,3.949703209387076086e+00
5.016656395167839122e+00,4.618496631292056342e+00,-3.141098284270225527e+00,4.003469329004511579e+00
4.849978972788374421e+00,4.648610825158904447e+00,-3.127443390828080094e+00,4.057316895028419523e+00
4.682480957149771861e+00,4.675409477053595886e+00,-3.113060549572330693e+00,4.110566871794822497e+00
4.514250881248093705e+00,4.698896004793886583e+00,-3.096882988564687800e+00,4.162620038969167879e+00
4.345447522372253069e+00,4.718984996981658853e+00,-3.077988046781410247e+00,4.213190022793486200e+00
4.176260915521845973e+00,4.735450286790753083e+00,-3.055601890510010410e+00,4.262582989913076936e+00
4.006651884627739690e+00,4.747857473015855589e+00,-3.029090596707131766e+00,4.311959697563597871e+00
3.836787828067933503e+00,4.755530712569111529e+00,-2.998950726185450666e+00,4.363484030612029052e+00
3.669524074359251209e+00,4.758300615015087942e+00,-2.970821709997101046e+00,4.420215171464417558e+00
3.517811515387777810e+00,4.759070682314710865e+00,-2.965741184352053139e+00,4.485554810840265638e+00
3.378016016894636486e+00,4.762265381115444285e+00,-2.981462420792102552e+00,4.562089592222536183e+00
3.238661712523473568e+00,4.764943811228696369e+00,-3.005383187870561468e+00,4.649925717581066209e+00
3.100596555693298839e+00,4.767793442881221644e+00,-3.042750661810937007e+00,4.745169951269706310e+00
2.962862015661653192e+00,4.770796910616944331e+00,-3.094619830857579412e+00,4.839468431862908204e+00
2.825831067056925328e+00,4.774516938471642824e+00,3.121480140457446151e+00,4.921058134689533681e+00
2.689134561541077773e+00,4.779357575930601065e+00,3.041509775607916133e+00,4.977431994589040620e+00
2.552777223546521590e+00,4.785729020198300709e+00,2.952516747722242929e+00,4.999999819927102074e+00
2.416780000736967970e+00,4.793716623514193031e+00,2.866314816785048514e+00,4.999999997623041814e+00
2.281038745683180213e+00,4.803257741768954148e+00,2.795343353629926586e+00,4.988725417526592487e+00
2.145639898657261568e+00,4.814517486860796502e+00,2.739780170790165670e+00,4.980329787155064913e+00
2.011887920964389842e+00,4.827640350979709893e+00,2.693309887097114608e+00,4.977944911573566777e+00
1.880443835064138813e+00,4.843021940262562275e+00,2.652037987139753472e+00,4.982086609372652575e+00
1.749545460314718692e+00,4.861147687897476644e+00,2.618674667654256716e+00,4.999999785147523745e+00
1.618206242600404909e+00,4.881830531588089883e+00,2.594609071699561120e+00,4.999999849711768363e+00
1.486495564463234276e+00,4.905181445198993906e+00,2.573510734217662854e+00,4.999999851183847710e+00
1.354907972645764680e+00,4.931308196997189697e+00,2.549223095287496577e+00,4.999999853942703965e+00
1.223668967445714184e+00,4.960757019488935882e+00,2.520855341796107929e+00,4.999999857226158362e+00
1.082442315746796169e+00,4.998002236217933714e+00,2.501323094010047932e+00,4.999999860385822892e+00
9.281474226240966630e-01,5.040303180925011617e+00,2.500427883849461352e+00,4.999999863000416767e+00
7.716149826435128034e-01,5.081954806010728021e+00,2.526171307826328150e+00,4.999998938337429699e+00
6.155939521595428232e-01,5.123145995677987230e+00,2.561320820334854531e+00,4.981831114837509844e+00
4.594904793137288834e-01,5.164192901707579608e+00,2.609067675005681597e+00,4.974625611274418269e+00
3.033178725429976907e-01,5.204162633009758565e+00,2.697708399351899544e+00,4.999999990920331427e+00
1.468272039882467794e-01,5.242869886325202344e+00,2.822325206992310598e+00,4.999999973130779374e+00
-9.815891982249524972e-03,5.280517564624169324e+00,2.957708475225637290e+00,5.000000029856525252e+00
-1.665139643747401976e-01,5.317585555314465751e+00,3.067032165708214908e+00,5.000000027131481062e+00
-3.233603685101691383e-01,5.353659970605818330e+00,3.140526769238559002e+00,4.988671231902519487e+00
-4.806261744039677097e-01,5.387985560996963130e+00,-3.093326785533673018e+00,4.987840989323178320e+00
-6.384965386886545247e-01,5.419992492355984126e+00,-3.056867688084765611e+00,4.994168428701952323e+00
-7.970045136920971274e-01,5.449382840019367791e+00,-3.025560630631062509e+00,4.999242238490395174e+00
-9.560874283998206380e-01,5.476120875951831835e+00,-2.996662694329500276e+00,4.999999958121196464e+00
-1.116025630447261108e+00,5.500603336476335592e+00,-2.971222314006942700e+00,4.999999886430671836e+00
-1.279463758497158654e+00,5.523798447184877780e+00,-2.945354716387815319e+00,4.999999886132502347e+00
-1.449300080453593820e+00,5.545008804418955606e+00,-2.912465633500098239e+00,4.999999881835313964e+00
-1.622501158888289385e+00,5.561282288466628643e+00,-2.878206499164265963e+00,4.999999876285908584e+00
-1.794901084230158039e+00,5.572217862041864755e+00,-2.850232311119643480e+00,4.999999869569705879e+00
-1.966449886016505610e+00,5.578771220191845792e+00,-2.826863728166577161e+00,4.999999862086442093e+00
-2.137445911690690092e+00,5.581362625552579004e+00,-2.805650419078697055e+00,4.999999853390549198e+00
-2.307689593024519592e+00,5.580213463159603648e+00,-2.785394736120838211e+00,4.999999842529091687e+00
-2.477196454061484143e+00,5.575399898605588156e+00,-2.764470899853679331e+00,4.999999828012801295e+00
-2.645834485727154295e+00,5.566742433176738558e+00,-2.741962438922183054e+00,4.999999807426307896e+00
-2.813594565415431958e+00,5.554115140027017006e+00,-2.716693789950848537e+00,4.999999779803761868e+00
-2.977885632831174689e+00,5.537117426730925551e+00,-2.697248236639295804e+00,4.999999729526305892e+00
-3.139129736432058060e+00,5.518544292003324081e+00,-2.683093100892543603e+00,4.999999749812177541e+00
-3.299896326027117688e+00,5.497754204770918030e+00,-2.665446557316924814e+00,4.999999769263954619e+00
-3.459987417511490193e+00,5.474556042246716103e+00,-2.645032539604279087e+00,4.998807376913249279e+00
-3.619459350013650045e+00,5.448554301081506956e+00,-2.620887961402644351e+00,4.993142609229418660e+00
-3.778201153332304330e+00,5.419535773823825231e+00,-2.593156639577216538e+00,4.982492346432498387e+00
-3.936170176242339558e+00,5.387365316244380864e+00,-2.563374190595114399e+00,4.969484394630356405e+00
-4.093310794553437049e+00,5.352027953831967721e+00,-2.534217622207303400e+00,4.959242566622279469e+00
-4.249592468295238845e+00,5.313525959449209246e+00,-2.508515970900834891e+00,4.956922813414138318e+00
-4.404933263878080041e+00,5.271864948051249833e+00,-2.486513537545543606e+00,4.960693062973699163e+00
-4.559287336003086111e+00,5.227005236951502098e+00,-2.465771702075483240e+00,4.965598910287076784e+00
-4.712582066196035591e+00,5.178915087464790012e+00,-2.445096692913226732e+00,4.970651939188572399e+00
-4.864761879618212603e+00,5.127656634193765939e+00,-2.424584174403646042e+00,4.975993644216948120e+00
-5.015771262236905947e+00,5.073252326785977928e+00,-2.404099826561122200e+00,4.980825593959691489e+00
-5.165670765932773634e+00,5.016403663360939902e+00,-2.383155450109788465e+00,4.863805747671190893e+00
-5.314571576966187649e+00,4.957778739284884217e+00,-2.361331006097974861e+00,4.740731192826456386e+00
-5.462454803955284710e+00,4.897399048472639294e+00,-2.339025497876896509e+00,4.611754604330319474e+00
-5.609285074175922148e+00,4.835449494031551332e+00,-2.316004217352794825e+00,4.475746423348287095e+00
-5.755020079299811187e+00,4.771945465728190783e+00,-2.292441343469422410e+00,4.331429872202539499e+00
-5.898445112470266594e+00,4.707530621932122017e+00,-2.258796004050501072e+00,4.177673447835233311e+00
-6.038213114559275674e+00,4.639625125470380418e+00,-2.215536023922606290e+00,4.012484954021363848e+00
-6.175485480351200707e+00,4.568598328620915971e+00,-2.172061259079577145e+00,3.836685763033286012e+00
-6.309778681196066330e+00,4.493474285615296715e+00,-2.128708317813409856e+00,3.799130766121697089e+00
-6.440708489062999753e+00,4.413543171077269456e+00,-2.086381282396914116e+00,3.758863864497264284e+00
-6.568064129856100664e+00,4.329058043492235441e+00,-2.044027488104890544e+00,3.716196182870526776e+00
-6.691712522979031519e+00,4.240179345170584924e+00,-2.001261177756875842e+00,3.671309252878581120e+00
-6.811468192890499651e+00,4.147043047789471082e+00,-1.957559214623219024e+00,3.624221938460903569e+00
-6.927074770373005563e+00,4.049718413814850315e+00,-1.912632005753691189e+00,3.574801935230452976e+00
-7.038337653592952492e+00,3.948290861641285510e+00,-1.866348821808574865e+00,3.522795305923773768e+00
-7.144961526206966340e+00,3.842864500239853598e+00,-1.818437252053639597e+00,3.467843352291569037e+00
-7.246695202126222313e+00,3.733538938388921480e+00,-1.768873354554657773e+00,3.409464454991611326e+00
-7.343314938128092884e+00,3.620488122378603624e+00,-1.717732027270174822e+00,3.346991045619488681e+00
-7.434611457448918159e+00,3.504011139457757551e+00,-1.665297122164223875e+00,3.279481613098181647e+00
-7.520598915442502808e+00,3.384538656466307582e+00,-1.612541302627998441e+00,3.205636457544802198e+00
-7.601345824893281922e+00,3.263019462402670712e+00,-1.560530870678270787e+00,3.123961826204057157e+00
-7.677808305591570459e+00,3.140041426155098847e+00,-1.512263395807009081e+00,3.032164959136696147e+00
-7.750092109815358121e+00,3.018277390520109904e+00,-1.468842094435510504e+00,2.935076914763607547e+00
-7.810099883894229045e+00,2.908040728417116139e+00,-1.417516861158008012e+00,2.840317902093098201e+00
-7.848614980503684002e+00,2.818924656198491530e+00,-1.346716815042841686e+00,2.753402335267165935e+00
-7.874472086454237463e+00,2.740569498900989664e+00,-1.278310163146422873e+00,2.677327811613187780e+00
-7.898133440261579707e+00,2.663563829766535385e+00,-1.228623394459079421e+00,2.612647071831269319e+00
-7.918734999393647556e+00,2.588843441299417680e+00,-1.191082112178974750e+00,2.558278610482003224e+00
-7.936964444690123521e+00,2.514386479952324116e+00,-1.163215151035304373e+00,2.512539123749766290e+00
-7.953036615138563192e+00,2.438912253060246282e+00,-1.141424262353849084e+00,2.474105917015435807e+00
-7.966893877426291404e+00,2.360885772864049326e+00,-1.123643798615277412e+00,2.442321117828174959e+00
-7.978694510480429436e+00,2.278720093216223930e+00,-1.108559444394038973e+00,2.417025554013615629e+00
-7.988069189625946365e+00,2.191696315882113666e+00,-1.094643828257255702e+00,2.398382535372479474e+00
-7.994517374641442409e+00,2.098280144241374767e+00,-1.081704026207999547e+00,2.386558664553593445e+00
-7.997267496073002135e+00,1.997677586524003734e+00,-1.068261672250576000e+00,2.381419321838272651e+00
-7.995162630794467873e+00,1.889677058594586789e+00,-1.052057399437620999e+00,2.382351701358689677e+00
-7.986507977842113526e+00,1.774002712433128792e+00,-1.030524976042737295e+00,2.388406102312554236e+00
-7.970032108913430946e+00,1.652447203694890066e+00,-9.985029600201672517e-01,2.398886685171651489e+00
-7.940308287900497142e+00,1.522313366532930479e+00,-9.631496586365915213e-01,2.414066292626132704e+00
-7.894946188657895547e+00,1.380940088754012862e+00,-9.359713710816447430e-01,2.435283778175044933e+00
-7.840050203588006639e+00,1.235532351377346405e+00,-9.069300852005985902e-01,2.464179799541625027e+00
-7.778719914365522570e+00,1.093280456091296760e+00,-8.666782089552540480e-01,2.501745148656358886e+00
-7.709782948765663946e+00,9.550530335368332402e-01,-8.214233999313189649e-01,2.547882428966569801e+00
-7.633131035082651117e+00,8.210469749081923396e-01,-7.765653473370487392e-01,2.601545383148138768e+00
-7.549245505802527845e+00,6.918121011087983163e-01,-7.340540920794703661e-01,2.661168913071036091e+00
-7.458677157194557594e+00,5.673490725232319676e-01,-6.952713658144380471e-01,2.725117644770006287e+00
-7.362114406997108063e+00,4.475543565947699420e-01,-6.603524923912829081e-01,2.791985630819103115e+00
-7.260218670131551200e+00,3.322185398817172342e-01,-6.290531708300803881e-01,2.860695547300335040e+00
-7.153652100500929478e+00,2.210966039059183430e-01,-6.009299799340597215e-01,2.930442144256244053e+00
-7.042992383725022343e+00,1.139460417843807249e-01,-5.756829033650653349e-01,3.000557381531666401e+00
-6.928760761836157300e+00,1.044545446992461990e-02,-5.533695208576221436e-01,3.070360366300999733e+00
-6.811503886655019713e+00,-8.972165553551647577e-02,-5.341877335328027998e-01,3.139045316721486678e+00
-6.691692258660009607e+00,-1.869895349162167264e-01,-5.189247440618477425e-01,3.205660902650955713e+00
-6.570065593570046936e+00,-2.818054733657557875e-01,-5.074333991304655900e-01,3.269212480400083276e+00
-6.446998004957858797e+00,-3.745687881259156526e-01,-5.003964611918985117e-01,3.328868288161319189e+00
-6.326240385929478016e+00,-4.637353061149358524e-01,-4.823346900379420488e-01,3.384197378799278511e+00
-6.205700732944346321e+00,-5.458525813520163084e-01,-4.517804680052959210e-01,3.435335223598774856e+00
-6.081642738543947324e+00,-6.242813414744379230e-01,-4.285971977556189416e-01,3.482988162991490277e+00
-5.954686803204946699e+00,-7.006481511514892624e-01,-4.129913920613821343e-01,3.528264029679253788e+00
-5.825632764398902097e+00,-7.750251058192110243e-01,-4.005327143544982760e-01,3.572405776546324851e+00
-5.694482995195229158e+00,-8.479165169478823927e-01,-3.904644345025775065e-01,3.616535779331137235e+00
-5.561268274227720632e+00,-9.196462077835425575e-01,-3.820592604559335803e-01,3.661487648563633623e+00
-5.426054913586201067e+00,-9.904551215751324911e-01,-3.745667618772831053e-01,3.707755861561243371e+00
-5.288890963808364987e+00,-1.060403160602632955e+00,-3.674785718092944409e-01,3.755549040230661717e+00
-5.149756899142472477e+00,-1.129568299081600280e+00,-3.609334900540196456e-01,3.804893546257609671e+00
-5.008693007090080584e+00,-1.198021527433662747e+00,-3.549014479533932342e-01,3.855725323050050335e+00
-4.865739466827187165e+00,-1.265772892244029890e+00,-3.494386786247385412e-01,3.907937833354087065e+00
-4.720911949166685773e+00,-1.332891330422044440e+00,-3.446364095417080442e-01,3.961390843411419560e+00
-4.574277424291341987e+00,-1.399400259854003181e+00,-3.403165495646565120e-01,4.015900379576939905e+00
-4.425848394492597038e+00,-1.465333899807133911e+00,-3.361816868457073726e-01,4.071227855265230566e+00
-4.275663743595979227e+00,-1.530690880769272511e+00,-3.318109375829622065e-01,4.127080512311631644e+00
-4.123772374146944308e+00,-1.595478137516480821e+00,-3.265547134052633194e-01,4.183132981881385604e+00
-3.970184598810613252e+00,-1.659644838522977395e+00,-3.194795913661296338e-01,4.239082934416082082e+00
-3.814926945746458742e+00,-1.723061083962790896e+00,-3.098158266342308509e-01,4.294760314316480532e+00
-3.658024680838333431e+00,-1.785526339365292259e+00,-2.969274412374234839e-01,4.350308627546297657e+00
-3.499510849322100547e+00,-1.846654451524107898e+00,-2.806659546110604753e-01,4.406430349414292458e+00
-3.339359882775152499e+00,-1.905900222502602048e+00,-2.615373326797845177e-01,4.464619288256658436e+00
-3.177939096521473328e+00,-1.962421120723277568e+00,-2.421102974526712637e-01,4.527170561089780776e+00
-3.015294025475472761e+00,-2.015605545671228072e+00,-2.249800331093899930e-01,4.596592922493957900e+00
-2.861553233733138857e+00,-2.064286064280715038e+00,-2.340567588311660563e-01,4.674108748236256439e+00
-2.721888826821220242e+00,-2.114021364480292320e+00,-2.767937398106449232e-01,4.757670741214639953e+00
-2.585719169081416524e+00,-2.165328928689810084e+00,-3.314257414353951603e-01,4.840951301352928837e+00
-2.451223379675056435e+00,-2.217242794536768535e+00,-3.949200983367692763e-01,4.914433640988490559e+00
-2.319847321615845726e+00,-2.269756648916396280e+00,-4.679139037173238314e-01,4.968259097869267116e+00
-2.191180623333573774e+00,-2.322920705465402413e+00,-5.462871010494009250e-01,4.995898649541288705e+00
-2.064850639155509704e+00,-2.376730333346558144e+00,-6.238031790002666055e-01,4.999999982736513360e+00
-1.941173251351844931e+00,-2.430663124074960990e+00,-6.902937306889799229e-01,4.996089423620454717e+00
-1.819987181902355200e+00,-2.484788355458852571e+00,-7.414361046960229462e-01,4.992717968569841069e+00
-1.712165146270685057e+00,-2.535303028577187145e+00,-7.967242321791733195e-01,4.993505879411165971e+00
-1.617653490635046598e+00,-2.585807500221224409e+00,-8.578879868404106768e-01,4.999418352672456933e+00
-1.525210286960599460e+00,-2.638592340381811230e+00,-9.052319488605449216e-01,4.999999792194447679e+00
-1.422219086263846188e+00,-2.701718696161022670e+00,-9.260944708047231799e-01,4.999999790487382967e+00
-1.303069385038571504e+00,-2.774288694786998466e+00,-9.276978956388313158e-01,4.999999821428758651e+00
-1.183055176666427677e+00,-2.847713492489421405e+00,-9.335602240735831892e-01,4.999999849818266284e+00
-1.064520354563430082e+00,-2.922108565045094863e+00,-9.465708776586000406e-01,4.999999857109033385e+00
-9.464209391278304295e-01,-2.998627296743316961e+00,-9.646473141822698993e-01,4.999999863637103914e+00
-8.250278860275335191e-01,-3.081044848086667898e+00,-9.805091163977570634e-01,4.999999868975035788e+00
-6.983887612747015083e-01,-3.169022200970548653e+00,-9.918225855193663065e-01,4.999999873251980809e+00
-5.720650261301010175e-01,-3.258800377862385744e+00,-1.005260445115252033e+00,4.999999876718274727e+00
-4.475930686548572623e-01,-3.350503900246330602e+00,-1.025609168246510494e+00,4.997864799544051273e+00
-3.232498768179965509e-01,-3.444767146352674558e+00,-1.036947787477208394e+00,4.921184648817375162e+00
-1.965033498864841022e-01,-3.541322444295531113e+00,-1.009113149727106862e+00,4.901415140717379160e+00
-6.774221178664419085e-02,-3.638468344420289213e+00,-9.360367275741894311e-01,4.945366730667583255e+00
6.124445524441313182e-02,-3.734730020685404384e+00,-8.248977372325974056e-01,5.000000012840668084e+00
1.908333641031241257e-01,-3.829872440844788173e+00,-6.814402173074375346e-01,4.999999945384340450e+00
3.215364865307996922e-01,-3.923485823095866465e+00,-5.169448273936135818e-01,5.000000027471621422e+00
4.531728669188836989e-01,-4.015643421242437228e+00,-3.698148401914402861e-01,4.935053768458860901e+00
5.857034357873160957e-01,-4.106373722128886072e+00,-2.665147872131726214e-01,4.847644879240514015e+00
7.194869924495286284e-01,-4.195135878082588476e+00,-2.017566743543224850e-01,4.794655507769513214e+00
8.549073689438770884e-01,-4.281499392555552674e+00,-1.645354161148647743e-01,4.785878645817365218e+00
9.922282534781743379e-01,-4.364952736943436662e+00,-1.396244011987175515e-01,4.795348004595925140e+00
1.131539318199113353e+00,-4.445206731122439692e+00,-1.168258610455977786e-01,4.806403596738078932e+00
1.272940853852031040e+00,-4.522276172278715478e+00,-9.413469778132166343e-02,4.817626853297754863e+00
1.416373482478633150e+00,-4.596116606349063716e+00,-7.167685466075579548e-02,4.828928759368743329e+00
1.561789989981186011e+00,-4.666736056086335793e+00,-4.963481563080951453e-02,4.840134120423028818e+00
1.709184428617778195e+00,-4.734169145548857927e+00,-2.816987713791196946e-02,4.851008312469937245e+00
1.858416202048886134e+00,-4.798394444930988101e+00,-7.729813421090803160e-03,4.861137956045381792e+00
2.009608059430441074e+00,-4.859698002020703456e+00,1.177189886531737617e-02,4.870403216020477544e+00
2.164424939721090624e+00,-4.919186128115418555e+00,3.373554273446910390e-02,4.877706063287877924e+00
2.323913422244262783e+00,-4.977386776746890895e+00,6.189731080070626223e-02,4.752401932356652203e+00
2.485650460596403377e+00,-5.032529888433173504e+00,9.286581982880726116e-02,4.619435652223263133e+00
2.647688644658562573e+00,-5.083933883885593197e+00,1.238163550409187019e-01,4.477972686204984676e+00
2.810303254128945660e+00,-5.131850867518434889e+00,1.558290574475226231e-01,4.336816815757924104e+00
2.973886871963167700e+00,-5.175420718570006073e+00,1.881576923210180330e-01,4.326587836315369806e+00
3.138776906504691766e+00,-5.213790720395691913e+00,2.202783164267066995e-01,4.315612848796486212e+00
3.304772421867813392e+00,-5.246987940443684550e+00,2.523411997540271345e-01,4.304085736679208019e+00
3.471709871845907180e+00,-5.274987852682860634e+00,2.845233792193739841e-01,4.292102694688725073e+00
3.639465256548191974e+00,-5.297773548954528344e+00,3.169635553610112289e-01,4.279683836229860816e+00
3.807872144278830362e+00,-5.315262276468806668e+00,3.496679908543707804e-01,4.266803245919654763e+00
3.976755309834770102e+00,-5.327417666492192616e+00,3.826197253172232138e-01,4.253410955251530012e+00
4.145949536349897713e+00,-5.334181052440880144e+00,4.158427514364148037e-01,4.239439516312060618e+00
4.315250422842800582e+00,-5.335521424282178238e+00,4.493150622254394322e-01,4.224791047526372800e+00
4.484457686884281813e+00,-5.331413525689364441e+00,4.829665732522185895e-01,4.209297224939269277e+00
4.653319706716557036e+00,-5.321902475142464617e+00,5.165123959425856892e-01,4.192647003360975511e+00
4.821529808305928810e+00,-5.307152702441250369e+00,5.495220150210229360e-01,4.174297960460291890e+00
4.988748998593672823e+00,-5.287555618684653069e+00,5.810375799901923433e-01,4.153421394011044043e+00
5.154333384520118244e+00,-5.263842168151933620e+00,6.103718803261182213e-01,4.128949989746542926e+00
5.318206035296817902e+00,-5.237132114678903605e+00,6.347828707685883032e-01,4.099773315582615041e+00
5.476216067507787777e+00,-5.208549949935788348e+00,6.604102112272443037e-01,4.065055834673338531e+00
5.619286039470821947e+00,-5.175763453481365239e+00,7.004266855810308279e-01,4.024554906194473425e+00
5.748397355705137102e+00,-5.138110081994873291e+00,7.464122720889153628e-01,3.978758392395182142e+00
5.869316737478370349e+00,-5.098889106250869219e+00,7.859781932340279553e-01,3.928735114450051746e+00
5.981819606625781383e+00,-5.059337824779071013e+00,8.203530745545623004e-01,3.875776886781221009e+00
6.086120676093936588e+00,-5.020121856203898503e+00,8.509993625901267622e-01,3.821034761201725694e+00
6.183077811992369277e+00,-4.981482501563199605e+00,8.786096359310648918e-01,3.765304532433014995e+00
6.273695420204364659e+00,-4.943508320282576030e+00,9.039894493979172552e-01,3.708982776947608695e+00
6.358577569328740964e+00,-4.906110762471970865e+00,9.282571057302099193e-01,3.652123030208439758e+00
6.439017965184679504e+00,-4.868934167065546603e+00,9.515156457746871688e-01,3.594504084754110540e+00
6.516135896431237917e+00,-4.831686143672175859e+00,9.743388568632593838e-01,3.535715935524839093e+00
6.591056085115328145e+00,-4.793763865565651372e+00,9.970182363404851422e-01,3.475527165222498827e+00
6.665172768153810878e+00,-4.754598776888927958e+00,1.019718764133813016e+00,3.415122714304990481e+00
6.739723931619272079e+00,-4.713322084851961691e+00,1.042389447288165627e+00,3.354661797015960900e+00
6.816597019937310264e+00,-4.668799201333497351e+00,1.064824658559531345e+00,3.294399662419599029e+00
6.897166747702071277e+00,-4.620055598135407671e+00,1.087648068878154684e+00,3.234886408023143201e+00
6.983594310724626553e+00,-4.565263549924444497e+00,1.110329898480511002e+00,3.177313965778378879e+00
7.078145344285813323e+00,-4.502444144673418691e+00,1.133008717382612884e+00,3.123960775131583212e+00
7.182951363764602526e+00,-4.429062735705502796e+00,1.155605506721065101e+00,3.078638892808301719e+00
7.299905698826118616e+00,-4.341768649286990467e+00,1.178438799445677976e+00,3.046644535655244290e+00
7.428634404709157479e+00,-4.236770301820871332e+00,1.203009959930168016e+00,3.033180764280937414e+00
7.565247780609741568e+00,-4.110659932536779415e+00,1.234236418171737126e+00,3.040264813487232765e+00
7.700817735231918704e+00,-3.960939351074356907e+00,1.276442358373972130e+00,3.065680954263330538e+00
7.825395269722122293e+00,-3.792148618173937002e+00,1.309131299848319774e+00,3.106543077230544458e+00
7.939581340566043366e+00,-3.624572913553558706e+00,1.307725075304508877e+00,3.161962632822012509e+00
8.047702173584632135e+00,-3.471049376984213453e+00,1.296390155857407578e+00,3.231074528566014070e+00
8.145563941913760431e+00,-3.325066003226234468e+00,1.303817102682562901e+00,3.311127413605646996e+00
8.231329958854246343e+00,-3.184433572844392657e+00,1.321386032935601307e+00,3.398242945305042451e+00
8.306771434303371393e+00,-3.049752133261391052e+00,1.339558942361710026e+00,3.488932349242888975e+00
8.373847656344443280e+00,-2.919180188526927733e+00,1.356855195320572749e+00,3.580811489436111827e+00
8.434367552557949566e+00,-2.791711995384442702e+00,1.371791891597903268e+00,3.672487877823219726e+00
8.489827503169564693e+00,-2.666545586307309534e+00,1.383784590645530610e+00,3.763120424469608594e+00
8.541427139286309256e+00,-2.542689615216805255e+00,1.393306508199656513e+00,3.852012359646352913e+00
8.590222114273709408e+00,-2.418627034904157203e+00,1.401713432811924731e+00,3.938354662667423955e+00
8.636809595869181067e+00,-2.293534702094367717e+00,1.409534549877520471e+00,4.021116387900833367e+00
8.681485494413319515e+00,-2.167782039061223021e+00,1.416193042443988581e+00,4.099110327788347163e+00
8.725170720330638119e+00,-2.039870474827533808e+00,1.424375886715526285e+00,4.171330691831138360e+00
8.766727037087768792e+00,-1.912006616138977488e+00,1.433057860282394458e+00,4.236475668384310111e+00
8.808270784691941913e+00,-1.781932912952594705e+00,1.449161499339181258e+00,4.293362381122897808e+00
8.852743245910037473e+00,-1.638723575207513772e+00,1.490357918915682145e+00,4.342155831591033355e+00
