8.857492921193943047e+00,-1.473402476323932841e+00,1.676389201357177061e+00,3.739661431597308017e+00
8.905295032007101597e+00,-1.330692339181267725e+00,1.739393377278471542e+00,3.752885687635675982e+00
8.945885933661703149e+00,-1.194978692496311279e+00,1.772920306638049448e+00,3.801216366954675685e+00
8.984825929697448643e+00,-1.055028611940981964e+00,1.804519199493588300e+00,3.785533917563879580e+00
9.020409841846559473e+00,-9.104322983667860747e-01,1.838842666472351173e+00,3.694214463553634253e+00
9.052673512754385143e+00,-7.621186253842475722e-01,1.873828415927726976e+00,3.580404370995785790e+00
9.081439798669363128e+00,-6.075260357572389580e-01,1.910053709535983746e+00,3.445397424804048647e+00
9.105168264905074693e+00,-4.458637599773567217e-01,1.942654889773918425e+00,3.457796131571077236e+00
9.122635596210383113e+00,-2.758203822265450356e-01,1.969988824277300710e+00,3.454273122772807181e+00
9.137409209232780327e+00,-9.550497356127962689e-02,2.000011485752103191e+00,3.435414722913482155e+00
9.151710342384195229e+00,9.945714190365251284e-02,2.069272499266387566e+00,3.402951208387396953e+00
9.148753568197680153e+00,2.995980507973816653e-01,2.157639143141713234e+00,3.357709312770998711e+00
9.129870866239500060e+00,4.922585680269679909e-01,2.231877689253038533e+00,3.298652371797919258e+00
9.099090846182424031e+00,6.753144730804045981e-01,2.298949847436690064e+00,3.231042171309612687e+00
9.060979206679959930e+00,8.470165396824853588e-01,2.355565728333855802e+00,3.163270522865835321e+00
9.018210370037223811e+00,1.006868617578723590e+00,2.404976315222668415e+00,3.099057713469989039e+00
8.972764382920777493e+00,1.155562554914413731e+00,2.448048823306981703e+00,3.041416824377834338e+00
8.925669529640073208e+00,1.294054219192524613e+00,2.485995956221614733e+00,2.990456807455615706e+00
8.877640914220478408e+00,1.423523960802230093e+00,2.519841575167569125e+00,2.946666101342641397e+00
8.828974850471981384e+00,1.545112137202456326e+00,2.550136800431587414e+00,2.908762266392783236e+00
8.779958312342301952e+00,1.660063583598273551e+00,2.577282750481622919e+00,2.877097435950532578e+00
8.730618820696941285e+00,1.769190533125986287e+00,2.601554369912653097e+00,2.851940762303830201e+00
8.680906555570562233e+00,1.873650347588922793e+00,2.623285014579999519e+00,2.830436065192827755e+00
8.630787945075480749e+00,1.974366274736410132e+00,2.643736392781973699e+00,2.809986570136505435e+00
8.580045268368420963e+00,2.072078828160749175e+00,2.663236987690096313e+00,2.792214499717441623e+00
8.528428261859737347e+00,2.167612046745068355e+00,2.681881958436684865e+00,2.774661971864338383e+00
8.475728441674343472e+00,2.261495488454339675e+00,2.700314607583547577e+00,2.756958715119787406e+00
8.421579331824711190e+00,2.354463814810570543e+00,2.718630320715957005e+00,2.736748776654005955e+00
8.365811334749979622e+00,2.446853212605022865e+00,2.737823775898325707e+00,2.712515101720041510e+00
8.307971148228110891e+00,2.539077865703830206e+00,2.757481411801272042e+00,2.688545052638248833e+00
8.250786793178777501e+00,2.627933236537462136e+00,2.782445922048889297e+00,2.668381692894492563e+00
8.192725173656700832e+00,2.713315988988323824e+00,2.811413791971895115e+00,2.654446509222850636e+00
8.128810391212578423e+00,2.800925233400952230e+00,2.834714474211862179e+00,2.649224370830126851e+00
8.058540694191194120e+00,2.891200634769162114e+00,2.851335977335313299e+00,2.654853962694505132e+00
7.982204952059157144e+00,2.983288967791244417e+00,2.862348363114878502e+00,2.672700723952948110e+00
7.899487508053762319e+00,3.076883844038268645e+00,2.867941541178415932e+00,2.702782088032174901e+00
7.810183950741150127e+00,3.171413735059378070e+00,2.868859042904918777e+00,2.743326079779257132e+00
7.714307772644184880e+00,3.266206882519944177e+00,2.866855296318251423e+00,2.790859661886654575e+00
7.611831910318579197e+00,3.360506535797440186e+00,2.864145977726693992e+00,2.841025281219633047e+00
7.502968705396633631e+00,3.453657482717590543e+00,2.863529703790856029e+00,2.889783306937085516e+00
7.388059604369759725e+00,3.544846313358860801e+00,2.867662060229454912e+00,2.934739877150458920e+00
7.267330669076927485e+00,3.633648852029788490e+00,2.877392787122972528e+00,2.975646023177692001e+00
7.141243847144036039e+00,3.719610899691820016e+00,2.893067367830286507e+00,3.013449738144073020e+00
7.010183509530981461e+00,3.802280450782832943e+00,2.913565348063307248e+00,3.049798496441571416e+00
6.874533757957314251e+00,3.881289519820863454e+00,2.937232497160369604e+00,3.086407466595033622e+00
6.734746387205392537e+00,3.956267865644741200e+00,2.962333852331039630e+00,3.124880043718840650e+00
6.591196737401068262e+00,4.027075243348999578e+00,2.987050184910663653e+00,3.166330333344467007e+00
6.444309716949937261e+00,4.093650606614699150e+00,3.010448499243079556e+00,3.211230137875709989e+00
6.294459535735005495e+00,4.155896174789367237e+00,3.032043156001297923e+00,3.259469656682272287e+00
6.141971136009757970e+00,4.213973995917222659e+00,3.051793055451654357e+00,3.310638673611327132e+00
5.987169756052621139e+00,4.267821353945789653e+00,3.069985159041831668e+00,3.364151092271688182e+00
5.830341797932549142e+00,4.317808090765959506e+00,3.086737018567290214e+00,3.419550695015355135e+00
5.671716806728501759e+00,4.363975726662737920e+00,3.102352146598089000e+00,3.476381085141747818e+00
5.511503060700339240e+00,4.406654916534702870e+00,3.116960546529356613e+00,3.534317977768669294e+00
5.349879519728375499e+00,4.445919075334587411e+00,3.130710075288499539e+00,3.593081463489867122e+00
5.187003826167309484e+00,4.481994933755466981e+00,-3.139538930728070998e+00,3.652457369300591505e+00
5.022982993151224207e+00,4.515202253333113980e+00,-3.127337208467492413e+00,3.712295946707425909e+00
4.857933683430288418e+00,4.545707955533238476e+00,-3.115753858051921288e+00,3.772304280993002301e+00
4.691941271122288981e+00,4.573510905587498065e+00,-3.104272285351695526e+00,3.832064768895912632e+00
4.525062784792154957e+00,4.598779494218582009e+00,-3.092112300153303739e+00,3.891253954553158145e+00
4.357407277450562333e+00,4.621513296525387560e+00,-3.078713897383802411e+00,3.949922391542563194e+00
4.189116201299062148e+00,4.641577123894409240e+00,-3.063375114706257563e+00,4.008519802742730676e+00
4.020131277936427772e+00,4.658648328310810882e+00,-3.045053106663425879e+00,4.067969916329693625e+00
3.850611197810614783e+00,4.671896978961569857e+00,-3.023267471696343467e+00,4.129751808040219352e+00
3.683096342992439709e+00,4.680960124808120071e+00,-3.002051850582041048e+00,4.195670365425701043e+00
3.529276200078109049e+00,4.688754903490337966e+00,-3.000760883324945283e+00,4.267721370403013914e+00
3.386474923825801842e+00,4.699381489108354515e+00,-3.015529327984039387e+00,4.347734839113178040e+00
3.244526072688142637e+00,4.710300501898895931e+00,-3.032015807628223758e+00,4.436365550851482986e+00
3.104287925821904714e+00,4.721547116466739524e+00,-3.054315618827884826e+00,4.532517352254607168e+00
2.964842457367589557e+00,4.733410268210109351e+00,-3.083582027384391910e+00,4.633945715505027430e+00
2.826571496047623366e+00,4.746010266283628098e+00,-3.120785404561198018e+00,4.735954964252531596e+00
2.689116506244521254e+00,4.759373110589437239e+00,3.113607355966795165e+00,4.835301969256185828e+00
2.552430054368751033e+00,4.773259411589200418e+00,3.046279145158129253e+00,4.924584007853691325e+00
2.416447972468849237e+00,4.787677922205817005e+00,2.957337574649303580e+00,4.986825162553376600e+00
2.280950218760337656e+00,4.802182433069709155e+00,2.866679887716960362e+00,4.999999888845587215e+00
2.145829659579561621e+00,4.816240849902774457e+00,2.788209676157455519e+00,4.990546106477805388e+00
2.012217225530207543e+00,4.829991300285020550e+00,2.726329635838419918e+00,4.977670777487638532e+00
1.880493239941943617e+00,4.843307201284610564e+00,2.686023356510172988e+00,4.988136893213693135e+00
1.748607313670779373e+00,4.856621778300945991e+00,2.670999030363701898e+00,4.999999507958444056e+00
1.615385771608496723e+00,4.870138190794247812e+00,2.666281701354307643e+00,4.999999514363424602e+00
1.480770289771891957e+00,4.884375664043222542e+00,2.661143887604465519e+00,4.999999527218032647e+00
1.344939852606090280e+00,4.899137482268145050e+00,2.654144032316350543e+00,4.999999542927192842e+00
1.207782443050719134e+00,4.914767061840224827e+00,2.643572337886975987e+00,4.999999560115576891e+00
1.059543845961989916e+00,4.935151824947952903e+00,2.644095393568770991e+00,4.999999577049141664e+00
8.981267588677077640e-01,4.957321492112850336e+00,2.658136133708280724e+00,4.999999592466541465e+00
7.342852751273305500e-01,4.977123849171100289e+00,2.666744527690330102e+00,4.999999604679839393e+00
5.701860493213644077e-01,4.993871240207226947e+00,2.685782961122765489e+00,4.973402475452040505e+00
4.048457163333090136e-01,5.006342203650149258e+00,2.745447397803934653e+00,4.999999775033675320e+00
2.392056215411297870e-01,5.016386833645121612e+00,2.813386057753024527e+00,4.998153107477644852e+00
7.336169296220695912e-02,5.024662094598362216e+00,2.890934656033148364e+00,4.999999836593333136e+00
-9.306998421841683466e-02,5.029805857752180032e+00,3.015509305652588345e+00,4.999999714543780449e+00
-2.598308140956202550e-01,5.032649269511615842e+00,-3.111535239185154733e+00,5.000000001041678743e+00
-4.266295644740196735e-01,5.033978884703842027e+00,-2.969352721664642480e+00,4.982328651670827391e+00
-5.933244155542531928e-01,5.034290680806506657e+00,-2.863285126788006174e+00,4.919899217334505082e+00
-7.600212989230703542e-01,5.033243391741265782e+00,-2.795537834155809698e+00,4.875042262929772718e+00
-9.268219309118101989e-01,5.030476402016304860e+00,-2.756215715523651077e+00,4.864535821442180108e+00
-1.093624753455602061e+00,5.026258960542905996e+00,-2.734168260002627804e+00,4.873345051043922460e+00
-1.260499778219887457e+00,5.020420890549622150e+00,-2.719579866054369965e+00,4.876884326741487641e+00
-1.427085594309472238e+00,5.012772746384904998e+00,-2.707853167955292850e+00,4.889394076707850090e+00
-1.591835810294035314e+00,5.002229131795742134e+00,-2.690774389436461522e+00,4.910196166964131415e+00
-1.753728245835470601e+00,4.987678806191533809e+00,-2.672491474628981400e+00,4.936072666392899322e+00
-1.913019477941702240e+00,4.970756930054945677e+00,-2.660227564406505429e+00,4.962454946979438120e+00
-2.069635915576946594e+00,4.952587705937927076e+00,-2.651519221873346321e+00,4.985059225236050828e+00
-2.223514590291892912e+00,4.933439386845011043e+00,-2.645342705297091701e+00,4.999999265630961531e+00
-2.374873372760611279e+00,4.913682088309268003e+00,-2.641733495608385329e+00,4.999999235427056377e+00
-2.523855378778018910e+00,4.893558587634184498e+00,-2.636953032273449793e+00,4.999999198211887652e+00
-2.670872073482746245e+00,4.872833896216016036e+00,-2.630411806794304752e+00,4.999999173903448835e+00
-2.816119707728835131e+00,4.851223761762879505e+00,-2.623196321585088420e+00,4.999999158651904807e+00
-2.963877397952338288e+00,4.828310053257863110e+00,-2.622951775524898999e+00,4.999999150739668607e+00
-3.114783967538216736e+00,4.806860112856438327e+00,-2.633192319374161983e+00,4.993590534109853429e+00
-3.265291444374419871e+00,4.786520690573525805e+00,-2.636375973471581702e+00,4.857225690537358531e+00
-3.415795552786060618e+00,4.767542591195182311e+00,-2.637074427466992166e+00,4.785233324481302120e+00
-3.566212224598678926e+00,4.749587821731190651e+00,-2.634977190162333560e+00,4.642383010054481396e+00
-3.716712186515819027e+00,4.732400869057642900e+00,-2.631335794906816794e+00,4.567228460325254424e+00
-3.867355079894238656e+00,4.715829875258332748e+00,-2.626035769166521483e+00,4.416502567607581753e+00
-4.018103294921184343e+00,4.699474409950243015e+00,-2.613796061476921562e+00,4.320993508137571659e+00
-4.168997782245940087e+00,4.683373104465954562e+00,-2.608588016173700730e+00,4.239983809924390279e+00
-4.320094108971343161e+00,4.667268495968241560e+00,-2.597358779809623819e+00,4.070056000266917273e+00
-4.471379158610826465e+00,4.651142119080036608e+00,-2.583861845857072126e+00,3.973206829660421935e+00
-4.622882174455710924e+00,4.634886793153643048e+00,-2.567778780532821159e+00,3.785507526339920048e+00
-4.774577331851929785e+00,4.618211246499939193e+00,-2.546653408568218424e+00,3.667672496880411082e+00
-4.926414989632061925e+00,4.600963281991973020e+00,-2.520832226447503377e+00,3.449699337968382906e+00
-5.078319761929205534e+00,4.582568568329843828e+00,-2.486192180757329506e+00,3.290350310381653376e+00
-5.230120688871339851e+00,4.562407598027406586e+00,-2.449997976440447811e+00,3.111698280518571114e+00
-5.381428337397271555e+00,4.538596562630415221e+00,-2.410441777481159953e+00,3.093710015720366080e+00
-5.531494039365886906e+00,4.509414379626282887e+00,-2.372384614196133779e+00,3.076069850201988753e+00
-5.680224955354732153e+00,4.475091057181293408e+00,-2.337907935398328529e+00,3.063821365675082564e+00
-5.823799630052817200e+00,4.437233834773663510e+00,-2.296131003395571746e+00,3.043325325823782013e+00
-5.961816453629381840e+00,4.393593052770405016e+00,-2.245469171602721303e+00,3.016694182759941611e+00
-6.098002593530676307e+00,4.343765328236662171e+00,-2.197485696002178468e+00,2.986647687325878042e+00
-6.231913058980096842e+00,4.288153040705324770e+00,-2.151801797567053143e+00,2.959301951122270236e+00
-6.363530804541072783e+00,4.227143742359904088e+00,-2.108545509431282827e+00,2.930852173243206238e+00
-6.492574520640054914e+00,4.161144589184873510e+00,-2.065118481493533054e+00,2.899174845385170229e+00
-6.618891838229199465e+00,4.090257428138710516e+00,-2.020215505031256686e+00,2.860336882595077679e+00
-6.742222440973107744e+00,4.014576951323705956e+00,-1.973972678618167054e+00,2.822923608827383912e+00
-6.862193185615241831e+00,3.934019826855863933e+00,-1.927303812659856508e+00,2.784009652977805782e+00
-6.978621457800191052e+00,3.848748835235251242e+00,-1.879167914414674012e+00,2.741722791609104259e+00
-7.091120563067510041e+00,3.758800989034556395e+00,-1.828247503168435761e+00,2.690853328262147848e+00
-7.199334152147847554e+00,3.664157546266184173e+00,-1.772701014538110353e+00,2.626628114534309333e+00
-7.302946506188550124e+00,3.564925317580058373e+00,-1.711181518504644838e+00,2.546152546289375262e+00
-7.401585462175287233e+00,3.461265967665999810e+00,-1.643434711815180194e+00,2.448754976332836453e+00
-7.495022825142674705e+00,3.353387371906914272e+00,-1.570626985286499355e+00,2.335284484747929046e+00
-7.582911926536905156e+00,3.241902222193123961e+00,-1.495029405241707243e+00,2.213230644505995048e+00
-7.665775623121533933e+00,3.127063024046376594e+00,-1.421832482101958561e+00,2.086429634261728783e+00
-7.743348866685223264e+00,3.011458298648661991e+00,-1.353716404928161365e+00,1.961098579252897878e+00
-7.807247380246347568e+00,2.905443303254767962e+00,-1.277814824871088772e+00,1.843648961738439285e+00
-7.848283537524997300e+00,2.818672473813422119e+00,-1.182275230514882924e+00,1.739446089161467590e+00
-7.875508117784186801e+00,2.741200157481624267e+00,-1.090147368645855153e+00,1.653009526403156348e+00
-7.899529443152177421e+00,2.664230365519129506e+00,-1.018746827953544987e+00,1.585580576439951539e+00
-7.919720692513243065e+00,2.589195469419479867e+00,-9.624057581764442482e-01,1.536641706280978958e+00
-7.936964448344588696e+00,2.514386480850940409e+00,-9.193521915725483273e-01,1.505145679897391009e+00
-7.951552654063434034e+00,2.438703096848368723e+00,-8.866605504483570099e-01,1.490635361406264625e+00
-7.963368043758179304e+00,2.360741989498641669e+00,-8.631492813856800339e-01,1.493833614660574849e+00
-7.972381890378944291e+00,2.279072982525176538e+00,-8.488124301863197996e-01,1.516355972880127245e+00
-7.977932110781666530e+00,2.193226260670315675e+00,-8.438336100505228199e-01,1.559660312546921279e+00
-7.979151452208485651e+00,2.102039635659679995e+00,-8.496452801157071688e-01,1.623263330739761034e+00
-7.974907869774419567e+00,2.005239347956493390e+00,-8.652427696312769978e-01,1.702576081986193701e+00
-7.963861141328790971e+00,1.903211219618981875e+00,-8.860887486412576397e-01,1.787841708080823100e+00
-7.944526375399881601e+00,1.796134327176517331e+00,-9.035092209045971767e-01,1.866886563726930959e+00
-7.916390077984397422e+00,1.685974956219342236e+00,-9.039579832809467863e-01,1.931916701129351654e+00
-7.874554340959964982e+00,1.569093978442674508e+00,-8.880641545710158402e-01,1.983875060227120679e+00
-7.816313491236722477e+00,1.440998198595614621e+00,-8.664293318467971572e-01,2.029897474767465404e+00
-7.748189123453462557e+00,1.308727359127608736e+00,-8.331295337508949350e-01,2.077368376346684808e+00
-7.674164805607293971e+00,1.180282841801578275e+00,-7.845577891963547712e-01,2.130943332077070540e+00
-7.593086874940035536e+00,1.056380342072666512e+00,-7.315110845912151660e-01,2.192489708582729513e+00
-7.504843356892634709e+00,9.369403130088489462e-01,-6.816137250684743965e-01,2.261628183283754367e+00
-7.410085485646768610e+00,8.224286472985049556e-01,-6.369400349135465600e-01,2.336582376942840877e+00
-7.309454521788786963e+00,7.126366845942584405e-01,-5.983020987200893259e-01,2.415336014872307313e+00
-7.203744381154533194e+00,6.072876442564005828e-01,-5.652464107621526512e-01,2.496221232703781379e+00
-7.093688152886024945e+00,5.059951434190068653e-01,-5.371128741080812841e-01,2.578043588695715815e+00
-6.979985526481888414e+00,4.083997653136437478e-01,-5.131333909873150301e-01,2.659949738214029136e+00
-6.863225097080738024e+00,3.141736080555670441e-01,-4.927376411564204362e-01,2.741241026373329337e+00
-6.743902455269469520e+00,2.229133327944374798e-01,-4.757200348508333621e-01,2.821182574234617935e+00
-6.622564417641464196e+00,1.342602222593525241e-01,-4.620363905696528439e-01,2.898892682528676268e+00
-6.499606604504554852e+00,4.767937494839280532e-02,-4.522910382510632044e-01,2.973349284348546728e+00
-6.375937457634798022e+00,-3.716853097062777778e-02,-4.462364429745959704e-01,3.043528646179380459e+00
-6.251855420993654100e+00,-1.206998031529993298e-01,-4.444933322496292250e-01,3.108643185890338501e+00
-6.135206915472778633e+00,-1.983330270592236211e-01,-4.316842738662529655e-01,3.168444798512454419e+00
-6.024644738368095886e+00,-2.665851469375288829e-01,-4.064633332510704244e-01,3.223319006025437972e+00
-5.910907599525339506e+00,-3.328583118981778277e-01,-3.889068005340052814e-01,3.274268332238013723e+00
-5.793885606983201875e+00,-3.988881505388044424e-01,-3.793002818709494406e-01,3.322606773500679900e+00
-5.675065387527830296e+00,-4.641468759375029229e-01,-3.732503882697452147e-01,3.369715975746214287e+00
-5.554157209236754156e+00,-5.291627276934356416e-01,-3.698978347756141649e-01,3.416755989774563851e+00
-5.431013429003634485e+00,-5.942477560949170901e-01,-3.683270510732304381e-01,3.464544845034689846e+00
-5.305678817002778658e+00,-6.595943726189816836e-01,-3.675936597671529138e-01,3.513557967789552983e+00
-5.178230724196482448e+00,-7.252166844253173927e-01,-3.670540327136158631e-01,3.564011986260922527e+00
-5.048577466372181632e+00,-7.912926623480966981e-01,-3.669949111120359153e-01,3.616043400313451173e+00
-4.916768024502622403e+00,-8.579286921913977793e-01,-3.674462651529648016e-01,3.669625661640007142e+00
-4.782805504467700253e+00,-9.250812935760368561e-01,-3.681772261841469440e-01,3.724539652854490512e+00
-4.646654631403323243e+00,-9.928062179428689404e-01,-3.690109752563117684e-01,3.780563137333078139e+00
-4.508384328496457982e+00,-1.061091004845141406e+00,-3.696552544618335601e-01,3.837505184673996705e+00
-4.368011858317857765e+00,-1.130050412826189898e+00,-3.701859532558755550e-01,3.895305978917624756e+00
-4.225534774905079338e+00,-1.199703603458708301e+00,-3.706612071541597331e-01,3.953863297931802467e+00
-4.080976174571762982e+00,-1.270126568205072637e+00,-3.710845197416733354e-01,4.013111317262398003e+00
-3.934370181659735177e+00,-1.341384590236486929e+00,-3.713178354214027310e-01,4.073084910964392513e+00
-3.785692609863613889e+00,-1.413353132010956692e+00,-3.711704976278670243e-01,4.133945944377467541e+00
-3.634951310316161255e+00,-1.485988758861742198e+00,-3.707769484391090775e-01,4.196371360061121436e+00
-3.482166542203692039e+00,-1.559382501902193852e+00,-3.713632093421803670e-01,4.261803956869235854e+00
-3.327301322352720803e+00,-1.633207284220201672e+00,-3.741479112519846550e-01,4.331801651251428353e+00
-3.170455480366926260e+00,-1.707071755845973371e+00,-3.818633291687061893e-01,4.407596874782275798e+00
-3.011718627391616110e+00,-1.780585392835639880e+00,-3.959154529719959292e-01,4.488681381930812897e+00
-2.856884548884465413e+00,-1.852682350626579932e+00,-4.372649357726544062e-01,4.571923144837824360e+00
-2.711885909897020941e+00,-1.928260963543122486e+00,-5.076663703075328105e-01,4.651320007762096864e+00
-2.571912744136461093e+00,-2.006494521916786233e+00,-5.783689812358685511e-01,4.721164210256006299e+00
-2.435535854275187262e+00,-2.084899516443042167e+00,-6.422761876339035947e-01,4.779097363213724137e+00
-2.303561293887916417e+00,-2.162313911098934227e+00,-7.019673995640537401e-01,4.824417282577408983e+00
-2.175500398492340004e+00,-2.238451751231187448e+00,-7.608967817330806183e-01,4.854343565272988492e+00
-2.050787778444676412e+00,-2.312940705801536545e+00,-8.141904027442765646e-01,4.873783780483478267e+00
-1.929376657552018592e+00,-2.384767402380287837e+00,-8.577179179474374582e-01,4.891326000615707770e+00
-1.810881994780370707e+00,-2.453972427347056673e+00,-8.822010208767133710e-01,4.927589161782310434e+00
-1.705459222459219548e+00,-2.516302304113005484e+00,-9.001740184882790485e-01,4.994076738922566427e+00
-1.613162159988211330e+00,-2.575344270776109390e+00,-9.181751486979619070e-01,4.999999300611734476e+00
-1.522846072156403885e+00,-2.633950805332048617e+00,-9.343090840340588787e-01,4.999999294418478790e+00
-1.421571300680388505e+00,-2.700581996252247929e+00,-9.343658578911866464e-01,4.999999299911594086e+00
-1.303069377085756653e+00,-2.774288681548294555e+00,-9.148571354283945301e-01,4.999999400812860983e+00
-1.182278774440653990e+00,-2.846481673480047547e+00,-8.990644593384793382e-01,4.999999487718946867e+00
-1.061268026241402040e+00,-2.917196240775659533e+00,-8.901868871342699663e-01,4.999999512327572226e+00
-9.387402240558575528e-01,-2.987552210241001482e+00,-8.874866665873643035e-01,4.999999535368506720e+00
-8.108328522644345782e-01,-3.061178381494759293e+00,-8.825601865940293500e-01,4.999999557612345491e+00
-6.758011342329162119e-01,-3.137717463622735181e+00,-8.740448367731848966e-01,4.999999574993065465e+00
-5.391851163971494998e-01,-3.213579471595949144e+00,-8.720507680299303122e-01,4.999999590839271590e+00
-4.021080026036116806e-01,-3.288484519680693552e+00,-8.668680477718043731e-01,4.999998527894620182e+00
-2.626557520119092715e-01,-3.362545610369792826e+00,-8.291939323412630403e-01,4.999999719683888344e+00
-1.204381802719751704e-01,-3.437706737768792209e+00,-7.769027999131757900e-01,4.985634222666240234e+00
2.327356449866613275e-02,-3.513356657662669136e+00,-7.080217426626170818e-01,4.987477918268544030e+00
1.675518727704030653e-01,-3.587403817128311800e+00,-5.880342786939083410e-01,4.999999926343407175e+00
3.124405410497956836e-01,-3.660040579934161542e+00,-4.321920800846117405e-01,4.999999945151518688e+00
4.575440127331908968e-01,-3.732067998124719566e+00,-2.831130416180265286e-01,4.984226258346847516e+00
6.023982387615092193e-01,-3.804034523170180648e+00,-1.727433619700560197e-01,4.911801602974860792e+00
7.470497013444372669e-01,-3.875891129433128413e+00,-1.053996298121279152e-01,4.858792633003735872e+00
8.917364470637849649e-01,-3.947317492518124027e+00,-7.195863333993912647e-02,4.860408916844486171e+00
1.037504360891098543e+00,-4.016899688096579268e+00,-5.802006057756059487e-02,4.880508725954820548e+00
1.184475050999864720e+00,-4.084390341580785844e+00,-4.869236884204497517e-02,4.915040481915234238e+00
1.331884892948824728e+00,-4.150816838967934075e+00,-4.245580750943356296e-02,4.834932270616781658e+00
1.479200798714813914e+00,-4.217090692778540983e+00,-3.751923735894380219e-02,4.757965281233191845e+00
1.626306139366253234e+00,-4.283340862606884514e+00,-3.294504946474940965e-02,4.680846423307163384e+00
1.773159700565265950e+00,-4.349651464256186983e+00,-2.819887973379819890e-02,4.601448843071175077e+00
1.919764493056547394e+00,-4.416053159847560750e+00,-2.309247825425064793e-02,4.518675857702299403e+00
2.066085146356668290e+00,-4.482542024895085575e+00,-1.778854549393260598e-02,4.431043547042317954e+00
2.212165500632302439e+00,-4.549275762372356979e+00,-1.158982379118322914e-02,4.336738535942658679e+00
2.358704766133485009e+00,-4.616629850539377244e+00,-1.689782338112788551e-03,4.237852983552163444e+00
2.506533874837843179e+00,-4.683958142474224040e+00,1.512103751923354888e-02,4.130292958480987764e+00
2.655095230282038976e+00,-4.749864950610482417e+00,3.531280839611872224e-02,4.016593524449636021e+00
2.803651256386053170e+00,-4.814158609256918631e+00,5.521430403272897802e-02,3.893509430686589390e+00
2.952291942767965693e+00,-4.877071373863590686e+00,7.821667659421693841e-02,3.758560271040623846e+00
3.101133872371147682e+00,-4.938423458184928450e+00,1.043371333625788266e-01,3.611803448496109237e+00
3.250303676607027903e+00,-4.998017592535036080e+00,1.354790070394605861e-01,3.448736680104164787e+00
3.399944838392476854e+00,-5.055578670499251359e+00,1.724435698424114927e-01,3.270480045332532004e+00
3.550655878807973842e+00,-5.109781029654136830e+00,2.134515505353720144e-01,3.185176111297518986e+00
3.703258320956051008e+00,-5.158689861653985353e+00,2.559018757427327651e-01,3.169997850286745411e+00
3.857934487219467190e+00,-5.201385876639238681e+00,2.987158732869841793e-01,3.154011429986605997e+00
4.014473477720597927e+00,-5.237763905611610760e+00,3.424728203837397178e-01,3.135428612307645579e+00
4.172684033216910393e+00,-5.267653687326023793e+00,3.871096535480513801e-01,3.115876598949471887e+00
4.332358324018853679e+00,-5.290854368993403334e+00,4.330040764381545837e-01,3.091541254110634629e+00
4.493267192664360365e+00,-5.307217445142851098e+00,4.810906170438959961e-01,3.062729741969804742e+00
4.655197860392243925e+00,-5.316459981972049498e+00,5.307674058073821310e-01,3.028503955407960024e+00
4.817834801605288320e+00,-5.318490963672865668e+00,5.814391596806092188e-01,2.992280923476247523e+00
4.980853102254476639e+00,-5.313313331219866598e+00,6.322963422308738313e-01,2.948010915824447853e+00
5.143577777870083523e+00,-5.301394614548979867e+00,6.844630266707942834e-01,2.893624368421778392e+00
5.305882675400911630e+00,-5.283326405859371633e+00,7.335720033212171920e-01,2.834697345994816153e+00
5.463897103283094303e+00,-5.260018657934795172e+00,7.848692695734804659e-01,2.769255319490734557e+00
5.609144803700673698e+00,-5.229349199623998246e+00,8.516981935833882744e-01,2.697381014870312566e+00
5.741817345045157950e+00,-5.190671857241315301e+00,9.251182216625982724e-01,2.618892450819470863e+00
5.866411085125797342e+00,-5.147627352841693593e+00,9.913402133672808425e-01,2.541819524226401672e+00
5.982196360614443265e+00,-5.102096869226327769e+00,1.049162461547513026e+00,2.471744895038075818e+00
6.089005535663077673e+00,-5.055563073689357090e+00,1.098449713026704799e+00,2.412678015435963719e+00
6.187446682053143299e+00,-5.009007038895148867e+00,1.139116918600012074e+00,2.364898085962698460e+00
6.278451870336064999e+00,-4.963177680131401814e+00,1.171976957011087173e+00,2.328207034413461329e+00
6.362662160726957339e+00,-4.918391945181850744e+00,1.198387257315940424e+00,2.301267821324776364e+00
6.441452207095355931e+00,-4.874561953053158980e+00,1.219199077666786701e+00,2.281245455382206355e+00
6.516063597293524801e+00,-4.831553356549956213e+00,1.236002133889571253e+00,2.265175019908157950e+00
6.587726750587893143e+00,-4.788809261667661410e+00,1.249836595330907851e+00,2.252164789107766296e+00
6.657914861707027399e+00,-4.745751828523890659e+00,1.260330873783996442e+00,2.248157010552285673e+00
6.727891731702581701e+00,-4.701461010120900674e+00,1.266373965395281243e+00,2.253469679405435411e+00
6.799521554861260420e+00,-4.654745483679180396e+00,1.266975309089424684e+00,2.269734986247656128e+00
6.874083363372871958e+00,-4.604603480477219790e+00,1.261715935437265124e+00,2.298928665479762934e+00
6.953581463776033367e+00,-4.549191727322504875e+00,1.248850864446619191e+00,2.343062747466569729e+00
7.040022918269698060e+00,-4.486578424768393525e+00,1.227503643083659224e+00,2.403192081187900619e+00
7.135214788125797902e+00,-4.414356391700222204e+00,1.197815254180094824e+00,2.477352532342578240e+00
7.240824062675883077e+00,-4.329440692405007063e+00,1.163685566697596707e+00,2.557949958829764725e+00
7.356825282829002610e+00,-4.228437486150188107e+00,1.135949230826296397e+00,2.632330357587474801e+00
7.480876398517352754e+00,-4.108295982968204640e+00,1.133005701288177791e+00,2.691520476271189288e+00
7.606512505190423212e+00,-3.965988593563764208e+00,1.167652843537592133e+00,2.739849931052364518e+00
7.725326140721180401e+00,-3.802310945531084840e+00,1.213649838275852932e+00,2.791107820997831279e+00
7.837373212774483733e+00,-3.633691347024464946e+00,1.231448821810843697e+00,2.856604996984239087e+00
7.946682509342281264e+00,-3.475692159429183636e+00,1.233569962672697029e+00,2.940116548462516466e+00
8.048410884930024878e+00,-3.325870927338621552e+00,1.246282086414254975e+00,3.038349941080820571e+00
8.140045296250306706e+00,-3.182061372281759226e+00,1.262884949184329919e+00,3.145436366721876986e+00
8.222753031306755389e+00,-3.044552110409096901e+00,1.276958471928800742e+00,3.255480063191334761e+00
8.298270124277358661e+00,-2.911763854497709136e+00,1.289631907527130972e+00,3.364040946671854382e+00
8.368076636290947334e+00,-2.782782235201583187e+00,1.301869738844752877e+00,3.467666104679008487e+00
8.433460591130039319e+00,-2.656868125837247963e+00,1.315284236777522153e+00,3.563507437105958076e+00
8.495397326883253442e+00,-2.533086186405116180e+00,1.332229480637256325e+00,3.648825995653442344e+00
8.554722843819533296e+00,-2.409952859081126775e+00,1.355414134875027710e+00,3.720771471782341688e+00
8.611810067975977034e+00,-2.286573315544028873e+00,1.386001770288060264e+00,3.776366165305695688e+00
8.666737767985846830e+00,-2.163179396510036767e+00,1.423209303653699243e+00,3.812705679852077534e+00
8.720112486947446229e+00,-2.038132742742189585e+00,1.468519244878065733e+00,3.827846097188801977e+00
8.770429299346835350e+00,-1.913401511056356696e+00,1.517930361463356803e+00,3.822720980699358506e+00
8.819585570026500676e+00,-1.786552466785856108e+00,1.574022740249349628e+00,3.799894458714565548e+00
8.870565193315911756e+00,-1.646228287218720610e+00,1.650315529557688787e+00,3.765956610941472160e+00
