0.000000000000000000e+00,-7.794277155142407265e-01,5.519369181044059269e-01,3.756154456484818382e+00,-1.777889716030663481e+00,1.970039262264141611e+00,1.999978285240795683e+00,-1.356904810923897919e-01,4.807047904324675436e+00
1.578398441577653633e-01,-7.593834615589488690e-01,6.335780310718769348e-01,3.756818723013886085e+00,-1.929300894827552071e+00,1.263957512378060200e+00,1.999949364683092146e+00,-1.676828665492486325e-01,4.963906122820919364e+00
3.156732289512507172e-01,-7.326906758629196936e-01,6.967177408731679567e-01,3.799368188273374081e+00,-1.999999013927062919e+00,6.081352450318103786e-01,1.494250367021995540e+00,4.123920262554824079e-02,5.027078759547689124e+00
4.735007700749602755e-01,-6.982757270609553091e-01,7.520721137998769290e-01,3.832659209991413629e+00,-1.999999208888924240e+00,6.219616720242036045e-01,-1.999925442999964886e+00,7.628184851308675296e-02,4.919917205950069317e+00
6.313359408601937339e-01,-6.555575093676869747e-01,8.089789214809012252e-01,3.743102858404675271e+00,-1.999998901770308812e+00,7.098764445514326171e-01,-1.999941285868366503e+00,1.016424522662185553e-01,4.618548549882504517e+00
7.891656251032345137e-01,-6.042321586943490974e-01,8.673000726478592437e-01,3.632351969537912062e+00,-1.999998981287050892e+00,8.408739638695839069e-01,-1.999688594521185081e+00,8.029562859741549985e-02,4.265865914261430802e+00
9.470004133077283281e-01,-5.434486274440565312e-01,9.251411316814802666e-01,3.500563041768356420e+00,-1.999999391075102606e+00,9.107116414420356465e-01,1.999972777248520295e+00,7.259144735121060565e-02,3.908539168134594899e+00
1.104840621716450366e+00,-4.711327915521422161e-01,9.792430146159923909e-01,3.513317070804941711e+00,-1.999999669303142991e+00,9.559759513374737061e-01,1.999990711575409863e+00,7.683166486030407194e-02,3.673821887846811851e+00
1.262681461522275228e+00,-3.858610540810667455e-01,1.027693061432880750e+00,3.512039689826118583e+00,-1.999999733878010000e+00,1.006877607223535698e+00,1.999995333575707690e+00,7.168471914934666789e-02,3.472121039740234227e+00
1.420518228414948236e+00,-2.888630119339836155e-01,1.068962581399404588e+00,3.495938774487848733e+00,-1.999999751322437236e+00,1.037924249362080831e+00,1.999997220159253963e+00,6.959178759542970771e-02,3.321077339381074633e+00
1.578359492907691175e+00,-1.827749214723696225e-01,1.101138084752770085e+00,3.464033523895306388e+00,-1.999999768896695063e+00,1.060812651743123336e+00,1.999998150462436897e+00,6.637700507541637041e-02,3.234830562171782553e+00
1.736119677055532495e+00,-7.172827783610095931e-02,1.122802168884319496e+00,3.417399126817559196e+00,-1.999999758450913045e+00,1.071260092909069872e+00,1.999998660373254911e+00,7.192189512194989420e-02,3.220822122053665026e+00
1.893929269320524078e+00,3.941525549836329134e-02,1.133832155912240847e+00,3.356697143666279359e+00,-1.999999793694378303e+00,1.094516477247182040e+00,1.999998959166556123e+00,6.497158627804765219e-02,3.275055705522955662e+00
2.051709477387540836e+00,1.461743056984287081e-01,1.134635242559819845e+00,3.288594248298130296e+00,-1.999999763587132495e+00,1.089914879074072029e+00,1.999999143715486927e+00,5.879946058359764027e-02,3.387236692760765333e+00
2.209509697694257646e+00,2.454502246355271533e-01,1.125683611696727482e+00,3.219379203954821023e+00,-1.999999756541757101e+00,1.068411764090457350e+00,1.999999264175035263e+00,5.467344622022834999e-02,3.542732558678283183e+00
2.367281937511195533e+00,3.355711216043678613e-01,1.108483947204375708e+00,3.152986126587866256e+00,-1.999999775364741605e+00,1.039660775733574294e+00,1.999999346837275649e+00,4.696804942126529825e-02,3.723905430868312827e+00
2.525053648535680040e+00,4.160687743641784953e-01,1.084585259412887748e+00,3.092609424549476405e+00,-1.999999716473396916e+00,9.965650385987999682e-01,1.999999406947844394e+00,4.479989961444461044e-02,3.916925092582681955e+00
2.682826593173742058e+00,4.872002213823654615e-01,1.055383922311764922e+00,3.038511974575823338e+00,-1.999999780538547434e+00,9.561041742131521914e-01,1.999999452562322810e+00,3.818548346478742306e-02,4.111882971246847873e+00
2.840598310788523317e+00,5.494892811033494917e-01,1.021929277222771715e+00,2.991361574594232131e+00,-1.999999676605713095e+00,9.073358151982235942e-01,1.999999488797840952e+00,3.817748854951501236e-02,4.302875914586484107e+00
2.998365782695653792e+00,6.035613380308659792e-01,9.850099880795180063e-01,2.949884907149238789e+00,-1.999999793725906194e+00,8.665964347212891106e-01,1.999999518611488947e+00,3.214059899867704323e-02,4.484105966638462171e+00
3.156136732688610280e+00,6.500027419821026164e-01,9.452394688176615212e-01,2.914250332699823698e+00,-1.999999742723431506e+00,8.195686580575408664e-01,1.999999543981680006e+00,2.685462921388299951e-02,4.650837081870657919e+00
3.313922521897811890e+00,6.893775259770797970e-01,9.029269645318923621e-01,2.884188994431515329e+00,-1.999999254825772566e+00,7.693124552165384600e-01,1.999999567435241321e+00,3.471061461817944588e-02,4.798785800905903898e+00
3.471693240198370223e+00,7.221745760100940492e-01,8.588213784956364449e-01,2.857158421428024564e+00,-1.999999592478726829e+00,7.412789293598706086e-01,1.999999590163638929e+00,4.595046836288967790e-02,4.921713205815026804e+00
3.629467839254204797e+00,7.487999666169801172e-01,8.140203657374343038e-01,2.831048257200801110e+00,-1.999999859531055524e+00,7.362467064120457039e-01,1.999999611537264688e+00,4.359477747646848395e-02,5.014848541122346681e+00
3.787241177560768168e+00,7.696178120663986766e-01,7.690689871188837179e-01,2.806634198384537093e+00,-1.999676069563049330e+00,7.266599399519356739e-01,1.999999632573738362e+00,5.569384352125033438e-02,5.079211400521583819e+00
3.945015394690555510e+00,7.849611418066312352e-01,7.243759389486588152e-01,2.781633686159575625e+00,-1.999999763620390336e+00,7.377578297252307404e-01,1.999999653528291566e+00,6.188052046349006019e-02,5.116276765453929620e+00
4.102807214907126188e+00,7.950266194582502610e-01,6.804309554113502356e-01,2.755654827749971947e+00,-1.999999408035459725e+00,7.562997290276229911e-01,1.999999674085982670e+00,7.178109518643510656e-02,5.127463511500822690e+00
4.260585671994953749e+00,8.000000015716258739e-01,6.375102443991903511e-01,2.727488269640502949e+00,-1.999999929103149610e+00,7.869049829476579827e-01,1.999999689180520734e+00,5.710925499735043653e-02,5.112978583537504562e+00
4.418364913718290765e+00,7.999999866904512480e-01,5.953368866567858575e-01,2.700244205144788356e+00,-1.999999891654576478e+00,7.906256088596481657e-01,1.999999697039158253e+00,2.886063286559385418e-02,5.074323357802536627e+00
4.576147343322695349e+00,7.951164461113998660e-01,5.527795591116811957e-01,2.677562916497783885e+00,-1.996506624091154203e+00,7.470772380396107915e-01,1.999999703534109052e+00,6.723175103386893302e-03,5.007362474348451720e+00
4.733928721278660490e+00,7.854215250193753439e-01,5.087581442142287136e-01,2.661300716668929311e+00,-1.985012269583807720e+00,6.686726326344274440e-01,1.999999711533865021e+00,-1.208934552832452089e-02,4.904387145761666567e+00
4.891682709510733140e+00,7.709517942992087924e-01,4.626896595462844375e-01,2.653391733704403510e+00,-1.961993199355031692e+00,5.618733212111471920e-01,1.999999721143854270e+00,-2.597572602683537527e-02,4.762654774670532554e+00
5.049455387880246171e+00,7.517274739690841256e-01,4.143620971553811372e-01,2.655441916465500540e+00,-1.924213467784569476e+00,4.357590929871619778e-01,1.999999732043648892e+00,-3.364664436876375203e-02,4.586865251412695521e+00
5.207254444022550999e+00,7.277959407595676611e-01,3.638893865529227445e-01,2.668488202555903577e+00,-1.869116347261658762e+00,3.025481956820411655e-01,1.999999743508438232e+00,-3.433331176801961843e-02,4.389106019180611717e+00
5.365044117906551335e+00,6.992899337599500775e-01,3.116994883487841927e-01,2.692621512424002717e+00,-1.795525475258735737e+00,1.777251492920112197e-01,1.999999754642075800e+00,-2.801795321213913087e-02,4.185192611654915851e+00
5.522840649826602721e+00,6.664746775261544132e-01,2.586113825838327052e-01,2.726610767126004475e+00,-1.704506155003596923e+00,7.893619023418643743e-02,1.999999764657771628e+00,-1.561730065705805963e-02,3.989964852717026389e+00
5.680641818473985971e+00,6.297564604245754483e-01,2.059586012642271036e-01,2.767814647100295566e+00,-1.600029928742912722e+00,2.292900739993884718e-02,1.999999773057194785e+00,9.932945312598399738e-04,3.814047537445559577e+00
5.838445955779847374e+00,5.896448515118190015e-01,1.556213261813122473e-01,2.812637021316889196e+00,-1.488932662738073898e+00,2.078887050682253629e-02,1.999999779659791477e+00,1.921935291687940778e-02,3.662938553990096935e+00
5.996258817961015453e+00,5.466897019973210314e-01,1.098259876715541733e-01,2.857472224576635078e+00,-1.378731648858397607e+00,7.405006067788112711e-02,1.999999784521066637e+00,3.632411088590570269e-02,3.537769720953865438e+00
6.154077893517587938e+00,5.014737979083795372e-01,7.073063526646317101e-02,2.899652860905794771e+00,-1.277306810754280209e+00,1.718117109414666610e-01,1.999999787775962101e+00,4.965773062135445809e-02,3.437384680257125957e+00
6.311904830467372385e+00,4.545781537624288826e-01,3.984610878483448027e-02,2.938089574732886344e+00,-1.193291763960946605e+00,2.904030250225752008e-01,1.999999789535283234e+00,5.716588597873530075e-02,3.359725582250960407e+00
6.469725159625647315e+00,4.064526975097789152e-01,1.746917028501203395e-02,2.973363666090919732e+00,-1.128214493078392833e+00,4.046075234180300795e-01,1.999999789858416310e+00,5.899001659437849016e-02,3.302017630507839918e+00
6.627547880113612955e+00,3.575527893738583707e-01,2.756362510460535868e-03,3.006944807896760885e+00,-1.081131397222197421e+00,4.937019553114300741e-01,1.999999788729152961e+00,5.630036723805422610e-02,3.261686188080698656e+00
6.785377436475526380e+00,3.082828673555119692e-01,-5.980367583944553624e-03,3.040611005267603417e+00,-1.046145890271009904e+00,5.487455642220626650e-01,1.999999786093247689e+00,5.120532813008470130e-02,3.236294166425177199e+00
6.943207810967632732e+00,2.590894494469402343e-01,-1.065182423544787892e-02,3.075902325503674373e+00,-1.019664634531946223e+00,5.685858444818459034e-01,1.999999781892946471e+00,4.505020285802330965e-02,3.223700449789575373e+00
7.101042299022537918e+00,2.103063661156749364e-01,-1.308925038358975043e-02,3.114023145136976201e+00,-9.980170019536835913e-01,5.587134125363049098e-01,1.999999776087437509e+00,3.907540770678347153e-02,3.221932790323892792e+00
7.258876298019341533e+00,1.621558073786128762e-01,-1.474624909949391605e-02,3.155687916595288467e+00,-9.783557428311674409e-01,5.289811997834180657e-01,1.999999768651550047e+00,3.421123711486687147e-02,3.229232158736340175e+00
7.416713222380853843e+00,1.147571732244214160e-01,-1.653487384389308590e-02,3.201056801945652897e+00,-9.571640156484965134e-01,4.921811011357671850e-01,1.999999759560741719e+00,3.097023082354156270e-02,3.244088494612062945e+00
7.574545562948100219e+00,6.823339614632598082e-02,-1.875332533626834081e-02,3.249775477360726139e+00,-9.366714670927073216e-01,4.547994248644434689e-01,1.999999748785107112e+00,2.872917140934877836e-02,3.265218232883291272e+00
7.732380267658629514e+00,2.253689133805695730e-02,-2.146707862337925155e-02,3.301334863501570460e+00,-9.134970084008342539e-01,4.252799534236096912e-01,1.999999736258952110e+00,2.747222721366031351e-02,3.291566798196785548e+00
7.890221187521259338e+00,-2.225462688996273156e-02,-2.438706908285166383e-02,3.355042522194169763e+00,-8.946215382661329985e-01,3.986582195407320506e-01,1.999999721896577931e+00,2.572513516151592530e-02,3.322190140671777314e+00
8.048057892213485331e+00,-6.635260477288246195e-02,-2.755651284827272465e-02,3.410555519479512299e+00,-8.749862026883351573e-01,3.783192637445207396e-01,1.999999705548053397e+00,2.432118604803375564e-02,3.356354300205825592e+00
8.205895025926608355e+00,-1.097541515071862872e-01,-3.078985198668565682e-02,3.467408997955844896e+00,-8.595668519449400913e-01,3.585831843244401407e-01,1.999999687032008922e+00,2.235131391051402641e-02,3.393342405297173237e+00
8.363735305195326930e+00,-1.526581557593504057e-01,-3.420424557915924257e-02,3.525428769426941500e+00,-8.439874171345120857e-01,3.415696524250654842e-01,1.999999666087000749e+00,2.062426400357727369e-02,3.432651701544950473e+00
8.521576089830388057e+00,-1.950906075612281465e-01,-3.774312959700776293e-02,3.584340130733850049e+00,-8.305525215050758581e-01,3.241441292785384731e-01,1.999999642395726029e+00,1.854006377695706712e-02,3.473775141847202708e+00
8.679417451247477544e+00,-2.371755864910671252e-01,-4.151969551748110887e-02,3.644049448592274754e+00,-8.208044083769602262e-01,3.030827692479299840e-01,1.999999615555972721e+00,1.653035516871945859e-02,3.516240057515563677e+00
8.837259335114033831e+00,-2.791194081204773081e-01,-4.570910112074005882e-02,3.704498110142556921e+00,-8.124153263075861719e-01,2.822843047973995767e-01,1.999999585027546045e+00,1.593238249134711071e-02,3.559794758896998701e+00
8.995096956256858789e+00,-3.210479797717128991e-01,-5.018362130987898823e-02,3.765391641037504122e+00,-8.021273392234802291e-01,2.704776806411175460e-01,1.999999550050552966e+00,1.721999917544868308e-02,3.604700554339943963e+00
9.152936507953931766e+00,-3.629189809235569553e-01,-5.439799908375452658e-02,3.826237164001666358e+00,-7.960120391192943012e-01,2.665456941636829002e-01,1.999999509558042732e+00,1.932884286672829910e-02,3.651837261524503830e+00
9.310778981885945882e+00,-4.048322910499995153e-01,-5.784170690962344569e-02,3.886793708628822230e+00,-7.935105455419203535e-01,2.735327553566936354e-01,1.999999461868008810e+00,2.245391655928835606e-02,3.703896728782523962e+00
9.468622264040330805e+00,-4.467244546765845037e-01,-5.968455340817305915e-02,3.946912279728032935e+00,-7.960542015901368451e-01,2.924619357093841132e-01,1.999999404434889438e+00,2.575956811134963442e-02,3.765662211936001480e+00
9.626463299027795628e+00,-4.883753073328232497e-01,-5.888725859442135030e-02,4.006735494599998226e+00,-8.055982453116578013e-01,3.202544968590129715e-01,1.999999333570635640e+00,2.783943013248788012e-02,3.843879355796886443e+00
9.784304555741982767e+00,-5.293841637905291053e-01,-5.440978861847984432e-02,4.066817639539914708e+00,-8.182718309674935631e-01,3.535289467547908515e-01,1.999999244211868366e+00,2.680832157806830804e-02,3.946414653285105434e+00
9.942150251549977114e+00,-5.689708514818688778e-01,-4.536590139202768129e-02,4.128101007250886134e+00,-8.345887760736725447e-01,3.774480061396836006e-01,1.999999130018402793e+00,1.882303271962998056e-02,4.079599482438901248e+00
1.009999350767617088e+01,-6.062607501897510076e-01,-3.172600230848814096e-02,4.192146649143490222e+00,-8.615699831127545671e-01,3.605286759642419847e-01,1.999998983580562939e+00,5.768673665376990688e-04,4.245460391300778014e+00
1.025783606785904745e+01,-6.407442500877803537e-01,-1.491217792863068319e-02,4.261090544668264535e+00,-8.780815346943514621e-01,2.914833663652739992e-01,1.999998796458700046e+00,-2.765306296285782728e-02,4.440609992767395653e+00
1.041566426524147460e+01,-6.715607601577504582e-01,3.105723947826294351e-03,4.336704964141168794e+00,-8.936535100975435686e-01,1.333766745158344591e-01,1.999998559237935236e+00,-6.875067700690358496e-02,4.653959869096087054e+00
1.057350347943974711e+01,-6.986964602195229190e-01,1.885165679464099672e-02,4.420814498765401446e+00,-8.771814207451402723e-01,-1.160600917713995872e-01,1.999998259546685420e+00,-1.188955013047829079e-01,4.870518735790078324e+00
1.073133706317985769e+01,-7.217897157984530798e-01,2.897107570727237846e-02,4.513554171365609768e+00,-8.438278102951808357e-01,-4.965713637785040269e-01,1.999997876723855983e+00,-1.768587547361863410e-01,5.075365485630793039e+00
1.088916931738454252e+01,-7.415170780594700917e-01,2.913867000371119995e-02,4.614283635616293289e+00,-7.585246618597132340e-01,-9.819154651668048350e-01,1.999997371143206637e+00,-2.308829285544685417e-01,5.258481995124056674e+00
1.104700447191966362e+01,-7.580868223716142884e-01,1.660656000061095858e-02,4.718717447505781593e+00,-6.113041091787407844e-01,-1.504264561315211468e+00,1.999996659713473734e+00,-2.739187196074404640e-01,5.416723588070732731e+00
1.120483906410020936e+01,-7.717978953873526615e-01,-9.044933765120890048e-03,4.818991740132106294e+00,-3.844429055701911180e-01,-1.969362966366287049e+00,1.999995556549633013e+00,-3.007079786853564252e-01,5.553427101048232117e+00
1.136267225895295852e+01,-7.825138822403195915e-01,-4.546755611225887506e-02,4.904343601158614341e+00,-1.053782922431048957e-01,-2.386498388854956243e+00,1.999993581224310812e+00,-3.129301419965115350e-01,5.674022620627138025e+00
1.152050649146960382e+01,-7.905382897477143400e-01,-9.067274520884470446e-02,4.966280002962777829e+00,2.097620747526797447e-01,-2.756530417479686079e+00,1.999989053907261338e+00,-3.084814976700814282e-01,5.783118114040449065e+00
1.167833735174868970e+01,-7.962966225955883104e-01,-1.427244948930826429e-01,4.998878783881619547e+00,5.682400614229808911e-01,-3.043460721625404375e+00,1.999969300238256142e+00,-2.666840315812304407e-01,5.885931698423052971e+00
1.183617038070603300e+01,-7.996811044636238375e-01,-1.983366176202744635e-01,4.999999863348134177e+00,9.547841633202516221e-01,-3.234572373296355163e+00,1.999991768528672553e+00,6.647811184526557227e-02,5.984695815129828844e+00
1.199400248571754801e+01,-7.999999753740320019e-01,-2.448383997873277151e-01,4.993199682900225866e+00,1.357723211179173939e+00,-2.580728748587775900e+00,1.999985787971378715e+00,1.223547346348168446e-01,6.101903187231142667e+00
1.215182945968079054e+01,-7.964034517658750145e-01,-2.724058664773484351e-01,4.987089309586604458e+00,1.669509433064484627e+00,-1.955196911115663516e+00,1.999953586648519188e+00,3.138210723083956766e-01,6.195505463902257759e+00
1.230965758393391951e+01,-7.885484959888554579e-01,-2.776652777649754600e-01,4.999999013771218692e+00,1.900629289494819574e+00,-8.983914075367310792e-01,-2.158656319273562774e-01,3.015773342139851376e-01,6.255682621323911619e+00
1.246748573893937007e+01,-7.758511574341010464e-01,-2.589873540321346868e-01,4.999999496963696721e+00,1.999998682225076596e+00,-3.873576539162158078e-02,-9.310036760612130369e-01,2.493476555813210413e-02,6.202916091703506218e+00
1.262531513582266918e+01,-7.586291886853229194e-01,-2.309705638126275939e-01,4.999999508293877071e+00,1.999998686261241998e+00,-1.069625578824106096e-02,-8.436304091934315741e-01,1.255132186929416166e-02,6.067175524627238303e+00
1.278314656896915480e+01,-7.373497906806260049e-01,-2.053185042800654836e-01,4.999999524054103084e+00,1.999998699593619644e+00,6.973295450323315978e-03,-6.942493542195437017e-01,-8.805108569720704933e-04,5.899190255961888951e+00
1.294097618752468470e+01,-7.121462635920293716e-01,-1.834567686351397386e-01,4.999999541391876079e+00,1.999998722966512599e+00,9.790668168507011063e-03,-5.164971359454686439e-01,-8.339955878516516069e-03,5.719293391604342247e+00
1.309881001642328791e+01,-6.833711367945659587e-01,-1.664419884972443697e-01,4.999999558483415818e+00,1.999998746440756259e+00,1.080058213057143515e-02,-3.065264794405808124e-01,-1.914735955466913275e-02,5.549877207855504757e+00
1.325665828207898045e+01,-6.516427034718533795e-01,-1.548234753564881883e-01,4.999999573645494522e+00,1.999998766333597411e+00,7.850078777429519983e-03,4.244486750740810721e-01,-1.305379838024133821e-01,5.408683156913626000e+00
1.341450212660527619e+01,-6.179925746885718274e-01,-1.517351750757595374e-01,4.999999585063567231e+00,1.999998788750060541e+00,-2.422882903962646495e-01,-7.878407282955277591e-01,5.097430896684357338e-01,5.308821066024995261e+00
1.357234801495493137e+01,-5.817921270498800368e-01,-1.314217765626616019e-01,4.999999598267849343e+00,1.999998807696790282e+00,1.381289137633609831e+00,-1.736257059084125975e+00,-5.229384048370601112e-01,5.218625138156943954e+00
1.373019021600012124e+01,-5.434737210653729500e-01,-1.010844345159765401e-01,4.938744419679006015e+00,1.796977694935573577e+00,5.846055350168450904e-01,-1.999986345564715773e+00,5.235945014593421654e-01,5.058692220817265550e+00
1.388803479915067740e+01,-5.033813868422103432e-01,-5.892929230707648347e-02,4.930293592489684684e+00,1.650191093220271243e+00,2.127404773897422441e+00,-1.999993419241512305e+00,5.235971537998840297e-01,4.967261090544078606e+00
1.404588209699039858e+01,-4.603047837353684835e-01,2.868082670405448786e-02,4.972771611328090202e+00,1.255187811581590873e+00,3.388025268346903651e+00,-1.999995752748851441e+00,5.235979971723568882e-01,4.880114858195049088e+00
1.420372758606998786e+01,-4.147111385606909728e-01,1.544287412058155673e-01,4.999999944888298131e+00,6.624549670284747283e-01,4.350577666511165731e+00,-2.323754241831361145e-01,5.235953903991499292e-01,4.787209641388698422e+00
1.436157186520450324e+01,-3.667570338508299166e-01,3.090485848938876456e-01,4.999999986222906756e+00,-3.918535148463451329e-02,5.052092309036653184e+00,1.999997795929419064e+00,3.691334630056942318e-02,4.728367929312763174e+00
1.451941480371977100e+01,-3.168143131973048532e-01,4.579579673764360703e-01,4.999999740611334786e+00,-7.845803584052480906e-01,4.110988106225133443e+00,1.999997935727968912e+00,-9.856260965194156565e-02,4.788097884817267946e+00
1.467725981667522639e+01,-2.661674610151540388e-01,5.700264433769791639e-01,4.939573412916285378e+00,-1.332271683365588322e+00,3.003750426612084468e+00,1.999997553688681595e+00,-1.672212720309347866e-01,4.835534827048511453e+00
1.483510419219275711e+01,-2.143929372741316119e-01,6.449179368559704306e-01,4.882926262413757712e+00,-1.685456416458382511e+00,1.964403696398774546e+00,1.999997050632751350e+00,-1.831318869621658407e-01,4.873621926664085890e+00
1.499294903194657458e+01,-1.613423528915196026e-01,6.872691893720080936e-01,4.861208496627906328e+00,-1.897797789048949912e+00,1.100677187474555785e+00,1.999996349587618738e+00,-1.383301033562112370e-01,4.920548940609597466e+00
1.515079552526056084e+01,-1.077189890119713972e-01,7.048381801463777796e-01,4.874890133568416495e+00,-1.988506943637087243e+00,5.358859818952333987e-01,1.999995308303331720e+00,-1.752933496181099601e-02,4.965069670100130672e+00
1.530863941851100662e+01,-5.363523226365007890e-02,7.091630352970533790e-01,4.899790869770084711e+00,-1.999999187433117775e+00,4.186595177647512434e-01,1.999993554165212517e+00,9.319989871261718899e-04,4.996964400739305034e+00
1.546648138364089142e+01,6.952720472916816725e-04,7.074613957049865620e-01,4.924973543947579913e+00,-1.999994738939745886e+00,3.664137729425655521e-01,1.999989956627252763e+00,-1.596897509659694903e-02,5.043253875873042524e+00
1.562431973508963345e+01,5.431270049052849824e-02,6.996761298242261118e-01,4.951856145409169407e+00,-1.999992030536727805e+00,2.815024736916278969e-01,1.999979038433321588e+00,-9.852342977329437909e-03,5.114086344982858634e+00
1.578214310980001045e+01,1.060936201369586801e-01,6.858821054829111752e-01,4.978524283409107909e+00,-1.999997509161956399e+00,2.302450023283265090e-01,1.958986705271874351e+00,1.037692078683943690e-02,5.205921297586774799e+00
1.593997106120957774e+01,1.549976632684228195e-01,6.680347065367057136e-01,4.999999359756531980e+00,-1.999998027789723798e+00,2.416703164418829153e-01,1.354906644920840453e+00,9.982508499413277406e-03,5.306411625703692181e+00
1.609780420846664839e+01,2.002559712439697381e-01,6.477737329099825248e-01,4.999999322790785072e+00,-1.999999152233154831e+00,2.513426822510658742e-01,1.283486022947917693e+00,-1.976966666971546535e-02,5.392442626354855939e+00
1.625563363660890204e+01,2.414807585189454875e-01,6.248171214695745768e-01,4.999999299423024901e+00,-1.999999087242698703e+00,1.855015884122438452e-01,1.241763815942639404e+00,-8.197384370441099938e-03,5.474416508849673235e+00
1.641346420708794795e+01,2.785761431126902443e-01,5.996984771984271712e-01,4.999999272913038695e+00,-1.999999107416098987e+00,1.595179222016228637e-01,1.307365804678789933e+00,1.660501138673143792e-02,5.545543240174167998e+00
1.657129241472300407e+01,3.115101218510918368e-01,5.749202776993409536e-01,4.999999239599219436e+00,-1.999999118640830131e+00,1.967903154580621095e-01,1.220090083351431209e+00,-8.980265572013975545e-03,5.598541636177881031e+00
1.672912063245719949e+01,3.404830515492433540e-01,5.512470325134108950e-01,4.999999214618898513e+00,-1.999999133828336273e+00,1.653106245869168378e-01,1.110999338163658701e+00,-7.970903627448127846e-03,5.631447647312575633e+00
1.688695025496055635e+01,3.659054362487582091e-01,5.285344011257625541e-01,4.999999193777138196e+00,-1.999999151410967402e+00,1.415121116471910745e-01,1.023303627021743045e+00,-1.992858885298922408e-03,5.646164109144981680e+00
1.704478292046537291e+01,3.880712795255368830e-01,5.076846105719556856e-01,4.999999171507115925e+00,-1.999999171302346834e+00,1.351688097860822280e-01,9.196509250388054113e-01,-4.613226030028109992e-03,5.646042365311019218e+00
1.720262938423008592e+01,4.073167983649197410e-01,4.890988221354205523e-01,4.999999148241523805e+00,-1.999999192342146515e+00,1.220998393110895031e-01,8.957678677257844280e-01,1.173260527282973809e-02,5.636695731946392840e+00
1.736046998658444451e+01,4.240353066299170082e-01,4.732046795407205964e-01,4.999999137067664634e+00,-1.999999199609531431e+00,1.498242556845568452e-01,-1.078114152461394415e+00,-1.106517354193485847e-01,5.623830219766509764e+00
1.751831324383365285e+01,4.380741700038426889e-01,4.555241407335013926e-01,4.959914429847265716e+00,-1.999999154714221739e+00,-1.514298670753639608e-01,-1.999968834681338015e+00,5.235922668477343001e-01,5.575937120808865721e+00
1.767615416437362796e+01,4.494511989854949596e-01,4.442527927255324194e-01,4.819920329220464872e+00,-1.967068963608705090e+00,4.662054706091423584e-01,-1.999983462836927517e+00,-1.771190762708397815e-01,5.419884931963647290e+00
1.783399548897952513e+01,4.581546796421231416e-01,4.349721109586921486e-01,4.745106932513864173e+00,-1.999999332095249382e+00,-8.897589182729005730e-02,-1.999988947948957874e+00,5.235964278330720312e-01,5.357429931642458953e+00
1.799183935235225462e+01,4.643692181515466921e-01,4.276837852219750324e-01,4.597856425522672374e+00,-1.968569879839996206e+00,5.203815705615197906e-01,-1.999991341336010420e+00,-1.586791953311448566e-01,5.200137773400623331e+00
1.814968180758339855e+01,4.682933913108872082e-01,4.222288444891931225e-01,4.517507491013083687e+00,-1.999999472717584270e+00,2.212907835642606395e-03,-1.999992935681530248e+00,5.235972845756645677e-01,5.134100194153424113e+00
1.830752232617233233e+01,4.700810847215802224e-01,4.187348898823186616e-01,4.359450017040337855e+00,-1.969376804412896975e+00,5.951182124815027619e-01,-1.999993763084338516e+00,-1.428240189223572154e-01,4.968088152033732108e+00
1.846536496035796659e+01,4.699313444644044324e-01,4.171017489360080432e-01,4.271020291148686532e+00,-1.999999588661336203e+00,1.050033648996103602e-01,-1.999994424624137013e+00,5.235976169750259368e-01,4.894050824126281896e+00
1.862320750393788771e+01,4.679407150354771838e-01,4.175717538047050148e-01,4.099465541088335385e+00,-1.970581505544719114e+00,6.767397495946908537e-01,-1.999994670805144814e+00,-1.133833504042485452e-01,4.716206661383519183e+00
1.878105137692154614e+01,4.643617947191617801e-01,4.208692318075286654e-01,3.998779308863618542e+00,-1.999999665336383625e+00,2.579286469269085891e-01,-1.999994829577434352e+00,5.235977323241887138e-01,4.631514684019913730e+00
1.893889511915230273e+01,4.592567039140568741e-01,4.270795486584297862e-01,3.808026205847238721e+00,-1.974896082653807783e+00,7.944350417071133208e-01,-1.999994519176457652e+00,-7.128684008504733438e-02,4.440788923758060669e+00
1.909673845965695094e+01,4.529683336634577895e-01,4.376137361087314437e-01,3.687452961709319244e+00,-1.999999727083929590e+00,4.774517832415323126e-01,-1.999993867126779623e+00,5.235976193658516964e-01,4.342085957684542308e+00
1.925457844417674380e+01,4.456264320222967923e-01,4.520372874917197858e-01,3.468915860318082967e+00,-1.977887925867129360e+00,9.556360055615531479e-01,-1.999991317022215664e+00,5.243020889300713944e-02,4.136487325994072428e+00
1.941241843242822540e+01,4.377655710593910676e-01,4.761051649709935885e-01,3.301732165364583249e+00,-1.999999592561776618e+00,9.502322800556278759e-01,-1.999974952084055069e+00,9.633869246078241577e-02,4.008033219537257885e+00
1.957026488964968536e+01,4.297774941320540165e-01,5.022036582236495406e-01,3.117754897693066685e+00,-1.999999577577241672e+00,1.033703319375047558e+00,1.999983398496571141e+00,5.982404651586815947e-02,3.861065726399975695e+00
1.972810929973897132e+01,4.237349536536351713e-01,5.288593306048082754e-01,3.097827349857795731e+00,-1.999999798902335701e+00,1.021350108062133000e+00,1.999994126044401854e+00,4.286430582157294694e-02,3.869642843832826529e+00
1.988594961520657378e+01,4.211342537363996219e-01,5.519611024952172373e-01,3.081250710807315052e+00,-1.999999764559642568e+00,9.716978155332443023e-01,1.999996449198102155e+00,8.036845863426088366e-02,3.883753396269912006e+00
2.004378797962834469e+01,4.214846191037498468e-01,5.723768863747438207e-01,3.057697928141666299e+00,-1.999999824942749305e+00,1.018056920443804581e+00,1.999997474321868918e+00,6.759855488471452900e-02,3.892431369212534076e+00
2.020161358680221042e+01,4.241537669295141200e-01,5.912960232481417888e-01,3.031800936216114017e+00,-1.999999749628016188e+00,1.021413662607965289e+00,1.999998054027400496e+00,7.454135028037635335e-02,3.897297084254093935e+00
2.035944544404977563e+01,4.288719170964084282e-01,6.082589214176419290e-01,3.002369996687148657e+00,-1.999999814528393927e+00,1.039313905111362901e+00,1.999998427516481270e+00,5.845732367624140169e-02,3.895090893370656726e+00
2.051727480689138616e+01,4.352763439674895429e-01,6.232674494010105315e-01,2.974091863880611974e+00,-1.999999648886990666e+00,1.018530085016060571e+00,1.999998691405506790e+00,7.188058847311924737e-02,3.888773624200050794e+00
2.067510665892076460e+01,4.431618593706683207e-01,6.368524562014565849e-01,2.943377486393092379e+00,-1.999999777180299310e+00,1.032104884704094783e+00,1.999998890935299034e+00,7.678397991311397552e-02,3.875280949895656413e+00
2.083293757923996736e+01,4.523067137172696039e-01,6.505454111218251789e-01,2.910036843219406588e+00,-1.999999640575897075e+00,1.051848925965503057e+00,1.999999048029699633e+00,9.429097384655865666e-02,3.855372040319312354e+00
2.099076626665013734e+01,4.627125329731167080e-01,6.656436028068435373e-01,2.870898758292821373e+00,-1.999999860984336575e+00,1.101934219563070583e+00,1.999999170656796110e+00,7.649076655035201566e-02,3.827797013215443300e+00
2.114859806048661284e+01,4.744615453296003316e-01,6.821422448272758121e-01,2.832189150546576162e+00,-1.999998860367271591e+00,1.105044981609865973e+00,1.999999270916617888e+00,8.596027663912202132e-02,3.799577188688258556e+00
2.130643164556465408e+01,4.877724058216127423e-01,6.995852573658613016e-01,2.791060607469084243e+00,-1.999999659900937754e+00,1.127513847222367360e+00,1.999999357654177690e+00,9.624183716926751342e-02,3.769677123933487639e+00
2.146426099727144532e+01,5.027079374213870855e-01,7.188204909567660339e-01,2.745784393034689685e+00,-1.998357743223026395e+00,1.164031249245742083e+00,1.999999433874676491e+00,1.234804295468822644e-01,3.736104958308668511e+00
2.162209263772422929e+01,5.194599680049191148e-01,7.411180068525978770e-01,2.691073156060855176e+00,-1.995032056098142714e+00,1.241517310468277957e+00,1.999999502915090321e+00,1.538282439194371409e-01,3.695142656098671541e+00
2.177992429830322507e+01,5.382554256001313986e-01,7.681826962944432458e-01,2.622716260674041067e+00,-1.994265509748735621e+00,1.353802105178914861e+00,1.999999564059032009e+00,1.791235600496481617e-01,3.648288472310309505e+00
2.193775497726101875e+01,5.592623424008736910e-01,8.010928663616755374e-01,2.538513282747751898e+00,-1.996584322428177627e+00,1.480550362115962137e+00,1.999999617012100162e+00,1.966780825196103866e-01,3.598596071851399625e+00
2.209558625880726623e+01,5.826241566983831888e-01,8.398011627195465234e-01,2.438252613209664243e+00,-1.999999695362571162e+00,1.603750147193246711e+00,1.999999660301065019e+00,2.028360730474478846e-01,3.552340800029759382e+00
2.225341623487963005e+01,6.083650897575915151e-01,8.829271102991627096e-01,2.324136120337465528e+00,-1.999999960085479644e+00,1.707049151697455303e+00,1.999999688455365909e+00,1.861970653238887718e-01,3.518954793691347671e+00
2.241124771946251926e+01,6.362981677313144235e-01,9.273328704832967118e-01,2.203213794408836801e+00,-1.993511592685077050e+00,1.768993610509748349e+00,1.999999706128297472e+00,1.692304136779863299e-01,3.515130876172844143e+00
2.256907806326205801e+01,6.657749264778491938e-01,9.685655422623209443e-01,2.079743547981606433e+00,-1.978909998356222388e+00,1.795885979373864627e+00,1.999999719850922952e+00,1.471626479870150050e-01,3.557542436486486714e+00
2.272690868338902703e+01,6.955164894024521427e-01,1.001615244534501237e+00,1.959470044932270172e+00,-1.954297884411897668e+00,1.786641892577103263e+00,1.999999728710905478e+00,1.203206363193159434e-01,3.661367264639495911e+00
2.288472357994913509e+01,7.238621009978880583e-01,1.021441322678859009e+00,1.848560569527794906e+00,-1.920588848384387815e+00,1.741411160218049314e+00,1.999999732342199410e+00,8.907420259906764781e-02,3.838070806237391608e+00
2.304244539610289877e+01,7.491016437078467094e-01,1.023993386697164887e+00,1.752433090111498837e+00,-1.884361691520077153e+00,1.661123324183331196e+00,1.999999731140222448e+00,5.360497396972587619e-02,4.091609050299013894e+00
2.320007915100308082e+01,7.697986881449880858e-01,1.007119161049840894e+00,1.674532777570259867e+00,-1.848597146939457092e+00,1.546569429132717222e+00,1.999999727597106647e+00,1.555116033444999164e-02,4.396850913088494295e+00
2.335776240379344415e+01,7.852130243460596626e-01,9.711420664775149980e-01,1.615951637412904374e+00,-1.816269123320128687e+00,1.399233785576784905e+00,1.999999725743948575e+00,-2.293391409013667212e-02,4.698643939953130122e+00
2.351543549955964707e+01,7.952143203229220525e-01,9.184724527253964599e-01,1.575996622417968229e+00,-1.786995780020734337e+00,1.220328500196908861e+00,1.999999730064186076e+00,-5.901515704951306590e-02,4.920384260390246567e+00
2.367310658013312974e+01,8.000000046461037684e-01,8.525559611137090155e-01,1.553459407126622782e+00,-1.756952021163958211e+00,1.010587585177279202e+00,1.999999737059124261e+00,-8.874156399012980700e-02,4.998688611211743904e+00
2.383078259157212742e+01,7.997902939344342377e-01,7.766788100418672292e-01,1.547585238464710411e+00,-1.719676810480571971e+00,7.728110286741564083e-01,1.999999746593533745e+00,-1.093330966738746551e-01,4.915372726490534916e+00
2.398846182048627540e+01,7.946894094620935434e-01,6.931519997938805355e-01,1.558517337433202865e+00,-1.667704358310802215e+00,5.127306378953243593e-01,1.999999762468439579e+00,-1.187903909134489233e-01,4.697292469537415194e+00
2.414615288732226261e+01,7.847219722473309789e-01,6.031278229404735125e-01,1.586840335656138690e+00,-1.594063093653919738e+00,2.420491910091242538e-01,1.999999781860699377e+00,-1.146479627098868637e-01,4.390841435715985064e+00
2.430388086077191190e+01,7.699453658387025445e-01,5.071205414046410231e-01,1.632282228812456770e+00,-1.493232381815537302e+00,-1.458065197563003165e-02,1.999999802355810541e+00,-9.509567464151794103e-02,4.039899296111593152e+00
2.446158990947670731e+01,7.505553186893270112e-01,4.061621221036019191e-01,1.692103644850316391e+00,-1.362892287853892492e+00,-2.151181136851188780e-01,1.999999822262034099e+00,-5.985379609388450511e-02,3.679575310515941222e+00
2.461931191699610011e+01,7.269446765138335431e-01,3.034038781459382772e-01,1.759905238920631110e+00,-1.206933542198458165e+00,-3.032243964864075880e-01,1.999999840513141613e+00,-1.151474069987610226e-02,3.337592801357519789e+00
2.477704546314851441e+01,6.997076756804244679e-01,2.055532343696457320e-01,1.826433273723876205e+00,-1.038407995622283808e+00,-2.298369584582844738e-01,1.999999856534956155e+00,4.311666412828365352e-02,3.034970582968355757e+00
2.493479114948413056e+01,6.696236991283625040e-01,1.226254065370743634e-01,1.883585968877168781e+00,-8.784667249176986159e-01,6.729854156937065297e-03,1.999999870069690378e+00,9.337857210424593823e-02,2.785153983646201592e+00
2.509255352199869904e+01,6.376946872191338045e-01,6.465910397623000905e-02,1.929253026035006036e+00,-7.477251320435992499e-01,3.383426809662688495e-01,1.999999880963518217e+00,1.286569828493179524e-01,2.594327810909715648e+00
2.525032557084151819e+01,6.052761680004554723e-01,3.688234766178528218e-02,1.967922976470861451e+00,-6.572636900723074493e-01,6.578830918278831819e-01,1.999999889058245328e+00,1.434520802064725153e-01,2.463195075615115748e+00
2.540817478931076678e+01,5.740574066978216816e-01,3.706572289979849499e-02,2.006746537264356256e+00,-6.044448285570566126e-01,8.803501366850245979e-01,1.999999894268997380e+00,1.399230133835155099e-01,2.387620631285083395e+00
2.556602607299809549e+01,5.458267835892663955e-01,5.720691029433329355e-02,2.051501597464882920e+00,-5.774957423642862464e-01,9.776643992505965608e-01,1.999999896693981372e+00,1.253322686787628482e-01,2.359477441897584793e+00
2.572386043152399893e+01,5.221076743550903121e-01,8.770840095644713563e-02,2.105100146896209168e+00,-5.641524055678787120e-01,9.704069129186749798e-01,1.999999896629525598e+00,1.070083254153197383e-01,2.368562636047538028e+00
2.588169951821300785e+01,5.038271504222323616e-01,1.207456200703637267e-01,2.167855720630333494e+00,-5.565309554940459646e-01,8.995533969682965036e-01,1.999999894482251017e+00,8.950789803643681430e-02,2.404825671424403399e+00
2.603954017059215431e+01,4.912065777811081557e-01,1.514570773479477495e-01,2.238355145543459823e+00,-5.496910087424680125e-01,8.042963664142834812e-01,1.999999890674848846e+00,7.488627577984054151e-02,2.459503741772603558e+00
2.619737851638404180e+01,4.839737916675334595e-01,1.776760803479371376e-01,2.314440599242554963e+00,-5.425309089395955464e-01,7.090332534132534059e-01,1.999999885569210267e+00,6.304063119600900045e-02,2.525858842156682105e+00
2.635521658650501919e+01,4.815355101925017367e-01,1.988806013791875604e-01,2.394037950481095134e+00,-5.353234114589158210e-01,6.235370483128545027e-01,1.999999879440544914e+00,5.327029621772604029e-02,2.599115239298611435e+00
2.651305429342887621e+01,4.831652362729666472e-01,2.153184034666690283e-01,2.475560434034539181e+00,-5.287051682752129667e-01,5.488040217151652911e-01,1.999999872468736450e+00,4.501076825829539857e-02,2.676342980744899069e+00
2.667089543531610119e+01,4.881186789476716914e-01,2.274797834439725996e-01,2.557925035433255001e+00,-5.223989976343729191e-01,4.837858406885773288e-01,1.999999864750568124e+00,3.813746630463011461e-02,2.756042730448018840e+00
2.682873911648224663e+01,4.957261844920776150e-01,2.359048910729589499e-01,2.640357666212787446e+00,-5.162787871756771008e-01,4.272142001105657672e-01,1.999999856294987666e+00,3.252448165158131066e-02,2.838148844292953665e+00
2.698657884944075391e+01,5.053853374984144109e-01,2.410177088921099386e-01,2.722194923628065144e+00,-5.102030778416560830e-01,3.783864275556202417e-01,1.999999847027619904e+00,2.804581952111369000e-02,2.923836752636630898e+00
2.714441982942778608e+01,5.165334459238596354e-01,2.430259066807522184e-01,2.802710621827619430e+00,-5.041894070978589770e-01,3.368871837031300887e-01,1.999999836797101027e+00,2.448805572853260046e-02,3.015310660957692512e+00
2.730226373804595497e+01,5.285986297863111139e-01,2.418475967746710753e-01,2.881017186579194700e+00,-4.984504833948321667e-01,3.020245716269280289e-01,1.999999825406142850e+00,2.156923257228066104e-02,3.115200899517066357e+00
2.746010359966692960e+01,5.409515040333959801e-01,2.371040398811150585e-01,2.956080205928528493e+00,-4.932941920494380295e-01,2.726074583716907584e-01,1.999999812680369082e+00,1.903187562773673777e-02,3.225441367407225535e+00
2.761794303881044854e+01,5.528826769129809859e-01,2.282254102157062758e-01,3.026862994100610660e+00,-4.881647692491021262e-01,2.481197048473956224e-01,1.999999798580907484e+00,1.668982446449440715e-02,3.345592648571108274e+00
2.777578333402070143e+01,5.636576819881324862e-01,2.146991274757521218e-01,3.092567812491040957e+00,-4.839372475312247457e-01,2.253610000076069209e-01,1.999999783280318244e+00,1.414491669508382773e-02,3.472071841566860328e+00
2.793362027273680681e+01,5.725102674876207942e-01,1.961939380664758370e-01,3.152938427980504610e+00,-4.798424321690582528e-01,2.031729776483803263e-01,1.999999767261819938e+00,1.146689289570746589e-02,3.596946194015386844e+00
2.809142046652110380e+01,5.787688991616805056e-01,1.728763882326806167e-01,3.208354712671575015e+00,-4.765363443474928129e-01,1.789780169624695938e-01,1.999999751211000820e+00,8.656691528508222641e-03,3.709979584255850948e+00
2.824923585368508583e+01,5.818502763452073623e-01,1.453834252225146284e-01,3.259811789719553321e+00,-4.725526637790457563e-01,1.542775741318216098e-01,1.999999735834337100e+00,6.206935285675040277e-03,3.801170474554369516e+00
2.840706856414562509e+01,5.813533691658031577e-01,1.148574916133699997e-01,3.308629181991459056e+00,-4.680311504669569245e-01,1.294054416473708613e-01,1.999999721534714725e+00,4.253965695178981397e-03,3.865201569253095659e+00
2.856489107469202793e+01,5.769953519815348431e-01,8.259904445768072312e-02,3.356201429455326402e+00,-4.620432855535034911e-01,1.068576265186750723e-01,1.999999708277172328e+00,3.060510447001933091e-03,3.902689183551132590e+00
2.872271485097639854e+01,5.686335333334292530e-01,4.988217834545544127e-02,3.403709383240577591e+00,-4.544118041214594839e-01,8.838486847608227615e-02,1.999999695615113815e+00,2.503816872981849424e-03,3.919371537285954332e+00
2.888053977336812750e+01,5.562289780967462072e-01,1.772008271575572017e-02,3.451993198953319908e+00,-4.454410514115217379e-01,7.438889762928142801e-02,1.999999682896066000e+00,2.220539118708237357e-03,3.923013533693415766e+00
2.903836672366645288e+01,5.398168260375982852e-01,-1.324797603885261021e-02,3.501538804200102550e+00,-4.355100770646928576e-01,6.419227913644451333e-02,1.999999669480761577e+00,1.742020012478389356e-03,3.920440403798440610e+00
2.919619899487317127e+01,5.194821374015279325e-01,-4.274226537910797569e-02,3.552553561022007145e+00,-4.271153321332121777e-01,5.314314499849124435e-02,1.999999654874596633e+00,6.875962206682629130e-04,3.916031242069862195e+00
2.935403202994575622e+01,4.952513447696781368e-01,-7.085958750240452242e-02,3.605118997463074848e+00,-4.195801115540041537e-01,4.190336994364174394e-02,1.999999638715280081e+00,-2.970379594640401143e-04,3.911848628040729636e+00
2.951186846244221584e+01,4.671723349414490523e-01,-9.770784670420837315e-02,3.659162442306871377e+00,-4.109129092974040387e-01,3.368335691573248053e-02,1.999999620676445433e+00,-7.006597941738245371e-04,3.908858620588654631e+00
2.966970253199122354e+01,4.353654787870919751e-01,-1.232691401795361213e-01,3.714500328838271859e+00,-4.021889832831861966e-01,2.736469776069130541e-02,1.999999600439356318e+00,-7.864153286879907228e-04,3.907341084200835812e+00
2.982753759913666158e+01,3.999220990073716342e-01,-1.475858314950263539e-01,3.770973874225816314e+00,-3.933780548141125877e-01,2.320858961985020064e-02,1.999999577629477221e+00,-6.817968822679306177e-04,3.907383522580064827e+00
2.998537262562769357e+01,3.609380765307166339e-01,-1.706942499563751381e-01,3.828432716478446629e+00,-3.869525069282843122e-01,1.814786837957334947e-02,1.999999551843907097e+00,-6.298075963840529508e-04,3.908544313460626363e+00
3.014320706128485838e+01,3.184156444281492360e-01,-1.927455419163126848e-01,3.886791632069130920e+00,-3.813501774168781555e-01,1.572427114234490816e-02,1.999999522512584171e+00,-2.181025084480476010e-04,3.910783668223170029e+00
3.030104821502489898e+01,2.724042297982757210e-01,-2.137197529539152097e-01,3.945910000424266428e+00,-3.775491821817531513e-01,1.601264457344236600e-02,1.999999488951395676e+00,1.860133263713473564e-04,3.913703053261786913e+00
3.045888816004092448e+01,2.229240247002562125e-01,-2.335995139694699851e-01,4.005697135887809068e+00,-3.762072564255780072e-01,1.812603034828447549e-02,1.999999450262889278e+00,8.776984099394187803e-05,3.916848319745018792e+00
3.061672655840354906e+01,1.699783882502743093e-01,-2.523809842910445522e-01,4.066164422952013524e+00,-3.740089982715280037e-01,2.382174244578677547e-02,1.999999405078252357e+00,-1.559487582662653828e-03,3.920824186380698961e+00
3.077456716890862509e+01,1.137139378751722690e-01,-2.699644076509110091e-01,4.127478523889541506e+00,-3.722970272375267786e-01,2.181943293507083992e-02,1.999999351597897324e+00,-7.633819467191571041e-03,3.925991016072214457e+00
3.093240901672077925e+01,5.425949311292217747e-02,-2.866638155154591083e-01,4.190311557857308244e+00,-3.737423070651307300e-01,-1.000033652323124335e-02,1.999999287265711301e+00,-2.054288097503414318e-02,3.933359496580583148e+00
3.109024762592622437e+01,-8.368320175084367415e-03,-3.034462465628369743e-01,4.255984592842704473e+00,-3.672492453760315967e-01,-8.171002614040331902e-02,1.999999207582168204e+00,-4.084870424402842204e-02,3.949401130658631409e+00
3.124808739612432973e+01,-7.377697783856626557e-02,-3.213175281085356438e-01,4.325983738856180594e+00,-3.502895969095092821e-01,-2.199205363123205303e-01,1.999999106463432375e+00,-6.969314173346374819e-02,3.980693624430382549e+00
3.140593040923509704e+01,-1.415266280063226800e-01,-3.419708823193453595e-01,4.401672540843554415e+00,-3.108005085669352519e-01,-4.385337698447415722e-01,1.999998974754393588e+00,-1.041333989505514729e-01,4.036800727492179774e+00
3.156377087412647242e+01,-2.108613585123071399e-01,-3.670621494097148219e-01,4.482988578505674226e+00,-2.390221856510898746e-01,-7.392529120172331991e-01,1.999998799695956953e+00,-1.381053571415364611e-01,4.125201218362761324e+00
3.172161405417166691e+01,-2.808592243088209317e-01,-3.976729845271978481e-01,4.567514151348444962e+00,-1.156059499439425764e-01,-1.078375627509489343e+00,1.999998561565553779e+00,-1.628837293013434828e-01,4.254089066492078075e+00
3.187945000792729289e+01,-3.500852243270496378e-01,-4.328675544122033703e-01,4.649850695148253443e+00,6.675587822575390629e-02,-1.397929503561777143e+00,1.999998231125991843e+00,-1.733000989563157623e-01,4.426321594422373273e+00
3.203727919109874023e+01,-4.169029452471859076e-01,-4.700268439918540708e-01,4.723327141253662376e+00,3.020135807006341655e-01,-1.655048903392080550e+00,1.999997763689539854e+00,-1.681900071114904860e-01,4.638841130808526003e+00
3.219511426296599410e+01,-4.798098681656071673e-01,-5.060317714241542308e-01,4.782664768852384007e+00,5.713465161750999055e-01,-1.834910996678011053e+00,1.999997087980373012e+00,-1.492215898223726855e-01,4.882718524983920005e+00
3.235294305054934938e+01,-5.377796476429602679e-01,-5.383204533702590222e-01,4.825890215311575027e+00,8.362227430309794318e-01,-1.947271953528785460e+00,1.999996084560849097e+00,-1.182898360152843109e-01,5.138968885246712581e+00
3.251077062110528715e+01,-5.908004711883516613e-01,-5.653244191194852775e-01,4.855343739735329400e+00,1.094647425697931942e+00,-1.969449904239279459e+00,1.999994501928389790e+00,-7.039512848315314375e-02,5.411536572665558431e+00
3.266859622459273282e+01,-6.386408642709008321e-01,-5.846473215910069632e-01,4.876309444264724569e+00,1.350094321272283349e+00,-1.851415869783517465e+00,1.999991761121454825e+00,-1.176634065050262455e-03,5.712961002379700837e+00
3.282642444395244041e+01,-6.806486808569338631e-01,-5.925364958401002635e-01,4.897337874837876193e+00,1.576755327153972486e+00,-1.626799044414666051e+00,1.999986217401951594e+00,8.818174941095628661e-02,6.033638211666032092e+00
3.298424709565355784e+01,-7.165185474676739608e-01,-5.868138398287373603e-01,4.926950748971109739e+00,1.774682952442867778e+00,-1.202245392056451978e+00,1.999969808942089644e+00,1.948409151449440879e-01,6.360802109739317700e+00
3.314206048630258294e+01,-7.458657163951130098e-01,-5.640938930445171806e-01,4.975696794374888654e+00,1.920053968404460187e+00,-5.876828894975060225e-01,-1.632977643756248765e-01,2.804891067054591236e-01,6.651517739945965957e+00
3.329982419201258637e+01,-7.684748377378478601e-01,-5.235538344867026739e-01,4.999999295481433847e+00,1.999998141510336280e+00,1.582351922769338892e-01,-1.788603120594046469e+00,2.084871527982399761e-02,6.802587322011507176e+00
3.345760730243782177e+01,-7.846315712204967596e-01,-4.749493694213115513e-01,4.999999290863515355e+00,1.999998680461204437e+00,1.751139260834079225e-01,-1.705279561321579873e+00,1.342018088259006557e-02,6.769257586379612057e+00
3.361539132028904930e+01,-7.950073892903727346e-01,-4.287463485521856299e-01,4.999999295926653708e+00,1.999998719670937453e+00,1.801275869815452679e-01,-1.539868299357707748e+00,4.053485724501238417e-03,6.636371751141050268e+00
3.377324524756173929e+01,-7.999999836803164399e-01,-3.868139463101447073e-01,4.999999392768526896e+00,1.999998445408043057e+00,1.743602804179404664e-01,-1.331691861292409795e+00,-2.908479529359919453e-03,6.442267883822101027e+00
3.393108025480361079e+01,-7.999996166589929958e-01,-3.503339769733946896e-01,4.999999480912591387e+00,1.999998685252858177e+00,1.657266039975079375e-01,-1.069392091098055886e+00,-1.793518800275555047e-02,6.228889390775019130e+00
3.408891473863642574e+01,-7.954621796784254739e-01,-3.199504060010269213e-01,4.999999508743029786e+00,1.999999049231264925e+00,1.423978166683157465e-01,-7.747786745908015194e-01,-3.494823757680699111e-02,6.026607896518441976e+00
3.424675311238344477e+01,-7.869422625148430051e-01,-2.959273573859791950e-01,4.999999532478304864e+00,1.999999062442929576e+00,9.103207489339880387e-02,-6.417333848956419118e-01,-1.073326659703758082e-02,5.850680342375296661e+00
3.440459406562189315e+01,-7.750390717316046896e-01,-2.772698074185412365e-01,4.999999554222729792e+00,1.999999058973714661e+00,8.162874097725864031e-02,-3.402523421598937503e-01,-4.184536381220858164e-02,5.704529092771089438e+00
3.456244068825660065e+01,-7.604806776279313674e-01,-2.640406507538654024e-01,4.999999572326781383e+00,1.999999049099684623e+00,1.856636875717803184e-02,-5.909271931618834822e-02,-5.208459952687181233e-02,5.586497084108205335e+00
3.472028354675438777e+01,-7.439637376378782641e-01,-2.564478503283458832e-01,4.999999590647884240e+00,1.999999035774910672e+00,-8.970952782172192386e-02,-1.864263055327956442e+00,-1.780162038792286461e-01,5.493619737868255193e+00
3.487812822665672741e+01,-7.261356453303734471e-01,-2.585531720428558278e-01,4.919501071085489841e+00,1.999996470806461701e+00,-4.672763324962171394e-01,-1.999985251969196520e+00,5.235941556359524629e-01,5.346872345155389894e+00
3.503597252300145470e+01,-7.061339766836934873e-01,-2.439794226566099067e-01,4.871122849059606352e+00,1.988740868648182447e+00,1.120331937755729479e+00,-1.999993001238011159e+00,5.235967822563382112e-01,5.234238607036215463e+00
3.519381709499616306e+01,-6.834938218967587797e-01,-1.857263959779453244e-01,4.903143404249054704e+00,1.725028165031233574e+00,2.479676684293749656e+00,-1.999995556426810817e+00,5.235977566126083227e-01,5.126811953939170330e+00
3.535166130172920163e+01,-6.590974838459702223e-01,-8.862288437137873232e-02,4.967975899796140737e+00,1.243289827234881573e+00,3.604637417257495091e+00,-1.999996783971018210e+00,5.235981941160592346e-01,5.023321131512568094e+00
3.550950690676879162e+01,-6.334859064319390276e-01,4.133341821906491576e-02,4.999999966565533249e+00,5.942073507403061727e-01,4.495774025989665468e+00,2.556045649016235391e-02,5.235955456667465979e-01,4.921695020899699458e+00
3.566735194450732394e+01,-6.067356897079054789e-01,1.967013263866614070e-01,4.999999953157618471e+00,-1.481575999863111170e-01,5.180168381078056328e+00,1.999996349110518823e+00,2.315568143861761533e-02,4.875948316933654603e+00
3.582519464284396093e+01,-5.792490811138090168e-01,3.457340490473764238e-01,4.984083543932006144e+00,-9.094252118415483421e-01,4.292689335616204360e+00,1.999995410250918981e+00,-1.873783997507829646e-01,4.937681380427197730e+00
3.598303981118935724e+01,-5.517996448907505069e-01,4.565114472744900564e-01,4.909315907484634423e+00,-1.489370185150871162e+00,2.962140168575650545e+00,1.999994090137306113e+00,-3.165627974800465649e-01,5.003620983657803833e+00
3.614088518068047762e+01,-5.246803082154338771e-01,5.219083585284055582e-01,4.853707321951369558e+00,-1.859347144400904650e+00,1.474091602080961794e+00,1.999991974797137084e+00,-2.938391701737639305e-01,5.076862280578286146e+00
3.629873065422975031e+01,-4.981113679865770694e-01,5.459700481604446987e-01,4.864323222248866152e+00,-1.999995647199051430e+00,3.230973693052409668e-01,1.999987718818685645e+00,-6.855505404963298591e-03,5.140767770793905456e+00
3.645657469768858050e+01,-4.707448967214063473e-01,5.516031742907714364e-01,4.905711342290667076e+00,-1.999999462507825232e+00,2.507554235661034192e-01,1.999974842071678527e+00,-1.040986473299327156e-02,5.174606934288103588e+00
3.661441941855960636e+01,-4.420344454033419690e-01,5.549991656110183635e-01,4.951422264371178272e+00,-1.999997257023206965e+00,1.831973741575904646e-01,1.990167950496126048e+00,-8.901869824444089141e-03,5.213560352767337314e+00
3.677226448978874629e+01,-4.123006407618651226e-01,5.565110627907576824e-01,4.999999227189992901e+00,-1.999998656260148167e+00,1.369341970741358161e-01,3.205064654784564593e-01,-6.989975593016656448e-03,5.255904087925428847e+00
3.693010890316880079e+01,-3.820955948863110074e-01,5.567420040425804517e-01,4.999999188561025321e+00,-1.999999205999190455e+00,1.080771952861352830e-01,-8.263445978987321583e-02,1.791400958983400959e-02,5.257320549990231129e+00
3.708795221871891812e+01,-3.518935020158576732e-01,5.570210371329099575e-01,4.985508495684887187e+00,-1.999998991481742205e+00,1.512788298387384434e-01,-1.999970693462330029e+00,-1.139997303576548299e-01,5.244615717568798630e+00
3.724579615911209629e+01,-3.224261150688262356e-01,5.524065764152934488e-01,4.928289809801252197e+00,-1.999998819578138187e+00,-1.831877089922851753e-01,-1.999985447711985387e+00,5.235956993244971214e-01,5.197939430953082862e+00
3.740364118990326858e+01,-2.939358264260817921e-01,5.524350472309225157e-01,4.789221297153712698e+00,-1.964775239269119567e+00,4.798219262388397910e-01,-1.999989728555193746e+00,-1.692626877216107939e-01,5.057460929900725155e+00
3.756148533004500933e+01,-2.666154569547478093e-01,5.528213058291177040e-01,4.717267622716173392e+00,-1.999999437045521633e+00,-8.688941770100278017e-02,-1.999992115445500929e+00,5.235970997295978924e-01,5.008517790892818233e+00
3.771933008549329713e+01,-2.405884400825177016e-01,5.536424628876492893e-01,4.564856766009394384e+00,-1.966949429666150273e+00,5.625229498956048069e-01,-1.999993275602509613e+00,-1.528906914717434729e-01,4.856133584483672827e+00
3.787717488991119552e+01,-2.158958903349708636e-01,5.546025267774490342e-01,4.481357447947782013e+00,-1.999999549302063251e+00,2.791558486969026448e-02,-1.999994138279247435e+00,5.235975440933909875e-01,4.797428560691161969e+00
3.803501794845048067e+01,-1.926991878999641528e-01,5.559607661998147154e-01,4.311855513094883463e+00,-1.969878505926377255e+00,6.594354813382173885e-01,-1.999994475395393989e+00,-1.305770459199340761e-01,4.636153002402041423e+00
3.819285850063162258e+01,-1.711161135425589841e-01,5.581614698877076508e-01,4.213268488596334294e+00,-1.999999648717721623e+00,1.748921072116862430e-01,-1.999994718233478075e+00,5.235976918114569889e-01,4.568205693295815273e+00
3.835069919423160201e+01,-1.511917943292354627e-01,5.616367946290093949e-01,4.022863937154644631e+00,-1.972346818804747492e+00,7.753995643238998925e-01,-1.999994446976403495e+00,-8.675801744659607240e-02,4.395474389059519815e+00
3.850854007321307648e+01,-1.328916741771107857e-01,5.685183957375137265e-01,3.902811176011031336e+00,-1.999999703720536814e+00,4.085457814739660298e-01,-1.999993846804690945e+00,5.235975721274013228e-01,4.311351776784500878e+00
3.866638242883720977e+01,-1.161033312337075851e-01,5.789958273883988316e-01,3.683589596963158019e+00,-1.976199731434749918e+00,9.510578401737522780e-01,-1.999991432727784790e+00,-3.132231112024443098e-02,4.117882716727258696e+00
3.882422067511659947e+01,-1.004114168717514244e-01,5.959078892847395892e-01,3.531969531463609258e+00,-1.999999736673245376e+00,7.224496475192723199e-01,-1.999979885056748508e+00,5.235956292967632875e-01,4.005853204059611095e+00
3.898206298985405738e+01,-8.562018964074957772e-02,6.189756282480342042e-01,3.272638296707303773e+00,-1.980448252280288868e+00,1.177409800077073632e+00,1.999983875902778374e+00,1.106525590063490473e-02,3.782188863209368535e+00
3.913990446834989001e+01,-6.934792554274885057e-02,6.493189533553898052e-01,3.253257384680030118e+00,-1.999999817800657720e+00,1.026080238017328838e+00,1.999994788915691935e+00,6.039305765065310777e-02,3.774207652387960188e+00
3.929774418720808882e+01,-4.921486003391142838e-02,6.767295286636204610e-01,3.232504956039477850e+00,-1.999999815462503827e+00,1.029458910712905073e+00,1.999996935135985643e+00,6.335749009327121262e-02,3.753969268091059686e+00
3.945558651328734356e+01,-2.507790072212670932e-02,7.045963711038180088e-01,3.210683464392026565e+00,-1.999999799252528909e+00,1.038384085880933672e+00,1.999997865715690271e+00,6.819362812469495494e-02,3.732055642059869172e+00
3.961342727882070136e+01,3.115462035270074453e-03,7.332364422591429731e-01,3.186841042142932512e+00,-1.999999807752432135e+00,1.055526623411492837e+00,1.999998386521942617e+00,6.452038562743260541e-02,3.707606204816095374e+00
3.977126888224721313e+01,3.543591592297549997e-02,7.625093802312401525e-01,3.162414432557155486e+00,-1.999999747116476101e+00,1.058544408262900749e+00,1.999998722060370770e+00,7.892595533342032510e-02,3.681865936468808442e+00
3.992910852816475398e+01,7.198748082408792937e-02,7.927901527324344721e-01,3.133825459050746165e+00,-1.999999816369356198e+00,1.094441129266273460e+00,1.999998955919242816e+00,7.687198168356547401e-02,3.652259350191409126e+00
4.008694747790385549e+01,1.128126574253652398e-01,8.244382971261211557e-01,3.102479475491688898e+00,-1.999999711720899409e+00,1.115776772723568788e+00,1.999999128758813471e+00,8.696593487662644673e-02,3.620258714849177828e+00
4.024478829820817793e+01,1.580449749156974670e-01,8.572952669709333895e-01,3.066086585484971483e+00,-1.999999824276615934e+00,1.155975934315264908e+00,1.999999260243370713e+00,7.865400502135348748e-02,3.586230229374772094e+00
4.040262780474477466e+01,2.076498446412803345e-01,8.906710456718589519e-01,3.027449575158761341e+00,-1.999999023150982547e+00,1.168165896197389531e+00,1.999999364981914995e+00,9.946370381491828616e-02,3.556247443439509937e+00
4.056046869375885677e+01,2.614660235183250414e-01,9.241017376317237630e-01,2.980413930940874145e+00,-1.999999820668234563e+00,1.225682955232485050e+00,1.999999448566609939e+00,1.021805070199250098e-01,3.532430224453263712e+00
4.071830953737347869e+01,3.188955796823968458e-01,9.572582352844409836e-01,2.925150364493031230e+00,-1.999999775752144826e+00,1.274943480183112987e+00,1.999999512604979879e+00,9.459868057298595478e-02,3.522600852408837024e+00
4.087614577598557020e+01,3.790726234331535105e-01,9.876490200966761002e-01,2.864339441836655453e+00,-1.999994112058044893e+00,1.297130479567927042e+00,1.999999563350751686e+00,1.024244806855129503e-01,3.539570898013722378e+00
4.103398418101491529e+01,4.405725746575224200e-01,1.013069673197405152e+00,2.795722855050049471e+00,-1.999999736942722040e+00,1.330911761405249250e+00,1.999999601950901873e+00,1.014925272807551404e-01,3.592059166995103858e+00
4.119180438870476735e+01,5.014493166266792423e-01,1.031794441524058081e+00,2.720982379168460863e+00,-1.999997991116434948e+00,1.353128974577454180e+00,1.999999629786892497e+00,1.059718501412451608e-01,3.687513330226340091e+00
4.134957200271385602e+01,5.596750268259168548e-01,1.042227088384096945e+00,2.640728850184147714e+00,-1.999999878142031395e+00,1.376158179022104910e+00,1.999999647288120297e+00,8.695372205947654587e-02,3.828135607724503231e+00
4.150735191220245213e+01,6.133894264275266961e-01,1.042715660965999991e+00,2.562116958490145091e+00,-1.999999461914898191e+00,1.356543137495283657e+00,1.999999656389690239e+00,6.727176422053041116e-02,4.015539522276603712e+00
4.166512217822480579e+01,6.612286564314630022e-01,1.031679875280141268e+00,2.489539733371884278e+00,-1.999999654872053112e+00,1.304031897403595819e+00,1.999999660306034155e+00,4.254115424040867677e-02,4.246304477537710120e+00
4.182288239341202996e+01,7.022898019884754595e-01,1.008490193847854766e+00,2.426774475982971246e+00,-1.999593818866089112e+00,1.217044709206074105e+00,1.999999660972489046e+00,2.504569450993172908e-02,4.512857916659307911e+00
4.198063410362271242e+01,7.361541601937184875e-01,9.733964636893535083e-01,2.374309838052000465e+00,-1.999999485456258164e+00,1.116263560457176229e+00,1.999999659717963008e+00,7.920708385347563149e-03,4.805664265145146885e+00
4.213837586130882329e+01,7.626940546389660014e-01,9.272603366222869070e-01,2.332126671902640336e+00,-1.999999046344075326e+00,1.004599803836098815e+00,1.999999657694823130e+00,-3.359251491151272161e-03,5.109905510402137807e+00
4.229612467833687361e+01,7.820398584375489737e-01,8.711435230676694008e-01,2.298912863893170844e+00,-1.999824808504569562e+00,8.937941980741317405e-01,1.999999656593544506e+00,-6.015580685161573717e-03,5.408372283931051072e+00
4.245384495039485273e+01,7.944060087283774108e-01,8.063626046015721638e-01,2.272413186185026746e+00,-1.999999589470801586e+00,7.966798768041289946e-01,1.999999657676403197e+00,-8.270254062032073375e-03,5.676988804505638697e+00
4.261155897139315840e+01,8.000000050621045578e-01,7.342513684225064896e-01,2.251193350724824072e+00,-1.999999941066448628e+00,7.103357755112048588e-01,1.999999653846108227e+00,-3.721719437854886098e-02,5.884644539099674887e+00
4.276926014939061105e+01,7.989698064283683454e-01,6.554447245337520211e-01,2.237807982626969228e+00,-1.999999905586262727e+00,5.924810792219344924e-01,1.999999645250906344e+00,-7.695964373429989291e-02,6.004268204025499323e+00
4.292695876219142548e+01,7.912995615906098790e-01,5.697708978246561751e-01,2.234681361805284983e+00,-1.995720685398817196e+00,4.251559133221006204e-01,1.999999642335803962e+00,-1.032701947986345431e-01,6.006434044090238622e+00
4.308464232237444236e+01,7.767434198286122804e-01,4.770520959534710337e-01,2.242471242657555486e+00,-1.980951461685508619e+00,2.279485924336071556e-01,1.999999647928782265e+00,-1.233488654616377439e-01,5.867446401579261561e+00
4.324232721686766467e+01,7.547331916918473826e-01,3.772280818348596187e-01,2.262555863932750988e+00,-1.949791960388693068e+00,6.003203130546384825e-03,1.999999662260603550e+00,-1.346912949514754709e-01,5.582649332421149246e+00
4.340004465082538587e+01,7.243102944826231848e-01,2.700466067327784714e-01,2.296496208939856842e+00,-1.895026565302817545e+00,-2.309604146233748267e-01,1.999999684342784967e+00,-1.346127374472405880e-01,5.166073427485305736e+00
4.355773031924393734e+01,6.840730633157700025e-01,1.551517953828925878e-01,2.345538673560521481e+00,-1.808217571926462597e+00,-4.641468723610291947e-01,1.999999712099179927e+00,-1.204364701310836200e-01,4.648403564764909568e+00
4.371541879338520431e+01,6.321568576021927566e-01,3.258689160896864612e-02,2.409404897704441773e+00,-1.680831100047967208e+00,-6.588444691410991760e-01,1.999999742562921456e+00,-9.019395752066879102e-02,4.074301336508656668e+00
4.387310885771271529e+01,5.663248330519307094e-01,-9.586520758898578465e-02,2.484212090357067915e+00,-1.508025212498474099e+00,-7.576801800417207744e-01,1.999999772115519825e+00,-4.439527650754384464e-02,3.499888482042373905e+00
4.403080930381167946e+01,4.843521930558992716e-01,-2.241212165198885609e-01,2.560618068115137813e+00,-1.297069912881974929e+00,-6.864862319693070258e-01,1.999999797068100493e+00,1.094998999028308322e-02,2.984605883545047966e+00
4.418854864820590933e+01,3.848983124692825775e-01,-3.390611249744179823e-01,2.626251681152979245e+00,-1.077425550637298279e+00,-3.985557817059635077e-01,1.999999814444714197e+00,6.245971598332997893e-02,2.576002908050267326e+00
4.434627178253688129e+01,2.687937964808025937e-01,-4.222488520780669496e-01,2.675413722735556110e+00,-8.956914034377261302e-01,4.898712350755863448e-02,1.999999822052819010e+00,9.422224870952845832e-02,2.299852001073502183e+00
4.450400056463234222e+01,1.402829488224369148e-01,-4.601948793135768323e-01,2.716153984300336166e+00,-7.877259785541360637e-01,4.845621001555912577e-01,1.999999817886428888e+00,9.864585852986688941e-02,2.161817619748271913e+00
4.466177317375165501e+01,6.937208695586514866e-03,-4.552015663639253362e-01,2.763389255154555801e+00,-7.494245096656865224e-01,7.474986673386225799e-01,1.999999799779700327e+00,8.300744757119302153e-02,2.154674982838848063e+00
4.481963137675244724e+01,-1.224037189870038900e-01,-4.222705929141818415e-01,2.827768609516614795e+00,-7.518733809751644293e-01,8.041076761968617426e-01,1.999999765928037077e+00,6.095920011645260261e-02,2.261023100187370183e+00
4.497745050443763404e+01,-2.409059934485398291e-01,-3.766747076768900970e-01,2.911705203320255286e+00,-7.632657707132086689e-01,7.317854296522293689e-01,1.999999715064298078e+00,4.142592893142043459e-02,2.459404716654350231e+00
4.513527520258060122e+01,-3.449361779690463536e-01,-3.270070915487897079e-01,3.011053535809971926e+00,-7.735161093152260747e-01,6.093256974993026542e-01,1.999999647158022142e+00,2.562285052394468882e-02,2.721153848545929232e+00
4.529311812007650673e+01,-4.340606109819104552e-01,-2.770587433106510011e-01,3.119455588592277895e+00,-7.778369212865728910e-01,4.816117345056419863e-01,1.999999563014483339e+00,1.488544828628512659e-02,3.015945996151618402e+00
4.545094584046407959e+01,-5.094747625780199352e-01,-2.282791043501112560e-01,3.231111136193188571e+00,-7.804689550874205350e-01,3.676058195399701800e-01,1.999999463951563028e+00,1.077463781295542357e-02,3.313242091517746513e+00
4.560877041567641044e+01,-5.731450109851068397e-01,-1.811972150439181972e-01,3.341876173398766081e+00,-7.799662701402835241e-01,2.887202359235371274e-01,1.999999350095197803e+00,1.668918672327043481e-02,3.592158135108775685e+00
4.576659394116039437e+01,-6.267900361617848581e-01,-1.351839455704255677e-01,3.448586744590560027e+00,-7.805601674380225896e-01,2.654527649727601579e-01,1.999999219728641142e+00,3.391280616051516039e-02,3.840151388511727326e+00
4.592441806658266756e+01,-6.718057642976917876e-01,-8.876336493211171852e-02,3.548599439413471224e+00,-7.866065902027473689e-01,3.168126001832561878e-01,1.999999068908866473e+00,6.202267638757476970e-02,4.049765837906799781e+00
4.608223975709955056e+01,-7.091951477307629759e-01,-3.996141836868211811e-02,3.639222078787364367e+00,-8.044927191736390704e-01,4.530739381760423012e-01,1.999998891286073111e+00,9.778281981973442616e-02,4.211697976888852502e+00
4.624006351811807036e+01,-7.396915684799212354e-01,1.306625826035549658e-02,3.717477062614112704e+00,-8.406559048995941863e-01,6.707707516602890996e-01,1.999998674654796194e+00,1.356805077633700674e-01,4.316162013896838623e+00
4.639789873615238491e+01,-7.638112021780261163e-01,7.163537905563385766e-02,3.780062641655046463e+00,-9.019560382221540884e-01,9.497732161549723440e-01,1.999998389690677447e+00,1.689301209036362106e-01,4.363992584698393351e+00
4.655572939129375953e+01,-7.818806470751228366e-01,1.365042151766272249e-01,3.823620823890509612e+00,-9.925261816178506669e-01,1.257615920239463003e+00,1.999997963777696564e+00,1.908695451996439696e-01,4.375170376987885135e+00
4.671355895641993783e+01,-7.939872924350266370e-01,2.080522174373940492e-01,3.845563955870751727e+00,-1.112647716448841528e+00,1.554320607559283696e+00,1.999997208990370368e+00,1.937556468247203512e-01,4.382541042849418922e+00
4.687139634013716716e+01,-7.999999965543955760e-01,2.860991221689870856e-01,3.845969520781099327e+00,-1.260915886380328477e+00,1.791656982141705434e+00,1.999995832935775653e+00,1.894668331108921855e-01,4.419850089736519827e+00
4.702923202947480519e+01,-7.997326079290669743e-01,3.701837890836582323e-01,3.826105142216006616e+00,-1.427873088779862742e+00,1.966530200819420537e+00,1.999993409923672694e+00,1.737510950130368992e-01,4.507206779306903499e+00
4.718707987257567993e+01,-7.929363430426549231e-01,4.598643546353315958e-01,3.790572639995938076e+00,-1.603576153677042315e+00,2.070006858814527284e+00,1.999988535046604898e+00,9.107286958008609101e-02,4.643621419954865992e+00
