0.000000000000000000e+00,-7.495624547323951337e-01,3.595114130973036115e-01,4.701760534727140062e+00,-9.239585691082234931e-01,1.073382908580564621e+00,1.949533000602509558e+00,9.115370848197318354e-02,5.465904980134699720e+00
1.578398441577653633e-01,-7.230178940169987856e-01,4.204724014449491287e-01,4.747671675740735786e+00,-9.819524372742176599e-01,1.156256245186275011e+00,1.947424383565152572e+00,8.183523960512328888e-02,5.585646384850079471e+00
3.156732289512507172e-01,-6.893952578521270746e-01,4.874104343684661500e-01,4.793680281975862378e+00,-1.046813327679788186e+00,1.201208189929100945e+00,1.946451726863550391e+00,6.875062532465053833e-02,5.594548427790012823e+00
4.735007700749602755e-01,-6.475385991395016250e-01,5.574153997619142320e-01,4.839709116218067209e+00,-1.114931389161528008e+00,1.205860141940384933e+00,1.946833810168589585e+00,7.315135634294513134e-02,5.475854043523023407e+00
6.313359408601937339e-01,-5.959986846828805307e-01,6.277500912264512012e-01,4.883212465647035927e+00,-1.183271322603514752e+00,1.225093795837731481e+00,1.948394939748838928e+00,7.694662015892597684e-02,5.255213217604790543e+00
7.891656251032345137e-01,-5.333164488628407973e-01,6.963822734204898612e-01,4.921231126760005736e+00,-1.254996504479142683e+00,1.255876353087306274e+00,1.950785331462660199e+00,6.746688562743922979e-02,4.983566853711041134e+00
9.470004133077283281e-01,-4.584860929676896624e-01,7.608947310613177750e-01,4.951804294121021854e+00,-1.331541324832598017e+00,1.257995451789635899e+00,1.953775298133294092e+00,4.823611345540122081e-02,4.712674591027780302e+00
1.104840621716450366e+00,-3.714118899857198342e-01,8.179819326591801776e-01,4.974284488787966474e+00,-1.407358585640969162e+00,1.202633625658340977e+00,1.957577847324978970e+00,5.965902838142256998e-02,4.480303219687203686e+00
1.262681461522275228e+00,-2.731254234607506381e-01,8.656820447778060812e-01,4.983844118986999305e+00,-1.474566307544538990e+00,1.191779622553513107e+00,1.961883648556167481e+00,4.210721492382123871e-02,4.304715019965558831e+00
1.420518228414948236e+00,-1.660563522561560312e-01,9.019516913162928251e-01,4.981201920733281163e+00,-1.535755053688570460e+00,1.126303742929354756e+00,1.964645841177131036e+00,4.798150824507656231e-02,4.210523171279907828e+00
1.578359492907691175e+00,-5.406986514193370258e-02,9.247558852088465509e-01,4.964059176053629230e+00,-1.582683369764397163e+00,1.092312758673138706e+00,1.965391484750146578e+00,5.435173706132482435e-02,4.207463976899944669e+00
1.736119677055532495e+00,5.808721196047379742e-02,9.342015580398947971e-01,4.931571112793564637e+00,-1.619570995200823704e+00,1.085460410356681171e+00,1.964927827068032151e+00,5.392026008769210121e-02,4.301107439469572746e+00
1.893929269320524078e+00,1.656817485787705768e-01,9.308662530549386416e-01,4.886542661201529469e+00,-1.649395208894895770e+00,1.079203131944243221e+00,1.963718656631828541e+00,5.969698591788498432e-02,4.485377581645736633e+00
2.051709477387540836e+00,2.650979430086329303e-01,9.162974086734320123e-01,4.832170329402152298e+00,-1.672440783367452610e+00,1.089972509601338402e+00,1.962098776765073715e+00,6.142030605834702256e-02,4.738229577539286197e+00
2.209509697694257646e+00,3.543930097914126387e-01,8.928428193840307614e-01,4.772745654119619374e+00,-1.691081217945258564e+00,1.101721564175060619e+00,1.960368247017779897e+00,6.295236462525335974e-02,5.031280602130602020e+00
2.367281937511195533e+00,4.331175005923513233e-01,8.628537105154523434e-01,4.711689379705811476e+00,-1.705802992013308206e+00,1.113614453457116626e+00,1.958767867827762910e+00,6.034890728831077134e-02,5.335364323622427740e+00
2.525053648535680040e+00,5.017557311204177140e-01,8.282988646457210002e-01,4.651669843441156971e+00,-1.717091113304538785e+00,1.115584254939152586e+00,1.957443322161942278e+00,6.031787794714060097e-02,5.629797101906544476e+00
2.682826593173742058e+00,5.611738611982051150e-01,7.906302854880010722e-01,4.593733967717802180e+00,-1.724481968828439626e+00,1.115926708018009084e+00,1.956456395450917540e+00,6.223638708955896159e-02,5.902023216324590926e+00
2.840598310788523317e+00,6.122862283725952759e-01,7.509415406067605492e-01,4.537979573673791123e+00,-1.728466212297065763e+00,1.119134852420304194e+00,1.955823270840347350e+00,6.627138766613209497e-02,6.145609519820337319e+00
2.998365782695653792e+00,6.559172279561032992e-01,7.100364213751567677e-01,4.483984458954155983e+00,-1.729841870070607524e+00,1.128976173996645960e+00,1.955531120374782494e+00,6.289902829328684886e-02,6.355977945635128634e+00
3.156136732688610280e+00,6.927664396441537420e-01,6.683425772706227397e-01,4.432130151775106164e+00,-1.729671203875315255e+00,1.129682325618842187e+00,1.955576254170150907e+00,6.631502618348672495e-02,6.530523244262621319e+00
3.313922521897811890e+00,7.234246576213206881e-01,6.261939102040352534e-01,4.381775886502961903e+00,-1.727217133788081060e+00,1.135816191346797677e+00,1.955969549773997285e+00,6.990985809919868232e-02,6.664653710062936831e+00
3.471693240198370223e+00,7.483937549796980671e-01,5.840506930882209957e-01,4.332474276918818923e+00,-1.723197364604321269e+00,1.147071489386207510e+00,1.956693371657731495e+00,6.345943168457029993e-02,6.756688198895074215e+00
3.629467839254204797e+00,7.680783302182119243e-01,5.420937318187254439e-01,4.284843840016942629e+00,-1.718361806091837973e+00,1.144156214491540036e+00,1.957706338220396525e+00,6.114980895689890728e-02,6.809172761989414902e+00
3.787241177560768168e+00,7.827963318474019383e-01,5.003372529430932802e-01,4.238750751792506044e+00,-1.711427620670975980e+00,1.136320884995573932e+00,1.958952023961758160e+00,6.214895581308443884e-02,6.825037076902462196e+00
3.945015394690555510e+00,7.927970441230928200e-01,4.588863303378895031e-01,4.193818458919394310e+00,-1.702024221296501327e+00,1.129657107451468967e+00,1.960356355735076272e+00,6.188681065237744416e-02,6.809447746342429220e+00
4.102807214907126188e+00,7.982645577061328046e-01,4.177791421328735932e-01,4.149947009572865220e+00,-1.690390605818987924e+00,1.121912463699295204e+00,1.961787989480930472e+00,6.629847280080770899e-02,6.768018058547979443e+00
4.260585671994953749e+00,7.993299972448095758e-01,3.770458616914233452e-01,4.106495561326840793e+00,-1.676410856101317570e+00,1.121753593708727070e+00,1.963011936062120766e+00,6.355309118698962423e-02,6.702142501441793243e+00
4.418364913718290765e+00,7.960758314357342380e-01,3.366401818034988613e-01,4.063745355875870935e+00,-1.660951522192799956e+00,1.115210715080557247e+00,1.964062654201205405e+00,5.343004773219792863e-02,6.610023335587066562e+00
4.576147343322695349e+00,7.885291281432739163e-01,2.962865957665558048e-01,4.022582427031593966e+00,-1.643600480489112448e+00,1.088759824343867644e+00,1.965165130590959874e+00,4.410707648924051816e-02,6.485455403089457782e+00
4.733928721278660490e+00,7.766671587623970030e-01,2.557808405859066103e-01,3.983656762564278697e+00,-1.622566368543497672e+00,1.045099825792195292e+00,1.966379650315115635e+00,3.639026633116158871e-02,6.320443458042636742e+00
4.891682709510733140e+00,7.604269074411682539e-01,2.152465845793170018e-01,3.947621026368813180e+00,-1.596269780939321370e+00,9.882501127124398987e-01,1.967721334085507534e+00,3.069096272389645191e-02,6.111993258730827883e+00
5.049455387880246171e+00,7.397220962293037383e-01,1.751160393828229966e-01,3.915150182875512641e+00,-1.563432724050953571e+00,9.228544353954064583e-01,1.969156869232339568e+00,2.725940015073744296e-02,5.866184875284783828e+00
5.207254444022550999e+00,7.144826611200301159e-01,1.360145056375825778e-01,3.886921167061408777e+00,-1.523167246215679560e+00,8.540976383308027664e-01,1.970612340310704313e+00,2.621153226312208581e-02,5.597695235481163323e+00
5.365044117906551335e+00,6.847122191164811689e-01,9.861583682801271233e-02,3.863532761755672063e+00,-1.475142808545483408e+00,7.876920444558288548e-01,1.971998556790391710e+00,2.749143670784855858e-02,5.325144604658108349e+00
5.522840649826602721e+00,6.505434292684371123e-01,6.353821640851928243e-02,3.845378387430113953e+00,-1.419807802941843722e+00,7.295952089232791149e-01,1.973238275755877513e+00,3.080878341522978736e-02,5.065516427466934424e+00
5.680641818473985971e+00,6.122669666808412403e-01,3.130969117411083052e-02,3.832529560988673811e+00,-1.358561452400112612e+00,6.852523641416721212e-01,1.974281894849367225e+00,3.559284041345457672e-02,4.830570709202176793e+00
5.838445955779847374e+00,5.703211848347723434e-01,2.383389134577985121e-03,3.824706664755347596e+00,-1.293741946052409553e+00,6.584241425452278529e-01,1.975108871171057379e+00,4.098991375831634310e-02,4.626084196127078663e+00
5.996258817961015453e+00,5.252488381689937036e-01,-2.284725306817266335e-02,3.821379918763328831e+00,-1.228343712883781746e+00,6.499101899093464585e-01,1.975719539388008261e+00,4.406286144144276606e-02,4.453115925776589101e+00
6.154077893517587938e+00,4.776351250202545140e-01,-4.418732137365538604e-02,3.822257317380055142e+00,-1.165442184934541325e+00,6.509535073045119580e-01,1.976123837112981674e+00,4.428187001474558765e-02,4.310101028705071613e+00
6.311904830467372385e+00,4.280504566597919669e-01,-6.180060971188724300e-02,3.827357693619422907e+00,-1.106883548940954531e+00,6.514406558084746557e-01,1.976333421960231762e+00,4.354274135322458439e-02,4.194193747114813853e+00
6.469725159625647315e+00,3.770202365325882043e-01,-7.609543075583163896e-02,3.836696762033419805e+00,-1.053103339854369658e+00,6.485375834753263069e-01,1.976358694058529375e+00,4.415224363296611082e-02,4.102066267307141523e+00
6.627547880113612955e+00,3.250201002982476828e-01,-8.741747167116056816e-02,3.849963644628877191e+00,-1.004088588128679183e+00,6.478873203832994365e-01,1.976208446008894004e+00,4.485437787653442920e-02,4.030403307604407459e+00
6.785377436475526380e+00,2.724727764970137911e-01,-9.599032077879889047e-02,3.866767762725682456e+00,-9.603150164650946508e-01,6.494739813883476653e-01,1.975888402085602902e+00,3.995279239040513963e-02,3.976279063297551541e+00
6.943207810967632732e+00,2.197189651091877027e-01,-1.024433349513157454e-01,3.887550383934510911e+00,-9.217598197925664927e-01,6.327683342621829299e-01,1.975398767213412343e+00,3.922559227525517639e-02,3.937425732160436453e+00
7.101042299022537918e+00,1.670341690985240324e-01,-1.073704463916172053e-01,3.911936467049760502e+00,-8.862019222579059496e-01,6.175482649222090448e-01,1.974737470637081937e+00,2.944174064443473224e-02,3.911337227348309575e+00
7.258876298019341533e+00,1.146101188562691914e-01,-1.116755882818591672e-01,3.940872023020590920e+00,-8.532464748396857424e-01,5.702534349880021836e-01,1.973897812774981553e+00,4.020203770257187864e-02,3.896552869432308164e+00
7.416713222380853843e+00,6.263185379113646312e-02,-1.150772444067678230e-01,3.972018839631031639e+00,-8.200666044693539769e-01,5.759092384995680991e-01,1.972876968022847066e+00,3.754304901736612438e-02,3.890393988486084531e+00
7.574545562948100219e+00,1.126540151878503010e-02,-1.169837055395733516e-01,4.005427484455651665e+00,-7.927965519786135395e-01,5.704154312059013243e-01,1.971662906159965756e+00,3.789735844712471824e-02,3.892126638737252176e+00
7.732380267658629514e+00,-3.939861950578488203e-02,-1.177065711685036514e-01,4.040683171761773274e+00,-7.696423083350891758e-01,5.685530659688993182e-01,1.970236276094269545e+00,3.727023157834864764e-02,3.900380357794111852e+00
7.890221187521259338e+00,-8.928006936259050286e-02,-1.173515650304682301e-01,4.077510006500916440e+00,-7.505980694009505294e-01,5.656983825677004418e-01,1.968571014976966183e+00,3.681618896667686325e-02,3.914130550391862418e+00
8.048057892213485331e+00,-1.383181500681061049e-01,-1.160693026923405452e-01,4.115653666002711653e+00,-7.351053317083654504e-01,5.631890683096382189e-01,1.966632479002488942e+00,3.597998676215830027e-02,3.932493209083286700e+00
8.205895025926608355e+00,-1.864630014321987383e-01,-1.139783671057081754e-01,4.155044774320056256e+00,-7.228116949951509662e-01,5.606202208496154915e-01,1.964376239867772656e+00,3.113120628813567659e-02,3.954872191890600241e+00
8.363735305195326930e+00,-2.336980281151773142e-01,-1.115544815524320416e-01,4.195827538076860819e+00,-7.129633688496669341e-01,5.405758484262640495e-01,1.961741388233375405e+00,3.094877936411904659e-02,3.980576024053360307e+00
8.521576089830388057e+00,-2.800178966307674822e-01,-1.090970597622544919e-01,4.237658663282275029e+00,-7.032778864035118538e-01,5.265689689727810485e-01,1.958650550332248441e+00,3.879488154656024479e-02,4.008890022871542946e+00
8.679417451247477544e+00,-3.253663901869874864e-01,-1.058045081234910423e-01,4.279429769709568454e+00,-6.952721281764300265e-01,5.493966857710718132e-01,1.955005656499263944e+00,2.907714398696282371e-02,4.039297507346988780e+00
8.837259335114033831e+00,-3.697394581757454390e-01,-1.019475428728788546e-01,4.322080462359080499e+00,-6.921442599084500769e-01,5.295717059505866686e-01,1.950663465494199444e+00,3.607280104161752349e-02,4.072046033779938234e+00
8.995096956256858789e+00,-4.131318897251589073e-01,-9.768608773032516623e-02,4.364406475637399474e+00,-6.889466237732270182e-01,5.427137742948815458e-01,1.945422340818540263e+00,3.128689644097175371e-02,4.106763075394853857e+00
9.152936507953931766e+00,-4.555023751887916639e-01,-9.279354990833450778e-02,4.407043023743279164e+00,-6.891757456395065651e-01,5.366166581388455148e-01,1.938997265214145393e+00,3.499157932080712574e-02,4.145472416013011419e+00
9.310778981885945882e+00,-4.967859702560153412e-01,-8.719300930476579781e-02,4.449402039960025590e+00,-6.904505004653970213e-01,5.452516193351624185e-01,1.930926186549305479e+00,2.516520719610494325e-02,4.191131196430604611e+00
9.468622264040330805e+00,-5.368565480142567514e-01,-8.096967155405603023e-02,4.493297847226512154e+00,-6.936086580656998235e-01,5.192249545790205145e-01,1.920456181681332808e+00,3.300071295439897107e-02,4.250555072513782839e+00
9.626463299027795628e+00,-5.754413003974112595e-01,-7.346653456713733710e-02,4.537559046196818713e+00,-6.950327660925303963e-01,5.282731993305184170e-01,1.906432424445133167e+00,2.908343283104170354e-02,4.330284496260103033e+00
9.784304555741982767e+00,-6.120837414210208438e-01,-6.353267345090637952e-02,4.583233576205115511e+00,-6.988010723838512517e-01,5.211269784147661843e-01,1.887033049324500888e+00,3.370052821537013188e-02,4.438737796966975679e+00
9.942150251549977114e+00,-6.461681765086794149e-01,-5.011502303760690530e-02,4.630734102865092794e+00,-7.030898367357798495e-01,5.339303717962869955e-01,1.859242419796413470e+00,2.667405906088618148e-02,4.581530114279096288e+00
1.009999350767617088e+01,-6.769804079264032382e-01,-3.250047781123820839e-02,4.680597445865449124e+00,-7.096499076247069215e-01,5.187649110447238865e-01,1.817797253479224384e+00,3.468335071051351776e-02,4.758641533724061290e+00
1.025783606785904745e+01,-7.037923738546559838e-01,-9.981108667311115040e-03,4.732224242239669643e+00,-7.155141793182782095e-01,5.366035156769709547e-01,1.752486767306995485e+00,2.456882349912205971e-02,4.961826906577752716e+00
1.041566426524147460e+01,-7.259975392919546522e-01,1.747828917478794208e-02,4.785683549060787634e+00,-7.240402598951550805e-01,5.207504190187977056e-01,1.640861080327825183e+00,-1.879447587141044873e-02,5.175717606162131723e+00
1.057350347943974711e+01,-7.433152147417061428e-01,4.698846897931736877e-02,4.843654832153456269e+00,-7.295277522248941882e-01,3.791161949302954137e-01,1.427737944293166805e+00,-1.728700918221892299e-02,5.382800292461096703e+00
1.073133706317985769e+01,-7.556263679674352085e-01,7.654684415401262487e-02,4.898135493055895573e+00,-7.185199999811796578e-01,2.660368002621105177e-01,8.940484705833915413e-01,9.754432559485822635e-03,5.556836124907015950e+00
1.088916931738454252e+01,-7.628033154280295935e-01,1.071809225325400100e-01,4.938628620967057792e+00,-6.966849942658628336e-01,2.513198412409841653e-01,-1.297472284151199029e-01,-1.884808849814403331e-01,5.678006517467823144e+00
1.104700447191966362e+01,-7.653507604477211013e-01,1.306060540831693317e-01,4.956644057811651294e+00,-6.700250645929820559e-01,-3.701056807357825940e-01,-6.771727607722948239e-01,-3.160716226382595528e-01,5.738023525894869969e+00
1.120483906410020936e+01,-7.641717176349793750e-01,1.344863084639756901e-01,4.965155670474681315e+00,-5.679581716343266029e-01,-1.245274419603655591e+00,-9.219563419198616439e-01,-3.289613567874365985e-01,5.753638197226170981e+00
1.136267225895295852e+01,-7.597755050869292592e-01,1.166658198891833836e-01,4.973101318544310701e+00,-3.679351183835498085e-01,-2.000514847492103510e+00,-9.654001926717331594e-01,-2.065955918328508389e-01,5.749012094739166301e+00
1.152050649146960382e+01,-7.522358163632437700e-01,8.513614230909639924e-02,4.981213799198059178e+00,-9.438483520639751045e-02,-2.289762603670451035e+00,-6.461839230450255878e-01,-1.788967493288951549e-01,5.744615261160392450e+00
1.167833735174868970e+01,-7.416752535973869520e-01,4.793777715399075157e-02,4.983168395507616921e+00,1.934192960934680849e-01,-2.453600659313367682e+00,-1.414234163714947479e-01,-1.466823766428807796e-01,5.747691915163490428e+00
1.183617038070603300e+01,-7.284934486136990239e-01,8.387409554228373448e-03,4.982274046631167685e+00,4.791746364133908642e-01,-2.516599909455320194e+00,4.622525743159916489e-01,-8.581528353839007472e-02,5.762817801504178661e+00
1.199400248571754801e+01,-7.130425094483662241e-01,-2.984995858915771849e-02,4.985518906425657093e+00,7.505848938998531672e-01,-2.432277082060673834e+00,1.123965423726134505e+00,-7.160794391934317826e-02,5.791131569033447946e+00
1.215182945968079054e+01,-6.956470587405282346e-01,-6.435022152769601100e-02,4.986899632132045568e+00,9.927483797391435383e-01,-2.307054915060932743e+00,1.474039187957039809e+00,-9.388644849975794071e-02,5.813420701894799869e+00
1.230965758393391951e+01,-6.766655886651995466e-01,-9.569291680281181989e-02,4.980763850788116898e+00,1.204328069189086747e+00,-2.226404347317528121e+00,1.531925822132425008e+00,-1.148454104123015213e-02,5.811393573354047604e+00
1.246748573893937007e+01,-6.562798275384310598e-01,-1.225743191368911106e-01,4.973737832101488010e+00,1.391654335660377884e+00,-1.944349328610797789e+00,1.512649252113911436e+00,1.909576589899208282e-02,5.782760643674915713e+00
1.262531513582266918e+01,-6.346080784000919239e-01,-1.430822714335516499e-01,4.968714469199492889e+00,1.533791477586233354e+00,-1.627527222217074021e+00,1.455243767568428659e+00,2.815147568094431008e-02,5.722133947213269067e+00
1.278314656896915480e+01,-6.119792138033407491e-01,-1.584000636851012056e-01,4.967653973196909156e+00,1.629778748562208168e+00,-1.334989545943471745e+00,1.380302110684100914e+00,2.224262767470223598e-02,5.635448656366686571e+00
1.294097618752468470e+01,-5.889182190440385156e-01,-1.707901132618475093e-01,4.970073677358600506e+00,1.685039713119304894e+00,-1.099776841839390507e+00,1.319531673123536031e+00,-5.843862621437285326e-03,5.534962213947661525e+00
1.309881001642328791e+01,-5.661864397327805998e-01,-1.833226679553961180e-01,4.972590759233467494e+00,1.708790199299888402e+00,-9.716319119718115349e-01,1.281342184022404185e+00,-2.882712780453907178e-02,5.434108496139918643e+00
1.325665828207898045e+01,-5.447317716076324201e-01,-1.988956472212860815e-01,4.972133933439256914e+00,1.715610261435680739e+00,-9.232436708687528082e-01,1.226740716498713635e+00,-2.214509967831620324e-02,5.345340591857491219e+00
1.341450212660527619e+01,-5.255006882677984992e-01,-2.180974819279946630e-01,4.968555575973158334e+00,1.715268251612112493e+00,-8.609729669664941687e-01,1.086333675137428179e+00,3.390056696784628926e-03,5.276046011755392229e+00
1.357234801495493137e+01,-5.092717545209685115e-01,-2.388910769602887729e-01,4.963385439273801936e+00,1.705154661176350395e+00,-7.339266151890656564e-01,7.638504869718766299e-01,5.718285930259921213e-02,5.225610700450771695e+00
1.373019021600012124e+01,-4.965095023996038970e-01,-2.569731099320937684e-01,4.958886671471484320e+00,1.675398633360503320e+00,-4.646069677649899421e-01,1.397594392739510138e-01,1.290959977715261942e-01,5.187967802922464067e+00
1.388803479915067740e+01,-4.872349673375944712e-01,-2.660076631607599662e-01,4.954650180197300635e+00,1.606288969498388175e+00,-1.824483831657179762e-03,-7.093299991680872552e-01,2.270536899652420559e-01,5.150796339242410760e+00
1.404588209699039858e+01,-4.809596313018359992e-01,-2.577515414911169533e-01,4.951348304768855790e+00,1.471572591774235050e+00,7.293003360823266945e-01,-1.198659795026964847e+00,3.139741195068233015e-01,5.103221038440939772e+00
1.420372758606998786e+01,-4.768453208975250157e-01,-2.240786713354341875e-01,4.960003541437310481e+00,1.238771001099447266e+00,1.649776196071393919e+00,-1.395735890064432105e+00,1.794627563274922011e-01,5.048941999108312650e+00
1.436157186520450324e+01,-4.745927543589932296e-01,-1.710973040959384295e-01,4.977683563156102942e+00,9.021553850342631797e-01,1.961481447589968674e+00,-1.363157628720479408e+00,2.110723448465270380e-01,4.994814866992688174e+00
1.451941480371977100e+01,-4.738558897043387841e-01,-1.068072682727010531e-01,4.984139799775723745e+00,5.440870149565768532e-01,2.331981465291675271e+00,-9.957217938573349469e-01,1.738119887608405023e-01,4.946426312522344659e+00
1.467725981667522639e+01,-4.738354290933774471e-01,-3.365669194407364118e-02,4.987758218356684203e+00,1.653171986146955708e-01,2.510722718523191510e+00,4.433975209500887193e-02,1.400828916778880107e-01,4.914519660676128332e+00
1.483510419219275711e+01,-4.738474133292175372e-01,4.264065854135867806e-02,4.988192407906207215e+00,-2.052604622368718323e-01,2.547978059677378226e+00,1.305950496285180229e+00,1.198802203081824475e-01,4.899645917459475086e+00
1.499294903194657458e+01,-4.731674243176717254e-01,1.174399482036694725e-01,4.992216497718173329e+00,-5.487182196200515172e-01,2.491212041138504585e+00,1.765303747288133440e+00,2.160974707571141490e-02,4.902064826536753905e+00
1.515079552526056084e+01,-4.714463903810451328e-01,1.828501165622813951e-01,4.988308680240281845e+00,-8.495407558378030854e-01,2.101238529866732208e+00,1.817411844061602721e+00,-4.575959875540337729e-02,4.901538551702650182e+00
1.530863941851100662e+01,-4.687559141849982347e-01,2.307083059647459244e-01,4.980249577923038018e+00,-1.068385812329617934e+00,1.566395371602223863e+00,1.822549413032048760e+00,-5.143846094708088429e-02,4.888108700108859672e+00
1.546648138364089142e+01,-4.652169071687041746e-01,2.597068211681246575e-01,4.977354574922440378e+00,-1.196173941630030546e+00,1.120065325646968812e+00,1.821418166399372485e+00,-2.480956693094106547e-02,4.863024969578654932e+00
1.562431973508963345e+01,-4.609891615312850521e-01,2.737064332496171870e-01,4.980334893915589589e+00,-1.254120999031114181e+00,8.472175422656736954e-01,1.827289503020723682e+00,2.065197438661057344e-02,4.831396651989563473e+00
1.578214310980001045e+01,-4.563103277236110200e-01,2.786485097952469681e-01,4.983486918903706098e+00,-1.272593132062852517e+00,7.710364594736547339e-01,1.839278287566427750e+00,3.139389672827479910e-02,4.798285671337895408e+00
1.593997106120957774e+01,-4.515483576688451017e-01,2.788183343844802820e-01,4.985000571055642204e+00,-1.279772892919863070e+00,7.444939820087123072e-01,1.853626449078361160e+00,3.820089231042968214e-02,4.771853154139860997e+00
1.609780420846664839e+01,-4.471418733546897450e-01,2.760810290274509637e-01,4.984165133145906701e+00,-1.283089690549179318e+00,7.426252301900765351e-01,1.862600313281360886e+00,3.551026515044785475e-02,4.754445427333515717e+00
1.625563363660890204e+01,-4.434449337739314045e-01,2.715939656202553953e-01,4.982393567368166742e+00,-1.285744119148084064e+00,7.360654638869882360e-01,1.868131857817819874e+00,3.312302811330605778e-02,4.747849107939185131e+00
1.641346420708794795e+01,-4.406762872216463678e-01,2.661178922569721328e-01,4.980691164935239001e+00,-1.287073673412653552e+00,7.256844285122695526e-01,1.869630991604953163e+00,4.342904327324469127e-02,4.751810619501959820e+00
1.657129241472300407e+01,-4.388589789130006857e-01,2.610406508746893617e-01,4.978215095372565457e+00,-1.287423048142871007e+00,7.478626122226355033e-01,1.868388208063140432e+00,3.858800370965427551e-02,4.764379462990453895e+00
1.672912063245719949e+01,-4.378736510157100192e-01,2.572919705693810233e-01,4.976276662570205289e+00,-1.290393921798404619e+00,7.466857193552585148e-01,1.866169590077616514e+00,3.863127145963372866e-02,4.786059479202846134e+00
1.688695025496055635e+01,-4.374901038070282411e-01,2.551521495366671499e-01,4.976025667187754742e+00,-1.292896489465996668e+00,7.445388806288847361e-01,1.863943709382084091e+00,4.634971034318877137e-02,4.815066784861400606e+00
1.704478292046537291e+01,-4.373388739296205641e-01,2.554806804942238996e-01,4.977027264603657741e+00,-1.295435698841288508e+00,7.661767270872782420e-01,1.863104809977053078e+00,5.522437048083794070e-02,4.848305405325959327e+00
1.720262938423008592e+01,-4.369712363603729943e-01,2.592489349177249935e-01,4.978398458702974594e+00,-1.301499302308689598e+00,8.107512358742861025e-01,1.864457732135679446e+00,6.241353884437166044e-02,4.882465596513924311e+00
1.736046998658444451e+01,-4.359289569620343197e-01,2.669710185064039787e-01,4.979341732918906693e+00,-1.313941143934755473e+00,8.692198425032275910e-01,1.867453776117604214e+00,6.134030599354731161e-02,4.914397679737577462e+00
1.751831324383365285e+01,-4.338053450636282227e-01,2.783346728105570711e-01,4.979959262643404827e+00,-1.333696477347303899e+00,9.149254840978701120e-01,1.871601964363492687e+00,6.107748559671097310e-02,4.942401085767547997e+00
1.767615416437362796e+01,-4.302648711521036562e-01,2.925650276909999570e-01,4.979977439303779896e+00,-1.358458237836085880e+00,9.526399227052690932e-01,1.876157171421888981e+00,5.609935248651998912e-02,4.965105487280470520e+00
1.783399548897952513e+01,-4.250465373309711969e-01,3.087514051890024036e-01,4.979709258734514421e+00,-1.386476505794675296e+00,9.701432271328269685e-01,1.880864416418060570e+00,5.266936396871442494e-02,4.983116725170225081e+00
1.799183935235225462e+01,-4.179609275915995847e-01,3.259984309325972274e-01,4.979244273134949772e+00,-1.414807090647149490e+00,9.751836384608828512e-01,1.885378038545681090e+00,5.131193634858442765e-02,4.997173756087028629e+00
1.814968180758339855e+01,-4.088637246042987061e-01,3.437791416737012162e-01,4.978522503785690390e+00,-1.441836388069933861e+00,9.759250717965370914e-01,1.889429102413448192e+00,5.189390166191842901e-02,5.008179524364585689e+00
1.830752232617233233e+01,-3.976398083989660659e-01,3.619075781095962840e-01,4.977324296261281589e+00,-1.467184837336054093e+00,9.790402980735966043e-01,1.892928233133185367e+00,5.435554048129274951e-02,5.016765847347553375e+00
1.846536496035796659e+01,-3.841908514958165544e-01,3.804378883528045652e-01,4.975174015417588969e+00,-1.491369647674432919e+00,9.885059869224306350e-01,1.895363251317801145e+00,5.776425115275363870e-02,5.023068865048097464e+00
1.862320750393788771e+01,-3.684264418256356644e-01,3.995562050372459817e-01,4.971598786092378930e+00,-1.515376807090730971e+00,1.006303159416177539e+00,1.896587964663516201e+00,6.181751383972448194e-02,5.026977738256520389e+00
1.878105137692154614e+01,-3.502590233773170136e-01,4.194933276231335162e-01,4.966006100838869841e+00,-1.540347285696996860e+00,1.032719600279487171e+00,1.896476803364909980e+00,7.020751476653040724e-02,5.028039444274285508e+00
1.893889511915230273e+01,-3.295937173334542170e-01,4.406402095897457016e-01,4.957166574050772212e+00,-1.567538025942136759e+00,1.078151104326496856e+00,1.894992529327404585e+00,7.611073922356752230e-02,5.024926653962861423e+00
1.909673845965695094e+01,-3.063351328435906518e-01,4.633429090895795355e-01,4.944213555712105190e+00,-1.599171146818866962e+00,1.132701653284900356e+00,1.892351536154096570e+00,7.832943439722477030e-02,5.016877304887830569e+00
1.925457844417674380e+01,-2.804103778235743638e-01,4.875280972922649281e-01,4.926727547541686292e+00,-1.635861121449262878e+00,1.185124492955528908e+00,1.888929373476303963e+00,7.450189652032310206e-02,5.003310775451943471e+00
1.941241843242822540e+01,-2.517926026062499156e-01,5.125759567328089794e-01,4.905058608685018307e+00,-1.676499962982599401e+00,1.219963933388620081e+00,1.885161121503207804e+00,6.910948761390557638e-02,4.984672363503247716e+00
1.957026488964968536e+01,-2.205244628706244658e-01,5.374749033606937010e-01,4.879611383662489921e+00,-1.718120705148901584e+00,1.235790232536472244e+00,1.881459738925378433e+00,6.761863820792524127e-02,4.962053792664169904e+00
1.972810929973897132e+01,-1.867295191632606099e-01,5.613229875889549358e-01,4.850124541357860863e+00,-1.757988261249629369e+00,1.245715778561238052e+00,1.878215586430841855e+00,6.335614122354799038e-02,4.937130289876039413e+00
1.988594961520657378e+01,-1.506345571324079757e-01,5.833316186165165007e-01,4.816925220721083534e+00,-1.795003081125186251e+00,1.243491482334935005e+00,1.875792855478167764e+00,6.557971446929840298e-02,4.913418563235572023e+00
2.004378797962834469e+01,-1.125605609263289203e-01,6.030643092907589375e-01,4.779450825874539177e+00,-1.827674471058339023e+00,1.247921897655273504e+00,1.874532004145299746e+00,6.510228668273804198e-02,4.892793631333782756e+00
2.020161358680221042e+01,-7.288854704893160674e-02,6.204797780957457265e-01,4.737941945614696948e+00,-1.856720701315304423e+00,1.250120460556260582e+00,1.874726921638446120e+00,6.220267793608039858e-02,4.877264844010322342e+00
2.035944544404977563e+01,-3.201746869512633875e-02,6.355741543709322317e-01,4.693425559559457838e+00,-1.881632878707866885e+00,1.243653437523585925e+00,1.876561355881714910e+00,7.059884520282522224e-02,4.867059801120283247e+00
2.051727480689138616e+01,9.727745779392296677e-03,6.490003757079649827e-01,4.645235515638187707e+00,-1.901708405420982517e+00,1.259155659885850209e+00,1.880135440411055514e+00,7.323786309248245252e-02,4.858737559858373523e+00
2.067510665892076460e+01,5.213718739287497711e-02,6.617116990083286021e-01,4.593882651758318225e+00,-1.919688661765368565e+00,1.277596205240477900e+00,1.885315600623989729e+00,6.473449642226589140e-02,4.850952873041608271e+00
2.083293757923996736e+01,9.509189624535399621e-02,6.738802325180414110e-01,4.541843757437484363e+00,-1.935457475005942118e+00,1.271100060526345610e+00,1.891733665332841152e+00,6.861000139403680698e-02,4.843548180010644799e+00
2.099076626665013734e+01,1.385808853508732064e-01,6.857166576086409782e-01,4.489030358137351406e+00,-1.946191321501208105e+00,1.274623323951810328e+00,1.898986548271850205e+00,6.962471591019063488e-02,4.833290560354844168e+00
2.114859806048661284e+01,1.826791378966313717e-01,6.976643212883179013e-01,4.435769413684623963e+00,-1.953297709008905869e+00,1.277616179806175589e+00,1.906664993693559795e+00,7.432716722605463289e-02,4.820385591635282907e+00
2.130643164556465408e+01,2.274990304501113558e-01,7.100226795312996053e-01,4.381704319363321609e+00,-1.956957544888219935e+00,1.289802806705802052e+00,1.914442370284552997e+00,7.935241705965444259e-02,4.804412880301839550e+00
2.146426099727144532e+01,2.731727064624795975e-01,7.231364314801218551e-01,4.326335477037901889e+00,-1.958435722421276282e+00,1.310522197748919648e+00,1.922077366159652856e+00,8.692905649669162294e-02,4.785820321057518534e+00
2.162209263772422929e+01,3.198322091834892578e-01,7.373462837729507502e-01,4.268672396429437299e+00,-1.958810901714801656e+00,1.344165070944465468e+00,1.929400106576496299e+00,9.223334598411662977e-02,4.765104336053351375e+00
2.177992429830322507e+01,3.675886511931112932e-01,7.528565040084562732e-01,4.208206128353762843e+00,-1.959430191066812599e+00,1.383435847567706656e+00,1.936257424561256046e+00,9.509095586547328116e-02,4.744947807097954495e+00
2.193775497726101875e+01,4.164886600400532490e-01,7.694647654420871952e-01,4.144764564336791857e+00,-1.960561874749125799e+00,1.421845744810328771e+00,1.942491745625475330e+00,9.519692243765270900e-02,4.731047827595993738e+00
2.209558625880726623e+01,4.664363660949171209e-01,7.864047632146652367e-01,4.078481807031518969e+00,-1.961606567812639312e+00,1.453241935927975792e+00,1.947925201665642758e+00,8.862363458390960791e-02,4.734137801249441502e+00
2.225341623487963005e+01,5.170589141062637006e-01,8.019986290022983466e-01,4.010471051354559613e+00,-1.961214625916685828e+00,1.463817909389932392e+00,1.952377060062040037e+00,8.970070602292065653e-02,4.772183959299155731e+00
2.241124771946251926e+01,5.675633862898792348e-01,8.139654325125060819e-01,3.940032690706992469e+00,-1.956834177799161134e+00,1.473100510082788084e+00,1.955759746084744233e+00,8.645314155136886447e-02,4.867013169230167691e+00
2.256907806326205801e+01,6.166368228748415614e-01,8.195157862855804165e-01,3.867661679408620046e+00,-1.948407859885565419e+00,1.472135993442429180e+00,1.958013872495514729e+00,8.823172553846723998e-02,5.047722487499705757e+00
2.272690868338902703e+01,6.625019134387908348e-01,8.155457094707611043e-01,3.793190557532131635e+00,-1.935248327153588077e+00,1.472286162434727874e+00,1.959106278440717164e+00,8.951586613076353838e-02,5.342198351510435650e+00
2.288472357994913509e+01,7.032260349691161760e-01,7.993173841518106393e-01,3.717525207228573603e+00,-1.918264598421371758e+00,1.471773889004982516e+00,1.959101842334218579e+00,8.827643702386540892e-02,5.770790152879881063e+00
2.304244539610289877e+01,7.372025571778170194e-01,7.689403812069605104e-01,3.642595958244232879e+00,-1.898437460993305237e+00,1.466448553475836025e+00,1.958235302058972671e+00,7.951705649839974077e-02,6.329064923544494903e+00
2.320007915100308082e+01,7.635755044116606660e-01,7.238915787671180713e-01,3.571149412622154795e+00,-1.876620949758610601e+00,1.445822059287739991e+00,1.956986853947995098e+00,7.228127345358524580e-02,6.966931279559189782e+00
2.335776240379344415e+01,7.823420084683074816e-01,6.654124482725649603e-01,3.504465777321480235e+00,-1.852601517701111700e+00,1.416134757095740104e+00,1.956074459883029526e+00,6.654415422308503081e-02,7.574220393782044702e+00
2.351543549955964707e+01,7.940730427528233104e-01,5.963480515075825217e-01,3.442639786164094051e+00,-1.826325176869876055e+00,1.381386206463226518e+00,1.956225945582186876e+00,6.207253170713129820e-02,8.007913458938444862e+00
2.367310658013312974e+01,7.994546486830188536e-01,5.203712450445583393e-01,3.384887473729585761e+00,-1.797420364741910692e+00,1.343414532095182912e+00,1.957565878232692347e+00,5.710578098912981460e-02,8.158325985726021301e+00
2.383078259157212742e+01,7.989274445321041807e-01,4.411581995305693393e-01,3.330200735875129325e+00,-1.765116042588955603e+00,1.300602299489635794e+00,1.959904216435765623e+00,5.109434890192825901e-02,8.004694754590889971e+00
2.398846182048627540e+01,7.925549934197981816e-01,3.617920813996718943e-01,3.277802146339593659e+00,-1.728162907916723556e+00,1.250112727308199112e+00,1.963101673727361884e+00,4.590120099097912826e-02,7.606025284021727728e+00
2.414615288732226261e+01,7.800798627562568477e-01,2.845695200384631418e-01,3.227274189346813316e+00,-1.684827929599405527e+00,1.191446398834576925e+00,1.966796583003477927e+00,4.271274846050601010e-02,7.049375068965673563e+00
2.430388086077191190e+01,7.610531099287479728e-01,2.111551927702536580e-01,3.178638784704486131e+00,-1.633129742168587528e+00,1.126074908302407973e+00,1.970608303147349138e+00,4.212237546359781648e-02,6.412073044846267500e+00
2.446158990947670731e+01,7.349660787111041982e-01,1.428912358197211852e-01,3.132363350416723424e+00,-1.571055140384332471e+00,1.057290578028115435e+00,1.974266115435215907e+00,4.474869750260804246e-02,5.753689867876719433e+00
2.461931191699610011e+01,7.013962692390403042e-01,8.109793649811890270e-02,3.089313385994263417e+00,-1.496897423006084749e+00,9.910620948281242404e-01,1.977579973924148193e+00,5.109657174465462998e-02,5.121358704059141509e+00
2.477704546314851441e+01,6.602175232335116828e-01,2.727675628224621868e-02,3.050649976464374191e+00,-1.409975294734648221e+00,9.366113284004815576e-01,1.980419844920567884e+00,6.120860928090244429e-02,4.553117754484609314e+00
2.493479114948413056e+01,6.118820803462320379e-01,-1.680889630812233346e-02,3.017616572849556533e+00,-1.311751029031860583e+00,9.055458878013590285e-01,1.982716849750187693e+00,7.253033850405905814e-02,4.076013958491125244e+00
2.509255352199869904e+01,5.576691092843867326e-01,-4.930226201111220091e-02,2.991581483291004151e+00,-1.206883540989961201e+00,9.033484504483682009e-01,1.984464412317246795e+00,7.385273874823213014e-02,3.703451479684533254e+00
2.525032557084151819e+01,4.996814451978090488e-01,-6.938048699481258463e-02,2.975749181496438744e+00,-1.102573463312297219e+00,8.990410645456158312e-01,1.985703763131621002e+00,7.638451260350595518e-02,3.436155761931003472e+00
2.540817478931076678e+01,4.405297505228927268e-01,-7.758963545426204866e-02,2.971759886874037804e+00,-1.003453080836244959e+00,8.982672929633489511e-01,1.986508539929879413e+00,7.886529779506602778e-02,3.262361851689855818e+00
2.556602607299809549e+01,3.828329739216516647e-01,-7.519724039904419899e-02,2.979805440037102571e+00,-9.142945569885991830e-01,9.020577252543606761e-01,1.986965814812857944e+00,7.530181517008263659e-02,3.164501748330438069e+00
2.572386043152399893e+01,3.286995603839219515e-01,-6.462881033134834641e-02,2.999853415487823582e+00,-8.382209731616291348e-01,8.882013595335277456e-01,1.987158787610728838e+00,7.751120660954696762e-02,3.123902308206925049e+00
2.588169951821300785e+01,2.795119840302179859e-01,-4.825748903577809640e-02,3.029085069073845116e+00,-7.744539789936233376e-01,8.862938188220813585e-01,1.987160757294072377e+00,7.767536936254489099e-02,3.121957189596233473e+00
2.603954017059215431e+01,2.359721748124384566e-01,-2.784013127989505218e-02,3.065059039001627905e+00,-7.239708113727995054e-01,8.862468191382871785e-01,1.987028185503018740e+00,7.665502844538865657e-02,3.144339271469362096e+00
2.619737851638404180e+01,1.982451317626665876e-01,-5.069296537480717964e-03,3.105657206444817575e+00,-6.855166077088670207e-01,8.837546734195418363e-01,1.986799255409702258e+00,7.478019917304175312e-02,3.180524250385890372e+00
2.635521658650501919e+01,1.661739092188323497e-01,1.872679556793464470e-02,3.149322854884995859e+00,-6.570157515576763307e-01,8.770829518805658420e-01,1.986496117838169262e+00,6.701343740844026287e-02,3.223781345556288702e+00
2.651305429342887621e+01,1.394126334196353068e-01,4.204951233978230368e-02,3.195896303261665850e+00,-6.360150313016341705e-01,8.436567923229834065e-01,1.986128091563051701e+00,5.887758839240081477e-02,3.270935576099188502e+00
2.667089543531610119e+01,1.175244317531989324e-01,6.346300354430385593e-02,3.245232279665691610e+00,-6.181562816725615361e-01,7.916939847696158328e-01,1.985698273442364270e+00,5.145626757076755819e-02,3.320311240800123631e+00
2.682873911648224663e+01,1.000543028232736137e-01,8.215099306159914794e-02,3.297103877322989707e+00,-6.007310419364426668e-01,7.306424687321367850e-01,1.985207481298826071e+00,4.520497356683094575e-02,3.371302872767119485e+00
2.698657884944075391e+01,8.653810664682486109e-02,9.771946409023253566e-02,3.351083267096571117e+00,-5.825076670284496938e-01,6.682421659750612530e-01,1.984655946843210561e+00,4.012636392507951122e-02,3.423717147371923897e+00
2.714441982942778608e+01,7.648838014153046261e-02,1.099408351032147846e-01,3.406491340195051176e+00,-5.632713582138654251e-01,6.093805385716968281e-01,1.984044064107423733e+00,3.599911503250888961e-02,3.477378179296439775e+00
2.730226373804595497e+01,6.936640273761369990e-02,1.185353239736246234e-01,3.462402048582755576e+00,-5.433313697937630637e-01,5.562715134496063474e-01,1.983372689182158366e+00,3.256016073000579658e-02,3.531914977152753821e+00
2.746010359966692960e+01,6.455094917708674440e-02,1.230656292822351755e-01,3.517707139461949239e+00,-5.231431429410117184e-01,5.092719706340900210e-01,1.982643340145763045e+00,3.001726091035398364e-02,3.586662627113911928e+00
2.761794303881044854e+01,6.132026703451103067e-02,1.230226263820144023e-01,3.571216303039473683e+00,-5.031174809738443443e-01,4.695404533897124533e-01,1.981858600258369130e+00,2.867681981005443595e-02,3.640574918186345155e+00
2.777578333402070143e+01,5.886219420922082085e-02,1.180603121678633488e-01,3.621842196349686738e+00,-4.837493554780569194e-01,4.391855054523333690e-01,1.981022481467941798e+00,2.873763229475930631e-02,3.692188385372936033e+00
2.793362027273680681e+01,5.631835788997916620e-02,1.082491631428603579e-01,3.668834043607581030e+00,-4.657384761325212286e-01,4.205289268418405668e-01,1.980139911209701564e+00,2.958142082643149678e-02,3.739707506949550897e+00
2.809142046652110380e+01,5.285413139940563221e-02,9.418423263436073722e-02,3.712019777616804461e+00,-4.499662790825277314e-01,4.127045634982181022e-01,1.979214296184035993e+00,2.912507141878325698e-02,3.781397505408530701e+00
2.824923585368508583e+01,4.772877286522868301e-02,7.678004283965823851e-02,3.751992124755423763e+00,-4.370305107365758390e-01,4.067326951226181153e-01,1.978243833394767615e+00,2.725770642655097123e-02,3.816237983345439844e+00
2.840706856414562509e+01,4.035394889967858917e-02,5.703882724993940972e-02,3.789887351845054653e+00,-4.264459804248562080e-01,3.961213912969324680e-01,1.977218969361393519e+00,2.749477824331758580e-02,3.844261186557045740e+00
2.856489107469202793e+01,3.034614486061797470e-02,3.620915288320780689e-02,3.826806433713681344e+00,-4.173071073061556668e-01,3.908092314377861753e-01,1.976121903612158226e+00,2.773799154906847822e-02,3.866490034492764849e+00
2.872271485097639854e+01,1.752969368815209331e-02,1.558207754718900565e-02,3.863771509293628892e+00,-4.099705727125280141e-01,3.891844553408915774e-01,1.974927860727546447e+00,2.809966332094903860e-02,3.884884246076540038e+00
2.888053977336812750e+01,1.895312957218244030e-03,-3.893513508969832348e-03,3.901507786650092235e+00,-4.046139565957624917e-01,3.905413391841058846e-01,1.973607854017602747e+00,2.337112542849940217e-02,3.901474096351050136e+00
2.903836672366645288e+01,-1.647507284089538490e-02,-2.209612946946099346e-02,3.940783055155102410e+00,-4.009838775914570941e-01,3.733045803780386529e-01,1.972130586558320520e+00,2.912480442698876792e-02,3.917999446298612742e+00
2.919619899487317127e+01,-3.740559154069951486e-02,-3.857889443148999203e-02,3.981239762000966742e+00,-3.972680157988008331e-01,3.856111275336432942e-01,1.970464313690864833e+00,2.378642358656429812e-02,3.935099929406959074e+00
2.935403202994575622e+01,-6.070072227900633055e-02,-5.331245280987190888e-02,4.023238638791805322e+00,-3.964026901825809523e-01,3.739057214460372314e-01,1.968571812956886768e+00,2.338817909954885380e-02,3.953603069308389006e+00
2.951186846244221584e+01,-8.618965287608758297e-02,-6.678042849033986872e-02,4.066774544791713630e+00,-3.953638920486332031e-01,3.659287134499801253e-01,1.966412059414822666e+00,2.322107042935079788e-02,3.973704116732166725e+00
2.966970253199122354e+01,-1.136882788857043192e-01,-7.900528706124142209e-02,4.111409631733231151e+00,-3.946307912680800944e-01,3.597934155532629408e-01,1.963933637361860995e+00,2.588637783632701667e-02,3.995220045502311024e+00
2.982753759913666158e+01,-1.430130335776080008e-01,-8.979835756293121085e-02,4.156882587678014218e+00,-3.946323452739746163e-01,3.675250139442846065e-01,1.961067457828044036e+00,1.889802097651056140e-02,4.018231423329807761e+00
2.998537262562769357e+01,-1.740273364573612924e-01,-9.964173612075090392e-02,4.203331617648175644e+00,-3.962938819526838352e-01,3.457487757214813828e-01,1.957720916718248105e+00,1.921692535563063187e-02,4.042584686873865962e+00
3.014320706128485838e+01,-2.066185695702290881e-01,-1.090195076897576693e-01,4.250623572227183011e+00,-3.961109935264412463e-01,3.325990771546404323e-01,1.953773744986535998e+00,2.594597251707337834e-02,4.068201414934898175e+00
3.030104821502489898e+01,-2.406195038829030131e-01,-1.171764566075242237e-01,4.298434554161199905e+00,-3.960387692157575912e-01,3.531895837136468375e-01,1.949068822039062843e+00,1.480924176068682679e-02,4.095429306168565375e+00
3.045888816004092448e+01,-2.759322899762458037e-01,-1.245961544319544728e-01,4.347278482909427311e+00,-3.989295762390183131e-01,3.238483399220888348e-01,1.943382164314651606e+00,2.118140016055905517e-02,4.124494429476522228e+00
3.061672655840354906e+01,-3.124596460810571963e-01,-1.315465138717625826e-01,4.395854591617389673e+00,-3.992044674398937398e-01,3.268511485270491068e-01,1.936369461504990230e+00,1.853699611255810176e-02,4.155746779205474084e+00
3.077456716890862509e+01,-3.500443035385886748e-01,-1.375455538956710799e-01,4.444825041241242225e+00,-4.007385956535489679e-01,3.191912854268999511e-01,1.927496355937002859e+00,1.724320184564779451e-02,4.192419945582358309e+00
3.093240901672077925e+01,-3.884944405658157796e-01,-1.425015870702453225e-01,4.494465594675424391e+00,-4.020424336782810193e-01,3.092701758751214003e-01,1.915896615944860049e+00,9.920400558529142432e-03,4.239615780464021100e+00
3.109024762592622437e+01,-4.275079456753630436e-01,-1.463031957838140107e-01,4.545764801917171916e+00,-4.022862991599442384e-01,2.745017398025076383e-01,1.900125001006430558e+00,1.653417361383281020e-02,4.304930738286746106e+00
3.124808739612432973e+01,-4.665522260746453043e-01,-1.477495791630764332e-01,4.598897776260192138e+00,-3.993762164079445176e-01,2.745694716637492871e-01,1.877744390973441924e+00,1.287828685193770015e-02,4.397371246156815516e+00
3.140593040923509704e+01,-5.048529179044195514e-01,-1.453199491216125294e-01,4.654638551136248026e+00,-3.975651058431641793e-01,2.612134001922451487e-01,1.844420078676370922e+00,-1.468644346080426669e-02,4.524933372789322839e+00
3.156377087412647242e+01,-5.415802287667077497e-01,-1.398801412897754393e-01,4.714539866351011632e+00,-3.930931427417605484e-01,1.487800138600271771e-01,1.791718066938588816e+00,-9.144520327062632958e-02,4.691449527405679554e+00
3.172161405417166691e+01,-5.761052152863113118e-01,-1.363948019505517306e-01,4.779708643776232613e+00,-3.699955704790615640e-01,-2.155517256810576820e-01,1.700340611537301427e+00,-1.807178084399994333e-01,4.892051865116036069e+00
3.187945000792729289e+01,-6.080880897302616273e-01,-1.414039456950772489e-01,4.847365346220672500e+00,-2.981573689154232709e-01,-8.000301655757514618e-01,1.516820038014418115e+00,-2.484918731832513050e-01,5.112769375039517783e+00
3.203727919109874023e+01,-6.373543673949964017e-01,-1.583125112172739102e-01,4.910398025830817303e+00,-1.580680379849679351e-01,-1.458503925258409550e+00,1.045384934882010119e+00,-2.600849236187936508e-01,5.335679905960900804e+00
3.219511426296599410e+01,-6.637788083098408176e-01,-1.856740140625687263e-01,4.955621135263960753e+00,4.835385526856993132e-02,-1.999103522940642197e+00,2.011651856517372994e-01,-1.348325297760734065e-01,5.542901501103496997e+00
3.235294305054934938e+01,-6.870035251419256417e-01,-2.149037853967830924e-01,4.974692461380579189e+00,2.948398718556751175e-01,-2.073045666325311842e+00,5.162088130096074978e-02,-1.424515428071398693e-01,5.730687350607584385e+00
3.251077062110528715e+01,-7.068669315384532581e-01,-2.407474847080149361e-01,4.978813339839972762e+00,5.258881771081859169e-01,-2.172977698618476339e+00,3.025223288121670628e-01,-1.467562434620167111e-01,5.907892767211560425e+00
3.266859622459273282e+01,-7.235685965474324410e-01,-2.643203017534505039e-01,4.979306498334169717e+00,7.468198492218359741e-01,-2.293003658633253394e+00,7.183662717609264892e-01,-6.641712436711506851e-02,6.090263133394431705e+00
3.282642444395244041e+01,-7.371004731394791287e-01,-2.831561237454199853e-01,4.983735407939414941e+00,9.604176180800778617e-01,-2.202671185969284906e+00,1.022598420651684936e+00,-1.031400056171230817e-01,6.283580750650663127e+00
3.298424709565355784e+01,-7.474501401742708051e-01,-2.961194299189080503e-01,4.982091935596064225e+00,1.146127890234250879e+00,-2.192648812570113126e+00,1.284666945139103511e+00,-1.133215672675888519e-01,6.448539748189172194e+00
3.314206048630258294e+01,-7.547333325537083359e-01,-3.052059936038071797e-01,4.976308358750522132e+00,1.316337573110090586e+00,-2.182187063682036854e+00,1.336575520293668662e+00,-3.998306136009278922e-02,6.558874869264478491e+00
3.329982419201258637e+01,-7.589709780197122502e-01,-3.101875039975860449e-01,4.970691639058839151e+00,1.473856148382436837e+00,-2.011859883093273460e+00,1.322570528527183376e+00,4.878545665608993026e-03,6.592696071438838068e+00
3.345760730243782177e+01,-7.602126894907046406e-01,-3.106822554178567675e-01,4.966518311297632771e+00,1.604459070123157582e+00,-1.764753147849042136e+00,1.275058003682955521e+00,2.551515299494602415e-02,6.536631151577467769e+00
3.361539132028904930e+01,-7.586816096709722013e-01,-3.080931030830182937e-01,4.964969926968917591e+00,1.702708285921702647e+00,-1.502594074736224750e+00,1.214586782344336591e+00,2.859035279095091184e-02,6.405852350929243322e+00
3.377324524756173929e+01,-7.547823242967338642e-01,-3.044273405367580732e-01,4.966231016121407826e+00,1.768624622150990255e+00,-1.264184811372538242e+00,1.165409024160517504e+00,1.674916351323152072e-02,6.233085138219144561e+00
3.393108025480361079e+01,-7.491144779910623441e-01,-3.016478974049507378e-01,4.969396092376137553e+00,1.805517721235287976e+00,-1.079866127880864779e+00,1.154754264417324761e+00,-1.341200324207520583e-02,6.051175579078639011e+00
3.408891473863642574e+01,-7.424712685831224013e-01,-3.017707100026409961e-01,4.971950063568313816e+00,1.820005081187594298e+00,-9.866438217650869147e-01,1.177415170230342589e+00,-3.864422650045513941e-02,5.881490074704241344e+00
3.424675311238344477e+01,-7.357633102553153837e-01,-3.065047660481575731e-01,4.971679831347776357e+00,1.823131886516448974e+00,-9.630045586273131564e-01,1.172981743311304115e+00,-3.621290726279638439e-02,5.734282423609453616e+00
3.440459406562189315e+01,-7.298705960738536280e-01,-3.160412865163673146e-01,4.968444745051717071e+00,1.823022185925786243e+00,-9.349598288308963445e-01,1.094226141778405825e+00,-9.062152091726038625e-03,5.611382252906313539e+00
3.456244068825660065e+01,-7.255316916793375093e-01,-3.286305663529859311e-01,4.964175004937009028e+00,1.818337136762310902e+00,-8.418525747860503561e-01,8.845624906048963343e-01,3.216596719873066751e-02,5.509124536377747461e+00
3.472028354675438777e+01,-7.232971654643406412e-01,-3.411390519986853831e-01,4.960714239084376587e+00,1.800005386338355828e+00,-6.483596609931463473e-01,4.224193657999196216e-01,8.306261916092541608e-02,5.420809611894025437e+00
3.487812822665672741e+01,-7.234869342780900769e-01,-3.495242147847970049e-01,4.957156065493240504e+00,1.754435560363309943e+00,-3.288163805887757141e-01,-3.429518482206395658e-01,1.324696685381527017e-01,5.337329463271289320e+00
3.503597252300145470e+01,-7.261659372916445809e-01,-3.494108341925994954e-01,4.949824604385760551e+00,1.665199553826167689e+00,1.082356457890257528e-01,-9.917921507682979643e-01,1.995030074057775604e-01,5.248606760045888997e+00
3.519381709499616306e+01,-7.311368423465547384e-01,-3.355477846080328619e-01,4.946109171390718373e+00,1.516721589682724192e+00,7.146805933577308201e-01,-1.326674839818509533e+00,3.088749330285630035e-01,5.158342273020287472e+00
3.535166130172920163e+01,-7.378238963978318576e-01,-2.997236179408278578e-01,4.955516917725395487e+00,1.286131333619741968e+00,1.611484970816148721e+00,-1.479873505022819558e+00,3.783522471871782478e-01,5.074524998172656787e+00
3.550950690676879162e+01,-7.453721511946154177e-01,-2.349441385935001347e-01,4.973343297828050069e+00,9.409025483673647550e-01,2.589202733413892066e+00,-1.518488497844235452e+00,2.223360910930541889e-01,4.996637200204930629e+00
3.566735194450732394e+01,-7.534648093714745309e-01,-1.502940671855725330e-01,4.988572371209514245e+00,4.929444547287002432e-01,2.873664155188106584e+00,-9.108601304958340306e-01,1.663815408402064822e-01,4.935018181863108033e+00
3.582519464284396093e+01,-7.618806118985946840e-01,-6.024398000930466374e-02,4.986729074915898785e+00,4.324793774952546271e-02,2.913582039377685007e+00,7.073378768574641873e-01,1.156531724842276704e-01,4.902362533793446886e+00
3.598303981118935724e+01,-7.698461539019344491e-01,2.815607737452503062e-02,4.993724917385040207e+00,-3.714929981638762091e-01,2.784157091081731927e+00,1.769832395375380063e+00,1.140594876812349168e-01,4.920565209857905131e+00
3.614088518068047762e+01,-7.763758085536626163e-01,1.116682115051355201e-01,4.994975734260754585e+00,-7.324689770274235290e-01,2.649048717301968114e+00,1.889562753158160913e+00,-2.606548225195349372e-02,4.962156493541871605e+00
3.629873065422975031e+01,-7.809254668962309909e-01,1.830475732966987124e-01,4.985672552219738485e+00,-1.035342736376158035e+00,2.084996739127236598e+00,1.897422122934145916e+00,-3.413875867364589423e-02,5.007020625192173391e+00
3.645657469768858050e+01,-7.831774232375656730e-01,2.377202786907419985e-01,4.976998842525885536e+00,-1.236306425859019509e+00,1.619331311552403063e+00,1.896582459056079140e+00,-1.194807161154715081e-02,5.044443476911201429e+00
3.661441941855960636e+01,-7.825901377536804704e-01,2.802074960234076650e-01,4.973959416021270563e+00,-1.359911824546570447e+00,1.320405253005522139e+00,1.894782748586850918e+00,1.606308536985922089e-02,5.072442799973790883e+00
3.677226448978874629e+01,-7.787479904827384614e-01,3.154898676462006279e-01,4.974826105086719963e+00,-1.435590932825664634e+00,1.163688326552701602e+00,1.894157954914864161e+00,3.628478259574986764e-02,5.090461928106925882e+00
3.693010890316880079e+01,-7.713800609931038554e-01,3.471565827969476659e-01,4.977005616789315745e+00,-1.485949622802109626e+00,1.093705446567979189e+00,1.895524698093460136e+00,4.775449493498013648e-02,5.098664757245860990e+00
3.708795221871891812e+01,-7.603262121072742463e-01,3.771881715427933823e-01,4.978892416671790500e+00,-1.524205000497391271e+00,1.068077326608432243e+00,1.898753181195891981e+00,4.999920107022234883e-02,5.096684715802069832e+00
3.724579615911209629e+01,-7.455013652626808485e-01,4.063013013662611916e-01,4.980117794857407354e+00,-1.556812246449096326e+00,1.053206832006579718e+00,1.903267376961820245e+00,4.679564653500218468e-02,5.084091030979649872e+00
3.740364118990326858e+01,-7.268774377123228270e-01,4.343466112128846479e-01,4.980956253891194230e+00,-1.585362124496813463e+00,1.032190754166856239e+00,1.908568270954424495e+00,4.169136581292062771e-02,5.060883371142371523e+00
3.756148533004500933e+01,-7.044753168336289617e-01,4.607731517356185025e-01,4.981836883314598730e+00,-1.609162387759908830e+00,1.000469424130243201e+00,1.914445618039501085e+00,3.732894971186221517e-02,5.028483339206038849e+00
3.771933008549329713e+01,-6.783684438343204892e-01,4.849859277599090635e-01,4.983043858817224780e+00,-1.627020702247495842e+00,9.613763361385221362e-01,1.920856669013418117e+00,3.756411205449370488e-02,4.990165698924735160e+00
3.787717488991119552e+01,-6.486844104499217556e-01,5.067080402000551098e-01,4.984231006076079495e+00,-1.638442512650166494e+00,9.287039499382002683e-01,1.927472834897618004e+00,4.583483453968513477e-02,4.950237362846671374e+00
3.803501794845048067e+01,-6.155922726302264225e-01,5.263550370237507492e-01,4.983941021428769602e+00,-1.645073641775941953e+00,9.240639364008534917e-01,1.933120116316646708e+00,4.507870634213464317e-02,4.912608738609788972e+00
3.819285850063162258e+01,-5.793164401879493663e-01,5.443722372153763089e-01,4.982283511483260874e+00,-1.650587911778951256e+00,9.181708422588277241e-01,1.937421705106422420e+00,4.204697997336129256e-02,4.882197430065512656e+00
3.835069919423160201e+01,-5.401279829308205382e-01,5.608086570016109773e-01,4.979917584693065002e+00,-1.654671694593798703e+00,9.053763956476209573e-01,1.940452195552481163e+00,3.757151260552726857e-02,4.860812788113140215e+00
3.850854007321307648e+01,-4.982923590234761280e-01,5.756834772069110429e-01,4.977811598814929184e+00,-1.656304314719017068e+00,8.834092094072442114e-01,1.942918530770760377e+00,4.961288776815298007e-02,4.848182620334553050e+00
3.866638242883720977e+01,-4.540013149602707965e-01,5.897754991779315947e-01,4.974176101218980683e+00,-1.655230685218347597e+00,8.978558733123878088e-01,1.944779835121134060e+00,4.579283930416415405e-02,4.839957780526575881e+00
3.882422067511659947e+01,-4.073894383250099560e-01,6.037066904027698078e-01,4.970010031703389508e+00,-1.655867226166168660e+00,8.985313942186377023e-01,1.946220021345878459e+00,6.378603999255194612e-02,4.836263566202164910e+00
3.898206298985405738e+01,-3.585167371654486845e-01,6.182987253045201248e-01,4.962712556955463761e+00,-1.657386880474429836e+00,9.494159732331615142e-01,1.947221711037481207e+00,4.895251547291969846e-02,4.831626732470890140e+00
3.913990446834989001e+01,-3.074195893149384018e-01,6.336148081410626354e-01,4.954987726465450493e+00,-1.664894059156637685e+00,9.502656877729854790e-01,1.948016305737390264e+00,6.219760190764279939e-02,4.829790656017282302e+00
3.929774418720808882e+01,-2.541149745253389880e-01,6.495087801963096430e-01,4.944797550689255417e+00,-1.672405137916051610e+00,9.877336631878407269e-01,1.948697893511254664e+00,7.047763847885070432e-02,4.825517585720962010e+00
3.945558651328734356e+01,-1.985512061330012845e-01,6.668576006514547183e-01,4.930957614386238141e+00,-1.684757581173361940e+00,1.042115665423118287e+00,1.949341388413121434e+00,7.283312371321060130e-02,4.819216417631889904e+00
3.961342727882070136e+01,-1.406903156747642547e-01,6.858867864172756290e-01,4.913296385616838791e+00,-1.703534625910737788e+00,1.094708685408670279e+00,1.950026783134691133e+00,6.924871401236558366e-02,4.811473978089645165e+00
3.977126888224721313e+01,-8.051252404248765426e-02,7.062390322220297723e-01,4.892566772044803614e+00,-1.727518613383137502e+00,1.129815880875775447e+00,1.950818649886977729e+00,6.064099886257987015e-02,4.803019192477287369e+00
3.992910852816475398e+01,-1.802408248596927207e-02,7.270828519110393851e-01,4.870260315967684939e+00,-1.753410024555525748e+00,1.136415121507957426e+00,1.951756229611667282e+00,5.967105896627401818e-02,4.794887600142142325e+00
4.008694747790385549e+01,4.675136016956193963e-02,7.477578968348521649e-01,4.846450673711698798e+00,-1.777316155535038744e+00,1.139368227428781077e+00,1.952859391597018712e+00,7.319219390603942665e-02,4.786958900464855837e+00
4.024478829820817793e+01,1.137788922480540005e-01,7.685428372966491839e-01,4.818659295943023224e+00,-1.799494227299953453e+00,1.178703896778726001e+00,1.954108560429365093e+00,6.388743345714770205e-02,4.779702886301614662e+00
4.040262780474477466e+01,1.828795590690718009e-01,7.889403136015719076e-01,4.788236349297529060e+00,-1.823717992479800154e+00,1.186875711443089898e+00,1.955421262266719085e+00,5.992607072514110483e-02,4.783192692665449997e+00
4.056046869375885677e+01,2.536025737627830567e-01,8.073087364221096518e-01,4.755246853297746767e+00,-1.845469020190677822e+00,1.183229837149715413e+00,1.956681990449042674e+00,5.692980523205613125e-02,4.806530331161298797e+00
4.071830953737347869e+01,3.251509255868411663e-01,8.220001682703570456e-01,4.719412528693612607e+00,-1.863041631888293193e+00,1.172627711940238404e+00,1.957753766647059690e+00,5.994432993167417290e-02,4.863483381794739380e+00
4.087614577598557020e+01,3.962944723212353249e-01,8.313952655672121050e-01,4.679334863580855597e+00,-1.875730862281733469e+00,1.170009175484122199e+00,1.958507528303679024e+00,6.217219086650867255e-02,4.968852818408485916e+00
4.103398418101491529e+01,4.653992113996494040e-01,8.339667500241768616e-01,4.634301687539205794e+00,-1.884595504950231204e+00,1.172074871801925600e+00,1.958844067290510749e+00,6.100770754642592664e-02,5.137433616333856534e+00
4.119180438870476735e+01,5.306085509763166508e-01,8.282029361942180312e-01,4.584751887814420890e+00,-1.890143064151085239e+00,1.169988226869674408e+00,1.958719845964710160e+00,6.209247994066260934e-02,5.379468070121247614e+00
4.134957200271385602e+01,5.901685004433675497e-01,8.130743595329865681e-01,4.531370865817294202e+00,-1.892044570223482491e+00,1.169577106640146580e+00,1.958155854032767262e+00,6.211425809246404889e-02,5.695725714709234389e+00
4.150735191220245213e+01,6.427430720533231501e-01,7.882844733827656380e-01,4.475534729725936245e+00,-1.890811904068220750e+00,1.168063493277484044e+00,1.957261072390858336e+00,6.210619601512743643e-02,6.077575104389322469e+00
4.166512217822480579e+01,6.875735890149538010e-01,7.541547276095360575e-01,4.418702254013350483e+00,-1.886753889211650215e+00,1.165572837845003207e+00,1.956203659791828420e+00,6.173648423346431158e-02,6.507323746281756804e+00
4.182288239341202996e+01,7.244474002353834541e-01,7.114600081747325389e-01,4.362121242925819153e+00,-1.880252434156864716e+00,1.161643378561363571e+00,1.955146843222986375e+00,6.493496330667501704e-02,6.962267731348052990e+00
4.198063410362271242e+01,7.535371065091783782e-01,6.612367989566431126e-01,4.306228073195203621e+00,-1.871554298462139165e+00,1.162618975736741334e+00,1.954235311266731445e+00,6.502415034683622919e-02,7.418195854204803652e+00
4.213837586130882329e+01,7.752086071139290269e-01,6.044821817072933978e-01,4.251524246710582489e+00,-1.861475087919231663e+00,1.162463731601591110e+00,1.953584414080358655e+00,6.545003602823869227e-02,7.852872981192970947e+00
4.229612467833687361e+01,7.898757221829310060e-01,5.419986497039397388e-01,4.198052847618130023e+00,-1.850113573742164341e+00,1.161874918913188726e+00,1.953296625949455967e+00,6.350524725945130844e-02,8.241548463048653517e+00
4.245384495039485273e+01,7.979159202746952673e-01,4.744502868010040952e-01,4.145835400357490208e+00,-1.837623250397408592e+00,1.157511496468092149e+00,1.953433417710111364e+00,6.094237059325221390e-02,8.554269876457274435e+00
4.261155897139315840e+01,7.996152074836373469e-01,4.024466094779181047e-01,4.094669041167271928e+00,-1.823789891003048780e+00,1.149027986318225780e+00,1.953763606581387924e+00,5.486907433517952681e-02,8.754659865476515535e+00
4.276926014939061105e+01,7.951159921738359948e-01,3.266226099532111293e-01,4.044442932785214495e+00,-1.808387894286211495e+00,1.131925280451024918e+00,1.954449644276550213e+00,4.593974272484324661e-02,8.805544132648771338e+00
4.292695876219142548e+01,7.843561737611425277e-01,2.476612796621200929e-01,3.995020725774039771e+00,-1.790754814582976806e+00,1.102584268141529433e+00,1.955963105178237349e+00,3.777417539704831795e-02,8.676923141254151872e+00
4.308464232237444236e+01,7.670041123907022085e-01,1.663533541827797724e-01,3.946056222834306126e+00,-1.769695818153160571e+00,1.062046969305168398e+00,1.958348024098293561e+00,3.072286611805769008e-02,8.354584930710997170e+00
4.324232721686766467e+01,7.423898646053783690e-01,8.362109383737609258e-02,3.897160833282484749e+00,-1.743784999525868518e+00,1.011150949513876185e+00,1.961521432660804143e+00,2.508149456081155623e-02,7.846158859829769128e+00
4.340004465082538587e+01,7.094331249351503166e-01,5.048144758922831765e-04,3.847992070110999752e+00,-1.711203336386918794e+00,9.506885314360573602e-01,1.965298183948918531e+00,2.129519130060428950e-02,7.180527457767387212e+00
4.355773031924393734e+01,6.665704561514597115e-01,-8.180014450248911106e-02,3.798363190802156009e+00,-1.669571810178239302e+00,8.820861991683467407e-01,1.969422989922555711e+00,2.004965368897090525e-02,6.402929085226272576e+00
4.371541879338520431e+01,6.116995736525878691e-01,-1.618020125706813861e-01,3.748409530087418062e+00,-1.615868039569742898e+00,8.086640227861106034e-01,1.973593168548574583e+00,2.230662194579198856e-02,5.571326281641189482e+00
4.387310885771271529e+01,5.422367056130880103e-01,-2.374443495114607061e-01,3.698857405428631839e+00,-1.546690075462033631e+00,7.377518352101677390e-01,1.977472128821491149e+00,2.915427399522482060e-02,4.755133269080146441e+00
4.403080930381167946e+01,4.555491444119619815e-01,-3.057612586371408203e-01,3.651369306111402757e+00,-1.459515278357703449e+00,6.833832302889606414e-01,1.980730902151414341e+00,4.114431635145437277e-02,4.028077135462493352e+00
4.418854864820590933e+01,3.501127418603662833e-01,-3.625716319590168712e-01,3.608751708258596480e+00,-1.355743346423726070e+00,6.665165151747522998e-01,1.983127063152977154e+00,4.603183450178092995e-02,3.450933501369407352e+00
4.434627178253688129e+01,2.272394659298167252e-01,-4.035401694901364356e-01,3.577487197389471518e+00,-1.243672606715052531e+00,6.651077734738316538e-01,1.984551572394885222e+00,4.130472619313251686e-02,3.056213430618309079e+00
4.450400056463234222e+01,9.219813699034426491e-02,-4.267010452711774704e-01,3.567444729713365792e+00,-1.132304752013886029e+00,6.399805003853424878e-01,1.985003565700364847e+00,4.864024853852975255e-02,2.846519048327442292e+00
4.466177317375165501e+01,-4.648350686436227008e-02,-4.311791012393151878e-01,3.582480222050683949e+00,-1.029130866315223658e+00,6.506662707766224241e-01,1.984546411784528841e+00,5.270834812662432423e-02,2.805673555041718892e+00
4.481963137675244724e+01,-1.796524580648194425e-01,-4.168595517185267885e-01,3.622152497219622180e+00,-9.464386700749662928e-01,6.756343585641821914e-01,1.983271875456254607e+00,4.902086582128645231e-02,2.909474241453932297e+00
4.497745050443763404e+01,-3.004194084465607872e-01,-3.867745405935218428e-01,3.682919402335315340e+00,-8.865350972856738121e-01,6.756082332478402508e-01,1.981298289110006383e+00,4.764791767196998457e-02,3.128140821175347419e+00
4.513527520258060122e+01,-4.053079529330012587e-01,-3.450180815592218675e-01,3.757711645699796765e+00,-8.438033224145931044e-01,6.722583902571810377e-01,1.978798568878707531e+00,4.568336227269483713e-02,3.425611440401123531e+00
4.529311812007650673e+01,-4.938006681191953184e-01,-2.952334062326278374e-01,3.839566105354969228e+00,-8.143448569905080703e-01,6.656844291335535235e-01,1.976000105211844993e+00,4.391782004254147359e-02,3.760189866556472804e+00
4.545094584046407959e+01,-5.671842693048791961e-01,-2.406953974286948350e-01,3.923342563768045022e+00,-7.943834625990628950e-01,6.584784743945083507e-01,1.973135893745704861e+00,4.212540846082322987e-02,4.091887547666535063e+00
4.560877041567641044e+01,-6.273997076720260191e-01,-1.840635276375588436e-01,4.005989455190265502e+00,-7.811430898231346287e-01,6.486304180218140925e-01,1.970378095230461479e+00,4.589886352992332552e-02,4.391623286707480034e+00
4.576659394116039437e+01,-6.762921285673313410e-01,-1.268899900857071716e-01,4.085780798890564114e+00,-7.726360179601325928e-01,6.573393340040697419e-01,1.967820094387262575e+00,4.497150435925790363e-02,4.644473869751230666e+00
4.592441806658266756e+01,-7.153488643367883482e-01,-7.014918695177006780e-02,4.162455714507598437e+00,-7.695078399771316802e-01,6.634463983027414358e-01,1.965524089268791963e+00,4.157360077177801871e-02,4.843048977648826359e+00
4.608223975709955056e+01,-7.457294157162679404e-01,-1.491120297772590038e-02,4.236298663044303581e+00,-7.703288462995436792e-01,6.593946571581020821e-01,1.963557304097117706e+00,4.280814107090961246e-02,4.979638482847571268e+00
4.624006351811807036e+01,-7.683350858877696643e-01,3.796993166364205641e-02,4.307180617655827604e+00,-7.733584740194933138e-01,6.620950438752433165e-01,1.961974369589001732e+00,4.687045531878087506e-02,5.047750518330399672e+00
4.639789873615238491e+01,-7.838665640536242041e-01,8.790542926216593500e-02,4.374623796830751310e+00,-7.790535250704421211e-01,6.787977475764740420e-01,1.960736113528162683e+00,4.418309184276623947e-02,5.055069631436054145e+00
4.655572939129375953e+01,-7.928741474348416363e-01,1.341982454921614165e-01,4.438703441513959902e+00,-7.886029326214336610e-01,6.857316460670525027e-01,1.959646393580454449e+00,4.640817948997317394e-02,5.031481966533933203e+00
4.671355895641993783e+01,-7.957719925114575821e-01,1.767659152397019762e-01,4.499174128063721412e+00,-8.006471214366170930e-01,7.001271549085216206e-01,1.958431060765224441e+00,6.081849952053529351e-02,5.017458015352654677e+00
4.687139634013716716e+01,-7.928251112685552604e-01,2.174241445454005439e-01,4.555251745652132200e+00,-8.162026311662127220e-01,7.584855888642809685e-01,1.956830620501796902e+00,7.592025510501954066e-02,5.047789957098308022e+00
4.702923202947480519e+01,-7.841676214664257127e-01,2.594047931801564122e-01,4.606963028878247712e+00,-8.402421960729223871e-01,8.534415944903839257e-01,1.954675611870609009e+00,8.762802071991167285e-02,5.142343507843452954e+00
4.718707987257567993e+01,-7.698040011377907943e-01,3.059968120072984465e-01,4.655295092268408652e+00,-8.760403941334603539e-01,9.658998181188492849e-01,1.952020631812718010e+00,9.318580780143694009e-02,5.295383043690935487e+00
