0.000000000000000000e+00,-7.783691874169166303e-01,5.560522799016779372e-01,3.753005064468591723e+00,-1.785397683638931365e+00,1.946310000324723566e+00,1.999978433976127290e+00,-1.460348649837414081e-01,4.805255509659123625e+00
1.578398441577653633e-01,-7.580376310851104638e-01,6.364363411977870255e-01,3.756022597313531275e+00,-1.934005856649198440e+00,1.220130901749820751e+00,1.999949645651514007e+00,-1.591167642894522616e-01,4.962500376873798302e+00
3.156732289512507172e-01,-7.310593597978366498e-01,6.987517730611345623e-01,3.799949355834479459e+00,-1.999999036314761280e+00,6.120413014400937213e-01,8.995400631343843934e-01,3.563631293272808559e-02,5.023187785765155233e+00
4.735007700749602755e-01,-6.964705433323113981e-01,7.540703603712762826e-01,3.814873196121477683e+00,-1.999999172595096519e+00,6.312465401509859131e-01,-1.999925438233628006e+00,6.711648963817462565e-02,4.899566155577528725e+00
6.313359408601937339e-01,-6.537046963615066320e-01,8.110311253347423088e-01,3.725893237760240506e+00,-1.999998907447684493e+00,7.190890633165307744e-01,-1.999940531778014341e+00,9.109418347093324597e-02,4.599938922613747039e+00
7.891656251032345137e-01,-6.023199353476614837e-01,8.693758236730626532e-01,3.616056941171883921e+00,-1.999999014596952618e+00,8.496472448504268637e-01,-1.999614453608042464e+00,6.987130215388713539e-02,4.249550184954242305e+00
9.470004133077283281e-01,-5.414698196594494028e-01,9.271817359987732932e-01,3.485356177863177418e+00,-1.999999401722052816e+00,9.179319192665044147e-01,1.999973628813010107e+00,6.403960747807840859e-02,3.894687757266316996e+00
1.104840621716450366e+00,-4.690692751098128332e-01,9.812390679399765059e-01,3.499659637001835577e+00,-1.999999674627836566e+00,9.628099658154631868e-01,1.999990866089548680e+00,6.759656854016377059e-02,3.662216461699334236e+00
1.262681461522275228e+00,-3.836893205484370739e-01,1.029547587259312502e+00,3.500294237199019332e+00,-1.999999736970169417e+00,1.011359366968038298e+00,1.999995381493503199e+00,6.290054948458322082e-02,3.462860743956405862e+00
1.420518228414948236e+00,-2.865765540323526039e-01,1.070537718665325988e+00,3.486348643055414254e+00,-1.999999753032363214e+00,1.038786372424012727e+00,1.999997236829002878e+00,6.259995918091405820e-02,3.314294174562605555e+00
1.578359492907691175e+00,-1.803983255905783067e-01,1.102340124142944466e+00,3.456514147072286214e+00,-1.999999770970227075e+00,1.059244160615073316e+00,1.999998155547047185e+00,6.077563397668041267e-02,3.230475870131063854e+00
1.736119677055532495e+00,-6.932054187241699916e-02,1.123574096547819368e+00,3.411807696899586073e+00,-1.999999760902346324e+00,1.068743788545158058e+00,1.999998660479634927e+00,6.728691157452053317e-02,3.218815673024525648e+00
1.893929269320524078e+00,4.177654150957772761e-02,1.134177770872639490e+00,3.352824473070625810e+00,-1.999999796778877847e+00,1.092964281264769077e+00,1.999998956862250488e+00,5.987951137578392813e-02,3.275204463173264191e+00
2.051709477387540836e+00,1.484138490996490256e-01,1.134542713277394421e+00,3.286460434465347191e+00,-1.999999762139166970e+00,1.087530698018151387e+00,1.999999140213471582e+00,5.432242091296192454e-02,3.389494958846318795e+00
2.209509697694257646e+00,2.475128822764625924e-01,1.125156454862568989e+00,3.218801018254626278e+00,-1.999999758293252494e+00,1.065796996510505634e+00,1.999999260099033060e+00,5.078381255110260561e-02,3.546934743253308042e+00
2.367281937511195533e+00,3.374187789544481064e-01,1.107559541919058255e+00,3.153731121047589347e+00,-1.999999777369415366e+00,1.037769359562173532e+00,1.999999342458509854e+00,4.325896914959995870e-02,3.729759770670400876e+00
2.525053648535680040e+00,4.176807597276153694e-01,1.083316995602696231e+00,3.094481611853742820e+00,-1.999999714632744174e+00,9.954234997645119432e-01,1.999999402485314492e+00,4.170336976700629583e-02,3.924101988066668323e+00
2.682826593173742058e+00,4.885719002656379040e-01,1.053850427801906742e+00,3.041229523331816509e+00,-1.999999783642816942e+00,9.569523845435512488e-01,1.999999448145420411e+00,3.506944813476216283e-02,4.119943855970628732e+00
2.840598310788523317e+00,5.506262169170903498e-01,1.020217833335309798e+00,2.994718831966860950e+00,-1.999999670370208982e+00,9.097813941327479448e-01,1.999999484537887673e+00,3.560445414218767896e-02,4.311412453289432456e+00
2.998365782695653792e+00,6.044789726890011927e-01,9.832146800009705645e-01,2.953612071104052550e+00,-1.999999798533639073e+00,8.715858701316937518e-01,1.999999514558515656e+00,2.918833086125030910e-02,4.492668359321216442e+00
3.156136732688610280e+00,6.507208444024368266e-01,9.434420395332100417e-01,2.918216668798617519e+00,-1.999999743458793500e+00,8.258812922218736752e-01,1.999999540138523102e+00,2.348168695768287906e-02,4.659122830878934529e+00
3.313922521897811890e+00,6.899200154211089231e-01,9.011651224714292141e-01,2.888357210883123471e+00,-1.999999149066058912e+00,7.758810824165059961e-01,1.999999563878461561e+00,3.210381112115850977e-02,4.806686545744626393e+00
3.471693240198370223e+00,7.225657821421019866e-01,8.571393168056266054e-01,2.861361468424921561e+00,-1.999999600940570499e+00,7.498810147153278649e-01,1.999999586935926832e+00,4.372339483268381649e-02,4.929025650493494837e+00
3.629467839254204797e+00,7.490618497424432753e-01,8.124992056604091184e-01,2.835095920105019207e+00,-1.999999865050541947e+00,7.476074160251200418e-01,1.999999608573181265e+00,4.046678744786519344e-02,5.021324870823808517e+00
3.787241177560768168e+00,7.697736044874853301e-01,7.677693142711352614e-01,2.810510900888194996e+00,-1.999582011964358141e+00,7.387892025576664468e-01,1.999999629845712334e+00,5.218872715911086063e-02,5.084770085182600319e+00
3.945015394690555510e+00,7.850400670046445706e-01,7.233178955446265546e-01,2.785359980453448348e+00,-1.999999762872384457e+00,7.503876990141574721e-01,1.999999651025884617e+00,5.791417850006151669e-02,5.121273316234486117e+00
4.102807214907126188e+00,7.950527180754783929e-01,6.796218606832632458e-01,2.759275014352750244e+00,-1.999999183627808153e+00,7.688713184077433649e-01,1.999999671886230734e+00,6.884332838740961358e-02,5.132011850498562566e+00
4.260585671994953749e+00,7.999999998925082512e-01,6.369792971672381121e-01,2.730840853414179925e+00,-1.999999921606318010e+00,8.014492689017618243e-01,1.999999688076942839e+00,5.682129572227832132e-02,5.117065252406240994e+00
4.418364913718290765e+00,7.999999940425835954e-01,5.952097264974824942e-01,2.702782438848924329e+00,-1.999999907416435629e+00,8.110248096147024688e-01,1.999999696965963469e+00,2.769461242436452308e-02,5.077472784730786337e+00
4.576147343322695349e+00,7.951454946862489548e-01,5.532135400748202647e-01,2.679086730058651167e+00,-1.996745102939473826e+00,7.710890253859624677e-01,1.999999703711897725e+00,5.233899480770689942e-03,5.009785908996628123e+00
4.733928721278660490e+00,7.855161363867847468e-01,5.098623214814171911e-01,2.661644180718443220e+00,-1.985606189680075628e+00,6.952015810142468943e-01,1.999999711932056723e+00,-1.393003923297903533e-02,4.906272097137125421e+00
4.891682709510733140e+00,7.711559708505589805e-01,4.645441124935235089e-01,2.652459553176811369e+00,-1.963067523576038642e+00,5.898812158771979952e-01,1.999999721721985813e+00,-2.819125966978325987e-02,4.764270425515076290e+00
5.049455387880246171e+00,7.520926757877556268e-01,4.170190049542216726e-01,2.653211852506464741e+00,-1.925911251886968989e+00,4.642181840213007726e-01,1.999999732758226623e+00,-3.625653339812280607e-02,4.588508128058110813e+00
5.207254444022550999e+00,7.283809478849898600e-01,3.673706779031707947e-01,2.665018079784842175e+00,-1.871590601681926147e+00,3.303732407113135205e-01,1.999999744319487460e+00,-3.734749929019905157e-02,4.391043760152142816e+00
5.365044117906551335e+00,7.001600704158041921e-01,3.159898504097902738e-01,2.688059261169665426e+00,-1.798906048542604275e+00,2.037253643729652064e-01,1.999999755517427147e+00,-3.142428620367252595e-02,4.187624537206350084e+00
5.522840649826602721e+00,6.677000573967586394e-01,2.636479273348711905e-01,2.721199331251107800e+00,-1.708841752942983572e+00,1.018403566446765274e-01,1.999999765574116628e+00,-1.936449075098181649e-02,3.993008322386045528e+00
5.680641818473985971e+00,6.314093953150555771e-01,2.116219040037643773e-01,2.761878617367789612e+00,-1.605219874713016193e+00,4.153153040373271793e-02,1.999999773998602404e+00,-2.988331531821088790e-03,3.817746435067389754e+00
5.838445955779847374e+00,5.917970233212522801e-01,1.617354148079797604e-01,2.806541211335349839e+00,-1.494678511920401354e+00,3.421992466277409134e-02,1.999999780615533407e+00,1.517159861535474601e-02,3.667282476384679413e+00
5.996258817961015453e+00,5.494098669663696199e-01,1.161744125724865906e-01,2.851557506134201336e+00,-1.384406950348640253e+00,8.200702477564433823e-02,1.999999785485625514e+00,3.243452423259488709e-02,3.542685916328823126e+00
6.154077893517587938e+00,5.048321355620243311e-01,7.708712228324610116e-02,2.894176340649155410e+00,-1.282200634188546795e+00,1.748446469906169976e-01,1.999999788746981810e+00,4.612300399198601686e-02,3.442804187783194081e+00
6.311904830467372385e+00,4.586451886649771104e-01,4.601419867199113556e-02,2.933197553324758733e+00,-1.197112231083783840e+00,2.896738075201743534e-01,1.999999790514551679e+00,5.408243632495478292e-02,3.365625037924383278e+00
6.469725159625647315e+00,4.112823678895009549e-01,2.330654065499599553e-02,2.969109411204231996e+00,-1.130639915844520837e+00,4.016648880743369232e-01,1.999999790858099091e+00,5.644974270285681855e-02,3.308326221452938753e+00
6.627547880113612955e+00,3.631887611412619177e-01,8.196123612820812795e-03,3.003299476947436375e+00,-1.082094464414079527e+00,4.901246751747926345e-01,1.999999789769232095e+00,5.432055348138700723e-02,3.268329812158701220e+00
6.785377436475526380e+00,3.147569122559457644e-01,-9.310355184285038811e-04,3.037487505388806408e+00,-1.045625332919214667e+00,5.461018332022551380e-01,1.999999787200235746e+00,4.974314433210667852e-02,3.243187747612573890e+00
6.943207810967632732e+00,2.664297702795622169e-01,-5.916978039053328968e-03,3.073168799558504194e+00,-1.018061796454537982e+00,5.673881178453434870e-01,1.999999783095707029e+00,4.393738987787047107e-02,3.230783730660842235e+00
7.101042299022537918e+00,2.185287573538097772e-01,-8.580688132152776079e-03,3.111557002318471099e+00,-9.958176031419838647e-01,5.585050662765694840e-01,1.999999777415336188e+00,3.814578278314186693e-02,3.229159779843656874e+00
7.258876298019341533e+00,1.712625828598091648e-01,-1.040542716398058266e-02,3.153406994663191298e+00,-9.759056591879062825e-01,5.289020572074591975e-01,1.999999770133963573e+00,3.336833450251674299e-02,3.236567280151489090e+00
7.416713222380853843e+00,1.247404023332877865e-01,-1.234464232625858381e-02,3.198923246405733334e+00,-9.545248241830103231e-01,4.919094604566254247e-01,1.999999761228737682e+00,3.018422316629876256e-02,3.251497214314676754e+00
7.574545562948100219e+00,7.908243183115729047e-02,-1.471135789223060319e-02,3.247769577986206357e+00,-9.340150930474077073e-01,4.533328326809276110e-01,1.999999750671591414e+00,2.795411763268142863e-02,3.272684865439005275e+00
7.732380267658629514e+00,3.423179143400395530e-02,-1.761514755714834596e-02,3.299479692478084480e+00,-9.106579469545026395e-01,4.231337524810954709e-01,1.999999738402488347e+00,2.671751931376649750e-02,3.299066343167591064e+00
7.890221187521259338e+00,-9.734558471697728546e-03,-2.074559497100596575e-02,3.353345205485155578e+00,-8.918204945545001872e-01,3.941097366620287534e-01,1.999999724340185026e+00,2.493158456624834304e-02,3.329722099988388528e+00
8.048057892213485331e+00,-5.304244565117481602e-02,-2.421881229376031050e-02,3.409087631874391455e+00,-8.719064472175499514e-01,3.722925395229047529e-01,1.999999708344734062e+00,2.355161314945411824e-02,3.363900559151606462e+00
8.205895025926608355e+00,-9.569078818399490149e-02,-2.780574240042689438e-02,3.466203503807037567e+00,-8.562718505483889464e-01,3.501879061439764906e-01,1.999999690245485073e+00,2.159268674365693794e-02,3.400896097008687224e+00
8.363735305195326930e+00,-1.378903308936275107e-01,-3.165788204666428879e-02,3.524546719475409873e+00,-8.402660082185550161e-01,3.319603725522847215e-01,1.999999669796938440e+00,1.993334924414787157e-02,3.440192158807385603e+00
8.521576089830388057e+00,-1.796724365625198550e-01,-3.566746818375297196e-02,3.583798083187997197e+00,-8.265152159252709962e-01,3.130336078279549183e-01,1.999999646700619582e+00,1.791693176198621076e-02,3.481280114447275587e+00
8.679417451247477544e+00,-2.211724729944802847e-01,-3.995762785451942994e-02,3.643870473304283486e+00,-8.165084004827112274e-01,2.896015388480054908e-01,1.999999620577187498e+00,1.601761153243541277e-02,3.523680050423971810e+00
8.837259335114033831e+00,-2.626069990984954416e-01,-4.473086612757744968e-02,3.704724388677215430e+00,-8.076665368331937822e-01,2.672460591882627745e-01,1.999999590918250636e+00,1.559724898177174655e-02,3.567125459876998583e+00
8.995096956256858789e+00,-3.041061628306496178e-01,-4.982197693288084595e-02,3.766035917026201663e+00,-7.968740834550634977e-01,2.561495181806823229e-01,1.999999557009691786e+00,1.699957514215992213e-02,3.611852240577231310e+00
9.152936507953931766e+00,-3.456329749637661597e-01,-5.460863976914654555e-02,3.827260631627172671e+00,-7.906517474258200062e-01,2.514852475468116189e-01,1.999999517847131925e+00,1.895665963357972064e-02,3.658691890838967620e+00
9.310778981885945882e+00,-3.872999491635996105e-01,-5.865878269630575570e-02,3.888237735896117542e+00,-7.880525990470660380e-01,2.567224049763182636e-01,1.999999471840756549e+00,2.159169166686649918e-02,3.710264139877103684e+00
9.468622264040330805e+00,-4.290544112497896578e-01,-6.120796451634177154e-02,3.948897998575283008e+00,-7.903129127455196246e-01,2.721244619795071262e-01,1.999999416587080692e+00,2.390661877644696676e-02,3.771254011676895335e+00
9.626463299027795628e+00,-4.706917307515064985e-01,-6.131810166349521002e-02,4.009507082139284861e+00,-7.991249537960786187e-01,2.932462126227718402e-01,1.999999348611541716e+00,2.435395635389039914e-02,3.848310723218442142e+00
9.784304555741982767e+00,-5.118337719647074735e-01,-5.809901271847147525e-02,4.070798115949058271e+00,-8.102242218420117048e-01,3.175699017698092597e-01,1.999999263165448626e+00,2.097797426475209864e-02,3.949266163878465630e+00
9.942150251549977114e+00,-5.517301584158281758e-01,-5.077122193748639239e-02,4.133861260297301499e+00,-8.241626969729840546e-01,3.263283493865173912e-01,1.999999154366248533e+00,9.910903215777625355e-03,4.080495982168984348e+00
1.009999350767617088e+01,-5.895493592246657810e-01,-3.952541107534030679e-02,4.200462722577200658e+00,-8.472756642169777530e-01,2.824877490623372567e-01,1.999999015473279629e+00,-1.180268541704806474e-02,4.244148858644140709e+00
1.025783606785904745e+01,-6.248255994690686821e-01,-2.612712577339038403e-02,4.272978199655995013e+00,-8.568499680260319717e-01,1.845751871668444288e-01,1.999998838984063942e+00,-4.313764127175376967e-02,4.437284144660484486e+00
1.041566426524147460e+01,-6.567292010963939886e-01,-1.248729927855042263e-02,4.352882152115450154e+00,-8.629811299573063588e-01,-1.167033266570195738e-02,1.999998616965569909e+00,-8.607135172738299145e-02,4.648993105490802691e+00
1.057350347943974711e+01,-6.852863427743226543e-01,-2.188954839232167167e-03,4.441642131093884061e+00,-8.337212868264689547e-01,-2.920965464165704573e-01,1.999998339237924583e+00,-1.350002715584293356e-01,4.864944935182044183e+00
1.073133706317985769e+01,-7.101629810216384397e-01,1.895574209225580568e-03,4.538270263970610507e+00,-7.854510132965643043e-01,-6.949146474358799397e-01,1.999997989444453728e+00,-1.871158682074609281e-01,5.069738357064498047e+00
1.088916931738454252e+01,-7.320459926627949088e-01,-4.024632522777713689e-03,4.641124298175038909e+00,-6.828327785794744420e-01,-1.168925118681301889e+00,1.999997536312350332e+00,-2.298890502765104094e-01,5.253887273642344979e+00
1.104700447191966362e+01,-7.510836414747203982e-01,-2.154848167963228922e-02,4.744838770132629335e+00,-5.139594993388226785e-01,-1.655938834296193152e+00,1.999996917017647924e+00,-2.572736999278887882e-01,5.414532260796977248e+00
1.120483906410020936e+01,-7.673208118935971322e-01,-5.039343164200913577e-02,4.841373361980391365e+00,-2.583658384332187530e-01,-2.072425942445708991e+00,1.999996000359740567e+00,-2.659057023271051423e-01,5.556438915130459399e+00
1.136267225895295852e+01,-7.802085676779462187e-01,-8.792522196306258586e-02,4.920410583229733348e+00,5.125245064847568782e-02,-2.438139099039663638e+00,1.999994489902898964e+00,-2.591599567000073545e-01,5.684592440730662943e+00
1.152050649146960382e+01,-7.897493055084611191e-01,-1.322213668247041729e-01,4.974527877764550965e+00,3.892806886344218342e-01,-2.750007041179879153e+00,1.999991571527286016e+00,-2.331276259213747593e-01,5.802613755704016718e+00
1.167833735174868970e+01,-7.963170107828653199e-01,-1.812301206222929062e-01,4.999993866894465455e+00,7.597218152533400382e-01,-2.935376088331905997e+00,1.999984966990952184e+00,-1.516711825289397131e-01,5.916578224437814448e+00
1.183617038070603300e+01,-7.997826170793322920e-01,-2.299824551660720751e-01,4.999999706279266043e+00,1.131437744478555940e+00,-2.911462107211820083e+00,1.999989272497969539e+00,4.300020748549612110e-02,6.027353514713251315e+00
1.199400248571754801e+01,-7.999999764489279519e-01,-2.694008589950381283e-01,4.990234450355560014e+00,1.491648734323743231e+00,-2.363696553083206808e+00,1.999978212734319083e+00,1.240617646327258766e-01,6.141829708667597920e+00
1.215182945968079054e+01,-7.964388578548121655e-01,-2.916249408612953120e-01,4.985905978749480383e+00,1.773507300913839568e+00,-1.720325384510179578e+00,1.941365319788500798e+00,5.235810621479495275e-01,6.234377290278739991e+00
1.230965758393391951e+01,-7.882676695244864584e-01,-2.846847631038135762e-01,4.999999481874287888e+00,1.978500714708718355e+00,-1.372119912236888228e-01,-1.073960339939797892e+00,9.285730102683388554e-02,6.284579179706565988e+00
1.246748573893937007e+01,-7.750251257165198249e-01,-2.553753772157132951e-01,4.999999488888211552e+00,1.999999060465783796e+00,7.317400106430985152e-02,-1.167095643489666879e+00,3.212986851049539488e-02,6.199080941438933401e+00
1.262531513582266918e+01,-7.572580975098593958e-01,-2.244200450748842224e-01,4.999999504170445697e+00,1.999998709929140750e+00,8.484184697851789025e-02,-1.072396605082598597e+00,2.475328431873973986e-02,6.059531464501820786e+00
1.278314656896915480e+01,-7.349905243528541687e-01,-1.960107994815940002e-01,4.999999520873145364e+00,1.999998749027394718e+00,7.048759285514979989e-02,-8.925241623616972930e-01,1.713468471787984310e-02,5.887097297512061012e+00
1.294097618752468470e+01,-7.083519322991361777e-01,-1.719382122260857682e-01,4.999999539121912306e+00,1.999998773035862376e+00,4.193734245434894981e-02,-6.991601459527821971e-01,1.824475453595858498e-02,5.703240153120579414e+00
1.309881001642328791e+01,-6.777394639372994467e-01,-1.531584795574962021e-01,4.999999557102335679e+00,1.999998797475530443e+00,2.697977167002364035e-02,-4.989818733105107484e-01,1.499692970563354377e-02,5.530869960995425494e+00
1.325665828207898045e+01,-6.438206033037203735e-01,-1.398676588827660050e-01,4.999999573007628761e+00,1.999998816507434274e+00,1.517887472324265692e-02,9.989766381236613035e-02,-7.087823951413715906e-02,5.387534429772363076e+00
1.341450212660527619e+01,-6.076218155559202083e-01,-1.347849035416068819e-01,4.999999586811554764e+00,1.999998838354048347e+00,-2.020600373431460650e-01,-1.804507336813230500e+00,3.972437101552281358e-01,5.286024646388469250e+00
1.357234801495493137e+01,-5.687926639342069102e-01,-1.181940423268959400e-01,4.973311262764247509e+00,1.999999315994365645e+00,1.020447411545431393e+00,-1.999985532189114013e+00,5.235974684610203989e-01,5.174117315041397269e+00
1.373019021600012124e+01,-5.261846280355314542e-01,-6.300016439179674521e-02,4.999999515428719121e+00,1.808321848887800343e+00,2.476727303878623054e+00,-1.999988320450543755e+00,-3.091395167746800454e-01,5.068831429792665766e+00
1.388803479915067740e+01,-4.818626810672922423e-01,-1.913680850403867836e-03,4.999999852481383122e+00,1.431583726982373905e+00,1.486924850079530014e+00,-1.998725819135561466e+00,5.235978210098373165e-01,4.953413965732136326e+00
1.404588209699039858e+01,-4.364002420737141952e-01,6.685365990076390375e-02,4.998571706343476251e+00,1.135498918968760096e+00,2.909704529399207207e+00,-1.999987322900191211e+00,5.235979588863939327e-01,4.859983038988860748e+00
1.420372758606998786e+01,-3.882538135506306554e-01,1.786731875691033589e-01,4.999999840301402543e+00,6.121481878623133976e-01,4.043784624694755969e+00,8.877890764016915098e-03,5.235969095379724436e-01,4.763730702807109196e+00
1.436157186520450324e+01,-3.377953134673312152e-01,3.245805436564540569e-01,4.999999959388342852e+00,-4.901747228981880727e-02,4.870566331200350874e+00,1.999996611423087378e+00,8.778638980372849288e-02,4.711724292984367679e+00
1.451941480371977100e+01,-2.852943133653313978e-01,4.718240480988085128e-01,4.999999922790931528e+00,-7.770598154278053338e-01,4.183636718030823154e+00,1.999997925569481971e+00,-9.446615759749298069e-02,4.767822300205668995e+00
1.467725981667522639e+01,-2.319732959127132066e-01,5.867450849557502845e-01,4.936993819566210639e+00,-1.340605550551052350e+00,3.060956915438171055e+00,1.999997534803367394e+00,-1.667848566889082729e-01,4.817040741742750320e+00
1.483510419219275711e+01,-1.775754703925921107e-01,6.636639535027692993e-01,4.876610589847436117e+00,-1.704286541707646485e+00,1.978604225436198849e+00,1.999997021548504561e+00,-1.864277192130059380e-01,4.856896964466018041e+00
1.499294903194657458e+01,-1.219332153788905970e-01,7.064263418318277310e-01,4.853583263414229521e+00,-1.911906545814688663e+00,1.064183162431687535e+00,1.999996309610069023e+00,-1.450251532129504251e-01,4.902171773232407048e+00
1.515079552526056084e+01,-6.554806914267910511e-02,7.226212808853161862e-01,4.870077092883784431e+00,-1.993471411303356478e+00,4.962815651829090569e-01,1.999995246227611823e+00,-2.711528962630589679e-02,4.949117071209909291e+00
1.530863941851100662e+01,-8.682818987226597479e-03,7.253586942507056490e-01,4.898880739975769671e+00,-1.999999195501677152e+00,4.110444830489939916e-01,1.999993444897827377e+00,-1.929920573708227005e-02,4.988585442396198388e+00
1.546648138364089142e+01,4.824777314168197245e-02,7.225353368192147796e-01,4.927766507498292370e+00,-1.999989143975360095e+00,3.524122936934085959e-01,1.999989750203394312e+00,-3.022680625091477696e-02,5.046442648080889271e+00
1.562431973508963345e+01,1.042212026384435608e-01,7.136894213672508869e-01,4.957600260990423280e+00,-1.999995080939728220e+00,2.584113284797849297e-01,1.999978547833388687e+00,-1.801558628279780264e-02,5.129578326808519328e+00
1.578214310980001045e+01,1.581079778507856748e-01,6.988573316453390305e-01,4.986678839821496290e+00,-1.999997709205139973e+00,2.028684593080698206e-01,1.612245680883175991e+00,4.131627827901663587e-03,5.234020305105849147e+00
1.593997106120957774e+01,2.088082510917913803e-01,6.799533116182396864e-01,4.999999346339977890e+00,-1.999998087995932483e+00,2.132814896198762800e-01,1.260257668105813966e+00,1.297439497035889717e-03,5.338409971167028090e+00
1.609780420846664839e+01,2.555563965949079752e-01,6.585261837068697721e-01,4.999999308036493950e+00,-1.999999149065150972e+00,2.171090330540804414e-01,1.184314538002774864e+00,-2.764273140081317803e-02,5.433591205304066918e+00
1.625563363660890204e+01,2.980328596106832095e-01,6.342892624524231193e-01,4.999999283940676165e+00,-1.999999089446179212e+00,1.459698655388058375e-01,1.152177302714400442e+00,-1.189906282543713202e-02,5.522921176029260693e+00
1.641346420708794795e+01,3.361699109106033312e-01,6.079339829058988398e-01,4.999999256022970684e+00,-1.999999109171929801e+00,1.227524682817341672e-01,1.219467315932189155e+00,1.240596772298499170e-02,5.598874165973106720e+00
1.657129241472300407e+01,3.699657049048369339e-01,5.819841341319916816e-01,4.999999221365701629e+00,-1.999999121059915952e+00,1.630590146305277433e-01,1.121512634500553052e+00,-1.692977231262719068e-02,5.653831806571870899e+00
1.672912063245719949e+01,3.996474063340534899e-01,5.570977089395553472e-01,4.999999196782750843e+00,-1.999999137008570571e+00,1.287306364801084624e-01,1.019167703418377924e+00,-1.335295287758255303e-02,5.686103579522129969e+00
1.688695025496055635e+01,4.256456233512148080e-01,5.332031833373352958e-01,4.999999176151689539e+00,-1.999999155639308634e+00,1.061015663829911471e-01,9.351711685635054616e-01,-6.984841569500638801e-03,5.698045169850328939e+00
1.704478292046537291e+01,4.482605933032543510e-01,5.112228385022871135e-01,4.999999153368209548e+00,-1.999999176597329287e+00,1.017926034715746358e-01,8.609941694587238681e-01,-4.127701855665954003e-03,5.693771766811440926e+00
1.720262938423008592e+01,4.678459063055042111e-01,4.917533906592604365e-01,4.999999135961728847e+00,-1.999999197767952097e+00,1.054576141286582974e-01,5.577743076541429312e-01,-5.530055008020162005e-02,5.679702483012700753e+00
1.736046998658444451e+01,4.846584718888747867e-01,4.729868473562234277e-01,4.999994446398658532e+00,-1.999999276669671477e+00,-2.170161282847999848e-02,-1.999961090319674284e+00,1.166790312045039163e-01,5.663470601619723155e+00
1.751831324383365285e+01,4.987866145940662577e-01,4.586571877400433261e-01,4.912616728161938617e+00,-1.986604355181793347e+00,2.605069589835234956e-01,-1.999981766518059700e+00,-1.482096051489756594e-01,5.559054951018717716e+00
1.767615416437362796e+01,5.099798907619568222e-01,4.439748541071956711e-01,4.845758951310136453e+00,-1.999999293432705771e+00,-1.544684994942955858e-01,-1.999988274839856306e+00,5.235962775542143399e-01,5.490694789389954700e+00
1.783399548897952513e+01,5.184947581236674097e-01,4.338516678870261156e-01,4.704973594804481962e+00,-1.966059559401327261e+00,4.738852790400014947e-01,-1.999990997655725300e+00,-1.771284376763719304e-01,5.333737497772842673e+00
1.799183935235225462e+01,5.244659712386441353e-01,4.256151800671431618e-01,4.629949869936532458e+00,-1.999999449403754515e+00,-7.210021959584532458e-02,-1.999992772851910905e+00,5.235972360519725033e-01,5.271547341828958899e+00
1.814968180758339855e+01,5.280030821411877406e-01,4.193673951022398039e-01,4.479947312371765911e+00,-1.967670510888123170e+00,5.445651074610829978e-01,-1.999993724097603565e+00,-1.625456290185400832e-01,5.110381415432909691e+00
1.830752232617233233e+01,5.293445212579676040e-01,4.148300001958126204e-01,4.398275033076671114e+00,-1.999999551556901345e+00,2.210299124652536501e-02,-1.999994483705057613e+00,5.235976132025685903e-01,5.042182916286740202e+00
1.846536496035796659e+01,5.285859796093174134e-01,4.122521406503988906e-01,4.236517896392188121e+00,-1.969192648934871226e+00,6.212019862933396697e-01,-1.999994849635496452e+00,-1.431190651752300980e-01,4.870951880625184138e+00
1.862320750393788771e+01,5.259396522193519052e-01,4.117322396627824399e-01,4.145694843692143472e+00,-1.999999645594874309e+00,1.371442442796476924e-01,-1.999995162500103563e+00,5.235977776264403305e-01,4.793641184156738788e+00
1.878105137692154614e+01,5.214920698593255022e-01,4.134933621775802592e-01,3.968827949655089338e+00,-1.971661081342120481e+00,7.110583648491882736e-01,-1.999995138920989346e+00,-1.022738650213126932e-01,4.610578207705662734e+00
1.893889511915230273e+01,5.155107879799515347e-01,4.189013993649112200e-01,3.862587117031075490e+00,-1.999999701167693100e+00,3.325416126379683868e-01,-1.999994996139695891e+00,5.235977836343355118e-01,4.521292534409511177e+00
1.909673845965695094e+01,5.081079388690575849e-01,4.278284814256417823e-01,3.662424087260837791e+00,-1.976087268747211967e+00,8.603001557448309855e-01,-1.999994201875316513e+00,-4.911792735167912899e-02,4.324883770698969343e+00
1.925457844417674380e+01,4.996983376498199125e-01,4.422423032868816883e-01,3.530213941210616824e+00,-1.999999730658732489e+00,6.109557386743585949e-01,-1.999992363981011101e+00,5.235973813467222904e-01,4.220486607200312434e+00
1.941241843242822540e+01,4.903895641729381638e-01,4.613509826054185692e-01,3.295686679839117783e+00,-1.986169107875263684e+00,1.066787051104038264e+00,-1.999981183040883792e+00,4.577056662845253171e-02,4.011135882019356558e+00
1.957026488964968536e+01,4.804964489054798782e-01,4.893306217440445693e-01,3.115810013762241759e+00,-1.999999675862715209e+00,1.031428634031245739e+00,1.999981158788087798e+00,5.397726341162598779e-02,3.876052121115918236e+00
1.972810929973897132e+01,4.724706399605448914e-01,5.154316456900738253e-01,3.097514279391872183e+00,-1.999999797592940665e+00,1.017845783650199953e+00,1.999993974772735994e+00,3.789649337385475603e-02,3.889276413878751448e+00
1.988594961520657378e+01,4.678289609351001244e-01,5.379299281786384945e-01,3.082430879558269776e+00,-1.999999768255367627e+00,9.668930287059704920e-01,1.999996423919577992e+00,7.922542346530017654e-02,3.908086506209982769e+00
2.004378797962834469e+01,4.660768256471996551e-01,5.578406978713927877e-01,3.059637307912607351e+00,-1.999999830686400637e+00,1.019612583135131922e+00,1.999997471314041819e+00,6.436820487992243878e-02,3.920496732105811066e+00
2.020161358680221042e+01,4.665787254917674320e-01,5.763545960463016815e-01,3.034529613256369718e+00,-1.999999748164237312e+00,1.023171479864985134e+00,1.999998055313562340e+00,7.256189055882422689e-02,3.928501395247074868e+00
2.035944544404977563e+01,4.690838679274673129e-01,5.929437864473633413e-01,3.005622761434641799e+00,-1.999999817658975720e+00,1.041605663051599739e+00,1.999998429102285868e+00,5.649325171776169163e-02,3.928221940292599967e+00
2.051727480689138616e+01,4.732294073064965412e-01,6.075816220874794560e-01,2.977810192986813487e+00,-1.999999635739273529e+00,1.019459761727777192e+00,1.999998692454355131e+00,7.235106802670152049e-02,3.922781394356647411e+00
2.067510665892076460e+01,4.788126441574609427e-01,6.208449224997466542e-01,2.947129185819952202e+00,-1.999999781223180451e+00,1.035892070976215384e+00,1.999998891464481066e+00,7.805079316089263974e-02,3.908854301222072447e+00
2.083293757923996736e+01,4.856106467899675705e-01,6.343542229242687958e-01,2.913441977220696977e+00,-1.999999620908017306e+00,1.058871524776887618e+00,1.999999048343814145e+00,9.744537237749166525e-02,3.887546724850256652e+00
2.099076626665013734e+01,4.936374348092034681e-01,6.494630910298743176e-01,2.873317397185838562e+00,-1.999999872427502101e+00,1.114156042069775365e+00,1.999999170185060793e+00,7.611439141963056987e-02,3.857651127554694526e+00
2.114859806048661284e+01,5.029878999070818146e-01,6.660444599843814428e-01,2.834020115318033550e+00,-1.999998989930255044e+00,1.113887669977707828e+00,1.999999268865606750e+00,8.090020758369349807e-02,3.827421845496955299e+00
2.130643164556465408e+01,5.138970011257333326e-01,6.832465486837296931e-01,2.793689851082857611e+00,-1.999999074756939610e+00,1.124017959547159551e+00,1.999999356190010902e+00,1.013972469819393180e-01,3.796799498881611168e+00
2.146426099727144532e+01,5.264163712753624491e-01,7.021902829522338463e-01,2.747732587907876667e+00,-1.996862777747804962e+00,1.169243545851741395e+00,1.999999434403086029e+00,1.342460757802458882e-01,3.760299891296971619e+00
2.162209263772422929e+01,5.407480122225374330e-01,7.247410996708401054e-01,2.690430117291022771e+00,-1.992602351675048622e+00,1.261381642501830269e+00,1.999999504651589488e+00,1.661287676309584904e-01,3.715180192797931991e+00
2.177992429830322507e+01,5.571335012656707386e-01,7.526840563681644891e-01,2.618044744151978520e+00,-1.992233561983919099e+00,1.385511935783481530e+00,1.999999566366452930e+00,1.905163909120753674e-01,3.663991136094613132e+00
2.193775497726101875e+01,5.757485372032756787e-01,7.869377932851013835e-01,2.529054311219897766e+00,-1.995654403420668466e+00,1.518078896903448438e+00,1.999999619423954877e+00,2.062490053329354422e-01,3.610126506188361173e+00
2.209558625880726623e+01,5.967552710037290487e-01,8.272268808325791145e-01,2.423839252291439816e+00,-1.999999925039973370e+00,1.641349088657246602e+00,1.999999659240846439e+00,2.020958025960133964e-01,3.559884878282030929e+00
2.225341623487963005e+01,6.202213248081046570e-01,8.717545167612064105e-01,2.307134268892349738e+00,-1.999999910187609586e+00,1.731897988648945841e+00,1.999999685202419997e+00,1.866307663493194380e-01,3.524160928740780019e+00
2.241124771946251926e+01,6.460128429510447745e-01,9.171203280621947895e-01,2.184365507774142845e+00,-1.991739875407936067e+00,1.783545520525437356e+00,1.999999703974396414e+00,1.691845303911598264e-01,3.517430255225447500e+00
2.256907806326205801e+01,6.735190539019736411e-01,9.589400298727792649e-01,2.060155560663582630e+00,-1.974844856612069988e+00,1.801599150463584875e+00,1.999999718546849214e+00,1.469766513125081442e-01,3.557168183716073795e+00
2.272690868338902703e+01,7.014808976829669529e-01,9.922663959147990376e-01,1.940084464998985903e+00,-1.947418885166756430e+00,1.784377368128365005e+00,1.999999728108620589e+00,1.203385249270281787e-01,3.657740467731894540e+00
2.288472357994913509e+01,7.282690180469563179e-01,1.012115411161225831e+00,1.830135330012840456e+00,-1.910230875874837864e+00,1.731872483359923942e+00,1.999999732407848230e+00,8.966327316659623847e-02,3.829503225431325042e+00
2.304244539610289877e+01,7.522071847606860429e-01,1.014504670878670689e+00,1.735504065286312958e+00,-1.870970431920860433e+00,1.646690239211072049e+00,1.999999731818949744e+00,5.492866103357878227e-02,4.076953245116452962e+00
2.320007915100308082e+01,7.718415213965750254e-01,9.973858504393648960e-01,1.659284648907855653e+00,-1.832186051348079436e+00,1.528571960984535849e+00,1.999999728942603694e+00,1.776562502691702433e-02,4.373784863045688809e+00
2.335776240379344415e+01,7.864107824103276911e-01,9.611377221521979486e-01,1.602385243617368005e+00,-1.796953692491837895e+00,1.379388426772987453e+00,1.999999727791740511e+00,-1.977777506833970633e-02,4.665189633940201475e+00
2.351543549955964707e+01,7.957454976908727717e-01,9.082107750178428640e-01,1.563997911390186735e+00,-1.764940195312350246e+00,1.200548999123733029e+00,1.999999732770680883e+00,-5.495488645394357163e-02,4.875893451328201955e+00
2.367310658013312974e+01,8.000000046068367343e-01,8.420735814466522307e-01,1.542857107743175638e+00,-1.732331316681828381e+00,9.929014454601846618e-01,1.999999740330807407e+00,-8.385025063886042407e-02,4.944517399294705129e+00
2.383078259157212742e+01,7.993597457165010356e-01,7.660291741799394316e-01,1.538159891443029004e+00,-1.692596132075486093e+00,7.593505194831849936e-01,1.999999750278587340e+00,-1.036598464666040609e-01,4.854506287848820101e+00
2.398846182048627540e+01,7.939110084242516630e-01,6.824159525073951738e-01,1.549963777678349475e+00,-1.638221358275652850e+00,5.059790761614699761e-01,1.999999766328161455e+00,-1.123878670903410010e-01,4.633414120842848760e+00
2.414615288732226261e+01,7.836796894843943706e-01,5.924477306820279399e-01,1.578694423555228266e+00,-1.562399890600389973e+00,2.451980370322468794e-01,1.999999785677836206e+00,-1.076147768393501680e-01,4.327640055065073987e+00
2.430388086077191190e+01,7.687393729409012222e-01,4.967687931111495758e-01,1.623829460984156370e+00,-1.460038846196501261e+00,2.468812822744612372e-03,1.999999805964122634e+00,-8.765198461952720954e-02,3.980606363544250126e+00
2.446158990947670731e+01,7.493091722419643608e-01,3.966401052116523274e-01,1.682355458175748941e+00,-1.329538486824436649e+00,-1.800090502393693614e-01,1.999999825565477840e+00,-5.244786388642886515e-02,3.626613899018516829e+00
2.461931191699610011e+01,7.258016916970823074e-01,2.955184518863919751e-01,1.747788865597379226e+00,-1.175679708294491643e+00,-2.480175678262784844e-01,1.999999843489205231e+00,-4.927800836010125252e-03,3.292267365153112912e+00
2.477704546314851441e+01,6.988180529398509977e-01,2.003299195547535161e-01,1.811284576985219053e+00,-1.012056291098120120e+00,-1.585723372029959610e-01,1.999999859208807296e+00,4.781545340284420326e-02,2.997367519493641552e+00
2.493479114948413056e+01,6.691331492793995972e-01,1.209249395751979261e-01,1.865672144801795662e+00,-8.592596114426720444e-01,8.182913066050578887e-02,1.999999872470157980e+00,9.522761932809466201e-02,2.754470262184600227e+00
2.509255352199869904e+01,6.377428980451829155e-01,6.665002209026739399e-02,1.909746379546653383e+00,-7.358327884678725894e-01,4.010997228620392097e-01,1.999999883097510978e+00,1.274792956217388196e-01,2.569383483291802772e+00
2.525032557084151819e+01,6.060117411341006122e-01,4.181287899988239687e-02,1.948282143504222796e+00,-6.507299122593718232e-01,6.973333470702425263e-01,1.999999890917959045e+00,1.400661549073662915e-01,2.442815885599098014e+00
2.540817478931076678e+01,5.756313976798852483e-01,4.359977776154358442e-02,1.988143733592095286e+00,-6.002698416772188628e-01,8.953277421870066144e-01,1.999999895857963228e+00,1.357333980850640720e-01,2.370700647238020764e+00
2.556602607299809549e+01,5.483725966634199755e-01,6.403882474291154592e-02,2.034640764576137073e+00,-5.729804576605309618e-01,9.749080911020120421e-01,1.999999898039191315e+00,1.216040832030906849e-01,2.345038168781962806e+00
2.572386043152399893e+01,5.257264706820355959e-01,9.401521791546636753e-02,2.090250122575862957e+00,-5.579065912751295375e-01,9.594939004166491703e-01,1.999999897772358759e+00,1.042987712622979318e-01,2.355871697887800487e+00
2.588169951821300785e+01,5.085746166886975228e-01,1.262599240644422527e-01,2.154953593121107236e+00,-5.485727159601490044e-01,8.878249334081043109e-01,1.999999895462313049e+00,8.769662621197042707e-02,2.393461041761794306e+00
2.603954017059215431e+01,4.970863060193807526e-01,1.562537778166822877e-01,2.227154898181113563e+00,-5.405373961412719419e-01,7.948875635142836904e-01,1.999999891522681983e+00,7.364202836171505895e-02,2.449245210836206166e+00
2.619737851638404180e+01,4.909589789635394053e-01,1.819316512202922287e-01,2.304657947324878275e+00,-5.327479626932637435e-01,7.022167179070725185e-01,1.999999886304599128e+00,6.206135527208144625e-02,2.516606388508860981e+00
2.635521658650501919e+01,4.895845748301222988e-01,2.027399064433072773e-01,2.385428257033144650e+00,-5.252668524822227125e-01,6.183279852464026449e-01,1.999999880075696179e+00,5.238849038440124978e-02,2.590811489823765079e+00
2.651305429342887621e+01,4.922328485798284636e-01,2.188589117096264580e-01,2.467937620542523192e+00,-5.185149874708825379e-01,5.441284771195390446e-01,1.999999873011293561e+00,4.418450405761593230e-02,2.668942185794311861e+00
2.667089543531610119e+01,4.981604603188457547e-01,2.307283764532678527e-01,2.551148121134923397e+00,-5.120239925485053911e-01,4.790746024399962222e-01,1.999999865206064653e+00,3.741240628494420239e-02,2.749491382028837361e+00
2.682873911648224663e+01,5.067028532634928473e-01,2.388732471430175530e-01,2.634309664262554307e+00,-5.056142583313790739e-01,4.224593515960606283e-01,1.999999856666387243e+00,3.196188684480893299e-02,2.832412263070446468e+00
2.698657884944075391e+01,5.172631650861263530e-01,2.437269540141318303e-01,2.716767837470057678e+00,-4.991923876431507145e-01,3.738300566863447250e-01,1.999999847313285617e+00,2.768130839711082855e-02,2.918939124176566757e+00
2.714441982942778608e+01,5.292823581039466374e-01,2.455114793357366376e-01,2.797800341492477028e+00,-4.928587435125621474e-01,3.327221743503265827e-01,1.999999836987879753e+00,2.432443647231852940e-02,3.011378377402706974e+00
2.730226373804595497e+01,5.421892103309204902e-01,2.441512299581093670e-01,2.876524044878470576e+00,-4.868911636059791159e-01,2.982478700409551542e-01,1.999999825482694726e+00,2.158957116343594718e-02,3.112494806443489193e+00
2.746010359966692960e+01,5.553521828580011421e-01,2.392625687630197118e-01,2.951910813891680530e+00,-4.816224300418164850e-01,2.690316799467617481e-01,1.999999812612166306e+00,1.921675187368157914e-02,3.224360491046278643e+00
2.761794303881044854e+01,5.680582802296185729e-01,2.302633471674693788e-01,3.022931487450630339e+00,-4.764742588516593935e-01,2.446651649275290719e-01,1.999999798328812695e+00,1.702675017011567524e-02,3.346626158311877042e+00
2.777578333402070143e+01,5.795706599507188805e-01,2.166342191958063879e-01,3.088794232303974763e+00,-4.723133683472160449e-01,2.217566314762537960e-01,1.999999782803043136e+00,1.461757441297904282e-02,3.475703486368701522e+00
2.793362027273680681e+01,5.891234961708287088e-01,1.980308790626973681e-01,3.149253450483923356e+00,-4.683511236333725014e-01,1.992307239716540890e-01,1.999999766527593259e+00,1.206017327272310320e-02,3.603498048300985968e+00
2.809142046652110380e+01,5.960490323450716721e-01,1.746118421626472184e-01,3.204700979030633778e+00,-4.652144381634207293e-01,1.742774831512057532e-01,1.999999750210550209e+00,9.356414637118937866e-03,3.719453181693249899e+00
2.824923585368508583e+01,5.997714410053639478e-01,1.469998044472686782e-01,3.256148021745776333e+00,-4.614117163954663536e-01,1.487000233393957482e-01,1.999999734588187694e+00,7.006132368183625066e-03,3.813179152782230741e+00
2.840706856414562509e+01,5.998975730142411811e-01,1.163347617456337718e-01,3.304925572727107852e+00,-4.570562182909984617e-01,1.228388540987853661e-01,1.999999720089086663e+00,5.149456760409241822e-03,3.879050346132203675e+00
2.856489107469202793e+01,5.961518005662278519e-01,8.391485943921025981e-02,3.352437868576369162e+00,-4.512188521421832688e-01,9.944462461839101430e-02,1.999999706689512546e+00,4.049237471078799035e-03,3.917576816537179596e+00
2.872271485097639854e+01,5.883949824485602553e-01,5.101920532798930041e-02,3.399871165354170444e+00,-4.437316665949238570e-01,8.035585327533951994e-02,1.999999693937811296e+00,3.579569001101740120e-03,3.934593004296003116e+00
2.888053977336812750e+01,5.765882940986627458e-01,1.866772683068258429e-02,3.448069211957204505e+00,-4.349134267439603851e-01,6.586488440021591451e-02,1.999999681166052756e+00,3.370569580360238075e-03,3.938072687497794711e+00
2.903836672366645288e+01,5.607643953134493486e-01,-1.249798498219473371e-02,3.497522305262790621e+00,-4.251549382747462635e-01,5.511734488557001876e-02,1.999999667717904828e+00,2.948564256803430390e-03,3.935050508616998233e+00
2.919619899487317127e+01,5.410040185607816188e-01,-4.220196809493972218e-02,3.548443327874828412e+00,-4.169005686602014760e-01,4.265834120897311899e-02,1.999999653085660745e+00,1.931472431672669882e-03,3.930052380554942548e+00
2.935403202994575622e+01,5.173301962894197858e-01,-7.057121701519715462e-02,3.600927371818961831e+00,-4.094184555217668109e-01,2.941844498947279729e-02,1.999999636900138267e+00,9.770629906793726338e-04,3.925213049771032470e+00
2.951186846244221584e+01,4.897849093359880612e-01,-9.773454774873795159e-02,3.654911161764739624e+00,-4.007117659457785086e-01,1.979714567681186560e-02,1.999999618832914550e+00,6.229679763530578509e-04,3.921516770417385889e+00
2.966970253199122354e+01,4.584794552254686240e-01,-1.236532967810120842e-01,3.710204748796456009e+00,-3.918873902190663783e-01,1.260648818171573697e-02,1.999999598563881431e+00,6.242354540764041924e-04,3.919247775378730037e+00
2.982753759913666158e+01,4.234978119527446627e-01,-1.483492995673029446e-01,3.766642601185588468e+00,-3.829836079052690301e-01,7.972232600763585683e-03,1.999999575717038791e+00,8.673963103573486405e-04,3.918491052236932948e+00
2.998537262562769357e+01,3.849288540502479594e-01,-1.718414419775566859e-01,3.824068947696803278e+00,-3.764674066927128360e-01,1.905460050806877898e-03,1.999999549886355865e+00,1.121912421037675510e-03,3.918807996985547604e+00
3.014320706128485838e+01,3.427708593717853081e-01,-1.942931899919246308e-01,3.882402926535356791e+00,-3.707465202493552270e-01,-1.234182536398334938e-03,1.999999520498540351e+00,1.805017879273637747e-03,3.920152565034854764e+00
3.030104821502489898e+01,2.970684189589044566e-01,-2.156691595336110434e-01,3.941499710099245046e+00,-3.668280245435585063e-01,-1.126827730969377642e-03,1.999999486864801668e+00,2.504671183246857773e-03,3.922116744307155844e+00
3.045888816004092448e+01,2.478378928004771886e-01,-2.359318542352148995e-01,4.001264176535023864e+00,-3.654301701002155012e-01,1.422473473481628090e-03,1.999999448082879994e+00,2.623524449391427624e-03,3.924216453357102008e+00
3.061672655840354906e+01,1.950787758896570523e-01,-2.550631367562980478e-01,4.061707652701048055e+00,-3.633842430141049906e-01,9.391554819398075307e-03,1.999999402782328461e+00,9.523067630220762806e-04,3.926972935178712376e+00
3.077456716890862509e+01,1.389283851749947840e-01,-2.729210391461560636e-01,4.122991774439914714e+00,-3.622189307487168608e-01,9.251794423918886789e-03,1.999999349166028395e+00,-5.623980986221243338e-03,3.930610198144494305e+00
3.093240901672077925e+01,7.950243253214013539e-02,-2.898741692103918299e-01,4.185817244040105578e+00,-3.644089278455854286e-01,-2.516518220089037153e-02,1.999999284694395918e+00,-1.975069783201357371e-02,3.935939384145867415e+00
3.109024762592622437e+01,1.679742395894284410e-02,-3.071050079976621605e-01,4.251578641225230548e+00,-3.582105966141581055e-01,-1.027482380774776133e-01,1.999999204905593020e+00,-4.216728424490088362e-02,3.949188090955056740e+00
3.124808739612432973e+01,-4.883231244338839816e-02,-3.258135637649088867e-01,4.321790349046704449e+00,-3.406136786265677729e-01,-2.546017728206058095e-01,1.999999103791027633e+00,-7.411726771465264318e-02,3.976632801082589541e+00
3.140593040923509704e+01,-1.170062558331602665e-01,-3.480505209826832425e-01,4.397778878561735993e+00,-2.984444402195371437e-01,-4.957662167872593506e-01,1.999998972286726850e+00,-1.122682618595533255e-01,4.027536643857524190e+00
3.156377087412647242e+01,-1.870468943859691646e-01,-3.758200762237071668e-01,4.479198085214852298e+00,-2.208022288785158049e-01,-8.283449866455547816e-01,1.999998797664997552e+00,-1.496207329985610457e-01,4.109062595374220805e+00
3.172161405417166691e+01,-2.581180543554887352e-01,-4.104553894454215368e-01,4.563011263174812093e+00,-8.749187366064915816e-02,-1.201793952625699102e+00,1.999998559931953190e+00,-1.762120686970694017e-01,4.229288525577105773e+00
3.187945000792729289e+01,-3.288580984283844821e-01,-4.509120000045608867e-01,4.642941475999308842e+00,1.082150678197805610e-01,-1.553263171981094537e+00,1.999998229015675921e+00,-1.858435044603217456e-01,4.391307611830272961e+00
3.203727919109874023e+01,-3.976731038946916263e-01,-4.942310275961342980e-01,4.711593932387143191e+00,3.588835415699294651e-01,-1.829321814176939842e+00,1.999997758696819616e+00,-1.764333670463121562e-01,4.592782578339117627e+00
3.219511426296599410e+01,-4.630600542933666075e-01,-5.366154790263496510e-01,4.763639670030047846e+00,6.457987284942247053e-01,-1.996248498232369828e+00,1.999997075063041585e+00,-1.486739666109849478e-01,4.827365378869669321e+00
3.235294305054934938e+01,-5.238562655951304325e-01,-5.742969369626069742e-01,4.798253630944241621e+00,9.331528757752112213e-01,-2.075310912523963935e+00,1.999996054948609769e+00,-1.040678921919358513e-01,5.081435273879022496e+00
3.251077062110528715e+01,-5.796672244365206339e-01,-6.049340713762036970e-01,4.819320980676712551e+00,1.209606510592962536e+00,-2.034216054192377054e+00,1.999994451633863024e+00,-3.826483855936727713e-02,5.356284449581248275e+00
3.266859622459273282e+01,-6.301069096115189394e-01,-6.252542619638689070e-01,4.834931374113617508e+00,1.476879314114929009e+00,-1.803175478072546412e+00,1.999991700673752426e+00,5.318819175511701330e-02,5.666884358796044907e+00
3.282642444395244041e+01,-6.743282230366348662e-01,-6.302190716935313075e-01,4.857382489173307505e+00,1.696159179281135465e+00,-1.409454303259013441e+00,1.999986220324833752e+00,1.645363073695781386e-01,5.997933677849964340e+00
3.298424709565355784e+01,-7.120585980158543604e-01,-6.166657176381054040e-01,4.898269845815140577e+00,1.872105977111220732e+00,-7.820846732306296900e-01,1.999970122461886657e+00,2.844222178029599535e-01,6.342594059193113587e+00
3.314206048630258294e+01,-7.427366894913756123e-01,-5.812865603944593618e-01,4.968064751668353374e+00,1.977054845134598171e+00,3.228487350650450366e-02,-6.553058488812953941e-01,1.173570414453072308e-01,6.651962681029137237e+00
3.329982419201258637e+01,-7.664932886890019059e-01,-5.320318775129644351e-01,4.998527004478190428e+00,1.999998430648938452e+00,2.747428909118044826e-01,-1.999967582478118677e+00,3.582700756212356397e-02,6.787582315899065577e+00
3.345760730243782177e+01,-7.836770599697522321e-01,-4.804631578106701717e-01,4.999999668803435604e+00,1.999996486316451882e+00,2.780184154739813729e-01,-1.969114058000271283e+00,3.157173230366344674e-02,6.763457302862940779e+00
3.361539132028904930e+01,-7.947029634591674663e-01,-4.315082509557133794e-01,4.999999290011758468e+00,1.999999263660943827e+00,2.571680436046454021e-01,-1.773356561398187869e+00,2.577332120785306296e-02,6.634867887068645942e+00
3.377324524756173929e+01,-7.999999797228635190e-01,-3.872614958711930178e-01,4.999999380550039341e+00,1.999998556851067644e+00,2.225792974873286312e-01,-1.542656765376818395e+00,2.526357309393920808e-02,6.442249082093558954e+00
3.393108025480361079e+01,-7.999998810603949906e-01,-3.488817146716670647e-01,4.999999470498620369e+00,1.999998706876518595e+00,1.943726419705868458e-01,-1.288160507341418626e+00,1.903086826566839987e-02,6.228610123051440794e+00
3.408891473863642574e+01,-7.951892861600110551e-01,-3.167416691646967597e-01,4.999999505237902930e+00,1.999999045782338225e+00,1.621994363516577609e-01,-9.862600996122985464e-01,2.604190167200973269e-03,6.025153963067516827e+00
3.424675311238344477e+01,-7.861374905623296216e-01,-2.911053367239643253e-01,4.999999528528197068e+00,1.999999093831594577e+00,9.739706254782849737e-02,-7.980365288313530092e-01,2.061965678181322190e-02,5.847680223855602044e+00
3.440459406562189315e+01,-7.734596096170697210e-01,-2.712515410296410523e-01,4.999999550349823352e+00,1.999999089801839602e+00,7.822166485959132498e-02,-5.481816312141548631e-01,2.695009525611935432e-03,5.700114149699639476e+00
3.456244068825660065e+01,-7.579011210279760213e-01,-2.566411289601431278e-01,4.999999568046639808e+00,1.999999082049594756e+00,2.593092226135212258e-02,2.520355248935456927e-01,-1.154336366402822917e-01,5.580666266777540407e+00
3.472028354675438777e+01,-7.403671212129835366e-01,-2.507439093766674065e-01,4.999999585129101476e+00,1.999999072179767801e+00,-2.799215670583939941e-01,-7.799698576188369703e-01,4.913620273135024252e-01,5.488878855537545398e+00
3.487812822665672741e+01,-7.203221156331526265e-01,-2.307639424457008648e-01,4.999999570345877054e+00,1.999999223098444467e+00,1.182817760611072133e+00,-1.999843655329044845e+00,-3.400161416988055074e-01,5.404645130464587055e+00
3.503597252300145470e+01,-6.983970091653418644e-01,-2.028606922772221988e-01,4.952711433272860120e+00,1.797413009567587316e+00,4.513876176572423349e-01,-1.999987422446223961e+00,5.235965269568376712e-01,5.239979602004889436e+00
3.519381709499616306e+01,-6.753462206114166921e-01,-1.635555083090783346e-01,4.940393658039017311e+00,1.632012467089714702e+00,1.992785772589529936e+00,-1.999993721264964774e+00,5.235976312376422470e-01,5.129764467195031763e+00
3.535166130172920163e+01,-6.504075445971893021e-01,-8.051260765627314686e-02,4.977468222189040503e+00,1.216786367286351700e+00,3.302940855181716984e+00,-1.999995896135637441e+00,5.235981089681872591e-01,5.024463264890222547e+00
3.550950690676879162e+01,-6.243589813191133819e-01,4.063962635258353689e-02,4.999999949634328367e+00,6.055644769084135293e-01,4.339771799468786995e+00,-4.695922126455213952e-02,5.235959634870637203e-01,4.922492621960257608e+00
3.566735194450732394e+01,-5.973814199650189227e-01,1.914809947696424208e-01,4.999999956464042938e+00,-1.209446684570589792e-01,5.072744043967993832e+00,1.999996459559560069e+00,5.725347932394277833e-02,4.875917600818827857e+00
3.582519464284396093e+01,-5.697890178753276524e-01,3.393819684676687154e-01,4.989219126544606198e+00,-8.733694942819741902e-01,4.292901097308623903e+00,1.999995519827232782e+00,-1.499378601038145187e-01,4.936700287630882755e+00
3.598303981118935724e+01,-5.421249690885887595e-01,4.522273755462479228e-01,4.917244385054944544e+00,-1.455206017802265439e+00,3.038705515698776782e+00,1.999994193052986535e+00,-2.963361828066881642e-01,5.000402230840223616e+00
3.614088518068047762e+01,-5.145625863164769997e-01,5.208784604305961574e-01,4.859276385327139458e+00,-1.833102006876405232e+00,1.600721835329819376e+00,1.999992084020582706e+00,-3.204905815625103127e-01,5.070641785928564182e+00
3.629873065422975031e+01,-4.874432156234119184e-01,5.470956778210429583e-01,4.864572011425697617e+00,-1.991155615222762298e+00,3.948384103697452074e-01,1.999987866016644800e+00,-5.046319833820058637e-02,5.136677539449143737e+00
3.645657469768858050e+01,-4.597325344460615471e-01,5.528798844426696668e-01,4.908441858680048675e+00,-1.999999427482423098e+00,2.512612879543406619e-01,1.999975107655719064e+00,-2.784919084267153261e-02,5.177003127248122283e+00
3.661441941855960636e+01,-4.308250145707189782e-01,5.555432148369007228e-01,4.956672787908509292e+00,-1.999997726990248914e+00,1.796196878934114283e-01,1.750386368696363881e+00,-2.165694866015624789e-02,5.218710246401667696e+00
3.677226448978874629e+01,-4.010183236315699173e-01,5.564172979079762271e-01,4.999999242568224034e+00,-1.999998614077124648e+00,1.286811052746145989e-01,2.741581129650187409e-01,-1.345272226563021430e-02,5.257241592222233528e+00
3.693010890316880079e+01,-3.708570077379722552e-01,5.561471175902447106e-01,4.999999204015116661e+00,-1.999999179046728637e+00,1.050002241554456733e-01,-1.785219020780183685e+00,1.422740995916190777e-02,5.259172914883618155e+00
3.708795221871891812e+01,-3.410440293720465865e-01,5.562075236716180759e-01,4.934345139101994349e+00,-1.999998864421437927e+00,1.569007460773551021e-01,-1.999971494309854547e+00,-1.207640582855193101e-01,5.203637506332484897e+00
3.724579615911209629e+01,-3.122879465792645082e-01,5.513958446073853326e-01,4.877351918855066693e+00,-1.999998798168061365e+00,-1.845708034595939240e-01,-1.999985843240030148e+00,5.235957818731591384e-01,5.157267822000372703e+00
3.740364118990326858e+01,-2.845359934995602136e-01,5.513977966533313291e-01,4.737206373097284207e+00,-1.964047670492273578e+00,4.921859614237502623e-01,-1.999990003113859993e+00,-1.754729357195597694e-01,5.015658034780590135e+00
3.756148533004500933e+01,-2.579831973561096947e-01,5.518106598940971663e-01,4.664925892111871697e+00,-1.999999440995981370e+00,-8.598084397002719870e-02,-1.999992321937675621e+00,5.235971432808735893e-01,4.966998845375781180e+00
3.771933008549329713e+01,-2.327533476668769419e-01,5.526916013900720070e-01,4.511155680214724129e+00,-1.966343975636459573e+00,5.742292163676675498e-01,-1.999993445484437693e+00,-1.571710701455792669e-01,4.813306149686143343e+00
3.787717488991119552e+01,-2.088790883265244924e-01,5.538008024225434811e-01,4.427084688063231965e+00,-1.999999554197215978e+00,3.241083838289128549e-02,-1.999994279005647302e+00,5.235975746686117871e-01,4.754488244988730017e+00
3.803501794845048067e+01,-1.865240407106626974e-01,5.553611855630687932e-01,4.255785466748732482e+00,-1.969644847315761726e+00,6.702252772236825251e-01,-1.999994595854417634e+00,-1.319039578802874146e-01,4.591474747460860151e+00
3.819285850063162258e+01,-1.657943437432750355e-01,5.579235037713023981e-01,4.156103588356268475e+00,-1.999999652690748198e+00,1.869758693788144410e-01,-1.999994814261348397e+00,5.235977143332638528e-01,4.522483283794261233e+00
3.835069919423160201e+01,-1.467300281676446327e-01,5.619101522975342711e-01,3.963046778865302766e+00,-1.972592767653538859e+00,7.897976729482574232e-01,-1.999994509383516084e+00,-8.602377718894764491e-02,4.347258986592351881e+00
3.850854007321307648e+01,-1.292840581827150170e-01,5.695357057470942230e-01,3.840897468274578230e+00,-1.999999716680028961e+00,4.300839685212998198e-01,-1.999993839488186431e+00,5.235975883671697417e-01,4.260878836040713047e+00
3.866638242883720977e+01,-1.133274268872292434e-01,5.809923005373031080e-01,3.617689887081553479e+00,-1.976157421954302551e+00,9.717385332912288343e-01,-1.999990984991499632e+00,2.994785981716971066e-02,4.063757370710165517e+00
3.882422067511659947e+01,-9.829591467272175143e-02,6.027532233006609452e-01,3.448863308149705098e+00,-1.999999623919284319e+00,9.217178103976724213e-01,-1.999968280459441861e+00,8.140998032715061894e-02,3.936573137942219081e+00
3.898206298985405738e+01,-8.356209902648115140e-02,6.263998305574791647e-01,3.265204535488798410e+00,-1.999999588084734770e+00,1.004081291207638449e+00,1.999986694925881103e+00,5.774724224072895484e-02,3.786145856335225268e+00
3.913990446834989001e+01,-6.687945300716438557e-02,6.527416248824100542e-01,3.246880392871729804e+00,-1.999999794908162931e+00,1.014450027160660683e+00,1.999994952859054154e+00,5.610818783509353980e-02,3.768810954140439762e+00
3.929774418720808882e+01,-4.632530491444902115e-02,6.795272071469398156e-01,3.228109303370797267e+00,-1.999999804325888642e+00,1.018289562742626719e+00,1.999996961884725755e+00,5.929600455257893338e-02,3.750346932229193797e+00
3.945558651328734356e+01,-2.183143599801303653e-02,7.067773293943424573e-01,3.208185472826152740e+00,-1.999999798357541492e+00,1.028741102517828132e+00,1.999997866166123517e+00,6.405107068148099825e-02,3.730172651384163096e+00
3.961342727882070136e+01,6.654089685663521804e-03,7.348350179097606905e-01,3.186150901683567405e+00,-1.999999807038564725e+00,1.047719010031485487e+00,1.999998379640382629e+00,5.992698490154266255e-02,3.707405504918670491e+00
3.977126888224721313e+01,3.920486437189560358e-02,7.635459166406761700e-01,3.163514483488516049e+00,-1.999999743713152478e+00,1.051411768341993458e+00,1.999998713454262944e+00,7.520979977521116688e-02,3.683349459179875662e+00
3.992910852816475398e+01,7.593030876031697796e-02,7.933226750790519644e-01,3.136452325184908130e+00,-1.999999818671405860e+00,1.090056443052535240e+00,1.999998947323172072e+00,7.222354664453542461e-02,3.655224681756597871e+00
4.008694747790385549e+01,1.168740776635650430e-01,8.244993314742713464e-01,3.106672294212713403e+00,-1.999999705432541353e+00,1.111433364840631155e+00,1.999999120803739538e+00,8.294729985943362360e-02,3.624743284875099114e+00
4.024478829820817793e+01,1.621779036351018166e-01,8.568991973744176649e-01,3.071701352107197192e+00,-1.999999825769515072e+00,1.152251907017693089e+00,1.999999253099408181e+00,7.424550731919009328e-02,3.592182712826298641e+00
4.040262780474477466e+01,2.118037192335252561e-01,8.897860142619067325e-01,3.034562389516977099e+00,-1.999998909978563333e+00,1.162808091184839299e+00,1.999999358696555207e+00,9.692961096000966836e-02,3.563853363966468901e+00
4.056046869375885677e+01,2.655889237487654708e-01,9.227392455393282900e-01,2.988692325824587659e+00,-1.999999830093282194e+00,1.222435473810842943e+00,1.999999442893930279e+00,9.876417638023993195e-02,3.541607857380083324e+00
4.071830953737347869e+01,3.229261899940508718e-01,9.554247818985031060e-01,2.934688692821140421e+00,-1.999999771382599434e+00,1.271087337863128663e+00,1.999999507318925396e+00,9.078056940081380422e-02,3.533584565243566011e+00
4.087614577598557020e+01,3.829533650539951872e-01,9.852562024517015349e-01,2.875321016443058042e+00,-1.999987817542145274e+00,1.290645487454955997e+00,1.999999558479455208e+00,9.971135850400410228e-02,3.552816350438023907e+00
4.103398418101491529e+01,4.442408518000833251e-01,1.010031048730976266e+00,2.808094349257817868e+00,-1.999999750424965583e+00,1.324072938486438034e+00,1.999999597315127442e+00,9.885424803997713838e-02,3.607925228596759570e+00
4.119180438870476735e+01,5.048352167146092917e-01,1.028065066685629692e+00,2.734761594214965896e+00,-1.999997430385314967e+00,1.345941236886629255e+00,1.999999625282424143e+00,1.043341988655709512e-01,3.706315952337756237e+00
4.134957200271385602e+01,5.627194351743913803e-01,1.037815375400297668e+00,2.655690006756358912e+00,-1.999999883993675676e+00,1.370456715193162145e+00,1.999999642790689647e+00,8.456556203198020705e-02,3.849901451959863330e+00
4.150735191220245213e+01,6.160494955821544938e-01,1.037639833651597288e+00,2.578274119298675338e+00,-1.999999397665953138e+00,1.350065442887784517e+00,1.999999651843241022e+00,6.505081209892132899e-02,4.040338074041625482e+00
4.166512217822480579e+01,6.634853100738672405e-01,1.025934004811523526e+00,2.506816667953452260e+00,-1.999999635133674403e+00,1.296742507196234406e+00,1.999999655799769682e+00,4.101959913149191839e-02,4.274072887942574894e+00
4.182288239341202996e+01,7.041377841606237808e-01,1.002109854980447468e+00,2.444950215700365970e+00,-1.999513225614643730e+00,1.210018362063475017e+00,1.999999656553186789e+00,2.450831267624803064e-02,4.543094191907836255e+00
4.198063410362271242e+01,7.376007544352510825e-01,9.664789730612204366e-01,2.393053235876294149e+00,-1.999999508148798233e+00,1.111455002541738901e+00,1.999999655385118258e+00,8.112707550429360329e-03,4.837769266952160585e+00
4.213837586130882329e+01,7.637498874117032432e-01,9.199556057421314215e-01,2.351061004349960903e+00,-1.999999169523131393e+00,1.002894468587463672e+00,1.999999653480219797e+00,-2.851239390864166324e-03,5.142606371524821363e+00
4.229612467833687361e+01,7.827237187470884594e-01,8.636063380327007044e-01,2.317730767530615577e+00,-1.999799986527919238e+00,8.953198542299798390e-01,1.999999652567234776e+00,-5.090197626737985592e-03,5.440317336338440946e+00
4.245384495039485273e+01,7.947392081479870418e-01,7.987377055132510728e-01,2.290834597193609934e+00,-1.999999588970078568e+00,8.019471196926009071e-01,1.999999653936620492e+00,-7.091943121759244038e-03,5.706794084888309193e+00
4.261155897139315840e+01,8.000000050578174315e-01,7.266776556780621954e-01,2.268968106392758699e+00,-1.999999940888119720e+00,7.195014708083370403e-01,1.999999650451369293e+00,-3.623216277536357721e-02,5.910788112341096578e+00
4.276926014939061105e+01,7.986486416270718314e-01,6.480473799654389300e-01,2.254739711593525264e+00,-1.999999901456519069e+00,6.051589472624082644e-01,1.999999642304267633e+00,-7.559211101868977545e-02,6.025458667993588868e+00
4.292695876219142548e+01,7.906607736405063536e-01,5.626751629868929072e-01,2.250521311090226462e+00,-1.995529464535186870e+00,4.417440649630706151e-01,1.999999639972831478e+00,-1.018138268525640433e-01,6.021427352365813057e+00
4.308464232237444236e+01,7.757832668480530991e-01,4.703880967407190750e-01,2.257003724923453358e+00,-1.980470524829937684e+00,2.484917300400323603e-01,1.999999646189783098e+00,-1.218428222302223723e-01,5.875807605369304021e+00
4.324232721686766467e+01,7.534390442942491273e-01,3.711312534051157130e-01,2.275569642316301877e+00,-1.949005834504139889e+00,3.063137183523487184e-02,1.999999661121798722e+00,-1.332191142798485606e-01,5.584793116248702560e+00
4.340004465082538587e+01,7.226601381601197582e-01,2.646662312187121335e-01,2.307780044434188937e+00,-1.894032823749467465e+00,-2.021605081824731365e-01,1.999999683720249388e+00,-1.333046413879384884e-01,5.163202652090180145e+00
4.355773031924393734e+01,6.820366981279217811e-01,1.506581619064164823e-01,2.354891463887453629e+00,-1.807261911916810293e+00,-4.313396784040367526e-01,1.999999711865229290e+00,-1.194699750927059184e-01,4.642279496959187846e+00
4.371541879338520431e+01,6.296999794875983714e-01,2.917314202774299453e-02,2.416674201341370232e+00,-1.680341060631997951e+00,-6.227897649160164528e-01,1.999999742570736982e+00,-8.979047794030074747e-02,4.066889030009779304e+00
4.387310885771271529e+01,5.634181754518764462e-01,-9.799852074167918203e-02,2.489380336459004361e+00,-1.508604682976235623e+00,-7.202531267835371454e-01,1.999999772226246808e+00,-4.479802015035835860e-02,3.492931380727505974e+00
4.403080930381167946e+01,4.809878121369832726e-01,-2.248258015504794038e-01,2.563933347595096279e+00,-1.299355474157147361e+00,-6.511739843962935925e-01,1.999999797170762816e+00,9.554675762036007533e-03,2.979263368032465831e+00
4.418854864820590933e+01,3.811104398405243399e-01,-3.383704845867946953e-01,2.628297163071872777e+00,-1.081696901554569656e+00,-3.700974772943871893e-01,1.999999814459376468e+00,6.011331363240631637e-02,2.572741831158428472e+00
4.434627178253688129e+01,2.646714779268937168e-01,-4.205187410928032388e-01,2.676924198068874272e+00,-9.011760077208810227e-01,6.655564133053694376e-02,1.999999821912934905e+00,9.136836307287199421e-02,2.298715558575028073e+00
4.450400056463234222e+01,1.359761829823271928e-01,-4.580661650985076716e-01,2.717678280366499610e+00,-7.928633995769234222e-01,4.913256681859406449e-01,1.999999817540438318e+00,9.597243507163580323e-02,2.162608994770545578e+00
4.466177317375165501e+01,2.623904599407997015e-03,-4.532667426949376077e-01,2.765176563933779086e+00,-7.527713488778452477e-01,7.478429215642281580e-01,1.999999799193262318e+00,8.102614089853978074e-02,2.157126530934738717e+00
4.481963137675244724e+01,-1.265607945620945696e-01,-4.207646292500009100e-01,2.829841697803341383e+00,-7.534140319976244671e-01,8.031093073146353678e-01,1.999999765098086302e+00,5.967650774817566395e-02,2.264697557236551528e+00
4.497745050443763404e+01,-2.448220121435662477e-01,-3.755200741542148446e-01,2.913936835556009797e+00,-7.632547123935617961e-01,7.324252413256002736e-01,1.999999713974737192e+00,4.073822608526349309e-02,2.464132720220030937e+00
4.513527520258060122e+01,-3.485613021655815102e-01,-3.259952330474062965e-01,3.013243153574577615e+00,-7.727782470582219565e-01,6.121347708895892303e-01,1.999999645812125193e+00,2.537113438964291173e-02,2.726666203526089127e+00
4.529311812007650673e+01,-4.373835801119455025e-01,-2.760071064395206997e-01,3.121427190908271587e+00,-7.767845837822835442e-01,4.869020426770944154e-01,1.999999561421549998e+00,1.507619214481049560e-02,3.022022779736007969e+00
4.545094584046407959e+01,-5.124902203990232552e-01,-2.270249682218077325e-01,3.232713741836932719e+00,-7.796966537189041757e-01,3.749033020240806757e-01,1.999999462149069318e+00,1.139215881783560771e-02,3.319526806329794244e+00
4.560877041567641044e+01,-5.758570460308478633e-01,-1.796280674762274765e-01,3.343009672689054579e+00,-7.796920549111163723e-01,2.988516837389410541e-01,1.999999348124427145e+00,1.774864899277297028e-02,3.598346859128863429e+00
4.576659394116039437e+01,-6.291956451688601737e-01,-1.331786597309548292e-01,3.449152127587784555e+00,-7.811915607647845761e-01,2.785498260387626046e-01,1.999999217636904358e+00,3.527659805878065324e-02,3.845929392195492902e+00
4.592441806658266756e+01,-6.738991077952282138e-01,-8.622529454480723499e-02,3.548514796404964589e+00,-7.885204302765432827e-01,3.324636885298700162e-01,1.999999066730622665e+00,6.345496868435528126e-02,4.054851781930699062e+00
4.608223975709955056e+01,-7.109676321034297253e-01,-3.683285784439963018e-02,3.638421815688783312e+00,-8.079989342044561207e-01,4.700268939532278312e-01,1.999998889020883519e+00,9.898811775028182325e-02,4.215838352034589676e+00
4.624006351811807036e+01,-7.411329999253675194e-01,1.678664667259044743e-02,3.715917443612755111e+00,-8.458843720423575574e-01,6.874279631070409069e-01,1.999998672222424334e+00,1.363926330235258610e-01,4.319167250834889060e+00
4.639789873615238491e+01,-7.649095373427043931e-01,7.589608067692277249e-02,3.777719319963436462e+00,-9.088685967667013976e-01,9.641986847975798636e-01,1.999998386851471022e+00,1.689708357716587228e-01,4.365806715570332841e+00
4.655572939129375953e+01,-7.826232018410758107e-01,1.412002410240475181e-01,3.820500063937588564e+00,-1.000849100401712599e+00,1.268460339209713350e+00,1.999997960005858610e+00,1.901719798588483723e-01,4.375886184594198980e+00
4.671355895641993783e+01,-7.943622468309827767e-01,2.130461465576047320e-01,3.841712531629602800e+00,-1.121960180028465981e+00,1.561145205309453665e+00,1.999997203177145133e+00,1.922724353823735133e-01,4.382331341615280706e+00
4.687139634013716716e+01,-7.999999964941628683e-01,2.912445771888765855e-01,3.841498295912141092e+00,-1.270834249605826916e+00,1.793125416165589625e+00,1.999995824725133930e+00,1.868343781223865407e-01,4.418922537980553678e+00
4.702923202947480519e+01,-7.993614176337432431e-01,3.752776501746082349e-01,3.821329642911623470e+00,-1.437779751306025089e+00,1.961610383995848528e+00,1.999993405618605280e+00,1.694030423413397657e-01,4.505736547571891570e+00
4.718707987257567993e+01,-7.922086994310334473e-01,4.646517545652474879e-01,3.786090574451643320e+00,-1.612694899470603183e+00,2.057950545235097461e+00,1.999988563846898382e+00,8.349117311684692289e-02,4.641775389523672857e+00
