0.000000000000000000e+00,-7.746085106702453871e-01,4.909570486501680930e-01,3.845384640011668242e+00,-1.541587393072439749e+00,1.460654045549114377e+00,1.248090046238824913e+00,6.037938771743314031e-02,4.787500657015333339e+00
1.578398441577653633e-01,-7.545443823007482731e-01,5.668973967110275680e-01,3.832104594678881870e+00,-1.656105617034909550e+00,1.379950373463190161e+00,6.392518917756456753e-01,4.751375415636038824e-02,4.900971713750827519e+00
3.156732289512507172e-01,-7.278741688623343586e-01,6.438792819145204849e-01,3.803428226746837559e+00,-1.756088364148186809e+00,1.285873740265204734e+00,-1.037528157954677316e-01,2.868294882560955966e-02,4.899412525040261812e+00
4.735007700749602755e-01,-6.939278510895117158e-01,7.198502887718847276e-01,3.755323512354622473e+00,-1.838526451573196052e+00,1.163318939697049137e+00,-4.774643500693827591e-01,2.781842792011786011e-02,4.761618679318582181e+00
6.313359408601937339e-01,-6.516902080033490918e-01,7.924677399116332177e-01,3.695726351802766541e+00,-1.900769832724740871e+00,1.058507447360493625e+00,-4.619986738953926197e-01,3.821596993469808523e-02,4.520077310198999498e+00
7.891656251032345137e-01,-5.999713607540264615e-01,8.601984301587762838e-01,3.631803458478259472e+00,-1.942047426303198820e+00,9.947335516055408888e-01,8.584176492319794960e-02,4.981268335541493009e-02,4.225541430877667537e+00
9.470004133077283281e-01,-5.375194923751765996e-01,9.221302784007896491e-01,3.578710702804927202e+00,-1.965158466820011940e+00,9.688321868434929263e-01,1.029101461494817737e+00,7.277329748205275950e-02,3.931731302839491349e+00
1.104840621716450366e+00,-4.631580178630644862e-01,9.784700240700315854e-01,3.548186293356091703e+00,-1.978949318027943605e+00,1.008640266598506141e+00,1.530388428940133716e+00,4.247217754611203738e-02,3.676330523605911171e+00
1.262681461522275228e+00,-3.766363042791401328e-01,1.026923342374757464e+00,3.531859444899596134e+00,-1.987936553573087073e+00,9.561526507638189454e-01,1.739538969311447358e+00,7.048536027164056805e-02,3.474847037266766137e+00
1.420518228414948236e+00,-2.789537232012326839e-01,1.066078325795418058e+00,3.508709246911574375e+00,-1.983405945265862336e+00,9.958065115472316542e-01,1.840007179422046724e+00,9.781657611281470432e-02,3.322637409971528122e+00
1.578359492907691175e+00,-1.725323804870797784e-01,1.098595125420209984e+00,3.464914705588339139e+00,-1.981990303415677168e+00,1.105429864644351223e+00,1.892350520862767116e+00,3.625587531963854471e-02,3.231373968162531529e+00
1.736119677055532495e+00,-6.150463271932089110e-02,1.120001406825498425e+00,3.419259802979931262e+00,-1.988912109945079942e+00,1.008929346239515912e+00,1.920495795179741894e+00,1.023685066227323498e-01,3.226594618123522995e+00
1.893929269320524078e+00,4.930474712773479096e-02,1.130480861520765989e+00,3.351448358604929290e+00,-1.983823707954939897e+00,1.122816645159903981e+00,1.936902344184081137e+00,3.572375849225966488e-02,3.276192722768137333e+00
2.051709477387540836e+00,1.555148325712245871e-01,1.130478998586152972e+00,3.287557944054573245e+00,-1.988401708950399804e+00,1.025144805094555522e+00,1.947274911229638805e+00,7.487245860112248796e-02,3.397586478733512827e+00
2.209509697694257646e+00,2.540401793061846103e-01,1.119668248248347764e+00,3.217636024867133404e+00,-1.982561240288507776e+00,1.049219291027128964e+00,1.954200517297045359e+00,5.468767274705406412e-02,3.551745605126970684e+00
2.367281937511195533e+00,3.433236984121325053e-01,1.101553771870612763e+00,3.151803144670112022e+00,-1.982431336673079025e+00,1.015217255239294403e+00,1.958992439265317298e+00,5.320406215002972811e-02,3.734760662961400079e+00
2.525053648535680040e+00,4.229362338503152574e-01,1.076898792701738161e+00,3.091022779857249603e+00,-1.981696346195644720e+00,9.836875408390340914e-01,1.962511931439405499e+00,4.581183812306763303e-02,3.927302983901674871e+00
2.682826593173742058e+00,4.931764884012721506e-01,1.047146907023803530e+00,3.037046506584380356e+00,-1.982045737606731972e+00,9.410709512199900706e-01,1.965239538526398988e+00,4.036714345641371354e-02,4.122060181138538226e+00
2.840598310788523317e+00,5.545889540167130427e-01,1.013151538728497281e+00,2.989953408016307268e+00,-1.981938952161130363e+00,8.943860133232597320e-01,1.967432258180494165e+00,3.773393280984913695e-02,4.311674447287436429e+00
2.998365782695653792e+00,6.078118276320020330e-01,9.756932478616455739e-01,2.948950691731190510e+00,-1.981865138999157949e+00,8.508324850665124339e-01,1.969260200985427645e+00,3.663361987467420033e-02,4.491294291892682367e+00
3.156136732688610280e+00,6.534397838487081556e-01,9.355116194626077464e-01,2.913026767852517462e+00,-1.981235373344254258e+00,8.124839297668478011e-01,1.970859727688455632e+00,3.815587385447410940e-02,4.654475658085714507e+00
3.313922521897811890e+00,6.920483319110364295e-01,8.933302648315509797e-01,2.880957059061293624e+00,-1.980915350460880076e+00,7.835494117474784970e-01,1.972334736169120584e+00,4.197589174223983338e-02,4.796469656012411598e+00
3.471693240198370223e+00,7.241325273806107354e-01,8.498999605879387076e-01,2.851443394133351461e+00,-1.982057136686742771e+00,7.666988285953837412e-01,1.973729426366573669e+00,4.558989959037651474e-02,4.913598284932787053e+00
3.629467839254204797e+00,7.500965356731881251e-01,8.058975240244049543e-01,2.823550460161332598e+00,-1.983791943786470835e+00,7.587626323393874550e-01,1.975059337356245504e+00,4.909948345685506699e-02,5.002098142151763405e+00
3.787241177560768168e+00,7.703053121859440022e-01,7.618327276296112949e-01,2.796578697143456083e+00,-1.984274390893078444e+00,7.571320780310412113e-01,1.976339679638165370e+00,5.111656056485307936e-02,5.060159153201069238e+00
3.945015394690555510e+00,7.850941899803848267e-01,7.180112707109990167e-01,2.770257740024681503e+00,-1.985863102401162150e+00,7.594102389901045136e-01,1.977547613161690254e+00,4.981794472848149330e-02,5.093086300300721625e+00
4.102807214907126188e+00,7.946562603454293550e-01,6.745023790665626295e-01,2.744687310223724808e+00,-1.986300262107286718e+00,7.588108440423583234e-01,1.978659071206882336e+00,4.245618541818417524e-02,5.101948737156352998e+00
4.260585671994953749e+00,7.991699739739385189e-01,6.310249063004200742e-01,2.720834257307041426e+00,-1.985684596482773845e+00,7.460447112560469884e-01,1.979540844970737679e+00,2.983232710445573796e-02,5.089438075396214067e+00
4.418364913718290765e+00,7.987379623244816873e-01,5.870127828914094570e-01,2.700080140045073129e+00,-1.981950974390493281e+00,7.130080625207856349e-01,1.980164763124188543e+00,1.433650746802359044e-02,5.052972350452883177e+00
4.576147343322695349e+00,7.934325481649598943e-01,5.417923047068663456e-01,2.684005356164491207e+00,-1.971988147435414174e+00,6.555474364456730374e-01,1.980701883714019118e+00,-3.308046792920056470e-04,4.986155793142525106e+00
4.733928721278660490e+00,7.833100941655400939e-01,4.948311650053106026e-01,2.674045057487870025e+00,-1.953223052899722534e+00,5.761105771668415532e-01,1.981277629192538470e+00,-1.141331850837518785e-02,4.882619284643983093e+00
4.891682709510733140e+00,7.683926438168838802e-01,4.459526111515264568e-01,2.671293532414087402e+00,-1.923026673697758149e+00,4.818428334929436563e-01,1.981926196154395914e+00,-1.708655090222823900e-02,4.739692833202370892e+00
5.049455387880246171e+00,7.486908832358557531e-01,3.954166029455349340e-01,2.676363238947511825e+00,-1.879089532638870574e+00,3.834068932559555054e-01,1.982640212785077738e+00,-1.622209284351154926e-02,4.562088527234905655e+00
5.207254444022550999e+00,7.242527371384892554e-01,3.439203263116231146e-01,2.689165734893290249e+00,-1.819984630576005680e+00,2.943716023423025852e-01,1.983381501720343110e+00,-8.540654796851978453e-03,4.361880966792570646e+00
5.365044117906551335e+00,6.952297308688413224e-01,2.925894022751071577e-01,2.708669962049010671e+00,-1.745919111830535719e+00,2.299373936469333024e-01,1.984098361460517879e+00,5.127032597030331540e-03,4.154860445002166891e+00
5.522840649826602721e+00,6.619360390459276822e-01,2.429791188373825184e-01,2.732823036920508208e+00,-1.659435565390856793e+00,2.041090745480318991e-01,1.984743490790044973e+00,2.176528511310153735e-02,3.955873835049944276e+00
5.680641818473985971e+00,6.248705745203442241e-01,1.969715892511729738e-01,2.759060190005113267e+00,-1.565645213653793499e+00,2.231598257740673719e-01,1.985283833626504624e+00,8.740474302035099868e-03,3.775866934066281821e+00
5.838445955779847374e+00,5.846203521740233056e-01,1.546842345378023065e-01,2.791305509931935713e+00,-1.471874137273274874e+00,2.008209682925333750e-01,1.985705057779149962e+00,1.889046678836818136e-02,3.626193703617645703e+00
5.996258817961015453e+00,5.417912474626113140e-01,1.158546991898126155e-01,2.826921901612145405e+00,-1.375307328178305699e+00,2.118001955303875361e-01,1.986006070021674619e+00,3.081783706464296529e-02,3.503153396454419699e+00
6.154077893517587938e+00,4.970536827878155872e-01,8.183036060565376801e-02,2.863625787814728874e+00,-1.281536194432277398e+00,2.582409798254671762e-01,1.986194734286959473e+00,4.006153756080173961e-02,3.405291662346071391e+00
6.311904830467372385e+00,4.510467643492915291e-01,5.371251316688569616e-02,2.900200014290440720e+00,-1.198733003018008336e+00,3.232411328679634099e-01,1.986279186534704255e+00,4.389140403371892540e-02,3.330649314911071635e+00
6.469725159625647315e+00,4.042171691043177084e-01,3.163064521669695095e-02,2.936933329067621390e+00,-1.128910502073104061e+00,3.842745444359018103e-01,1.986266399054236187e+00,4.333747756851861338e-02,3.276485180730027924e+00
6.627547880113612955e+00,3.569510725754084235e-01,1.479001280416101897e-02,2.974826015872348073e+00,-1.072076531347677442e+00,4.257410778201734525e-01,1.986159475676379849e+00,4.940311446077431945e-02,3.240036902601812763e+00
6.785377436475526380e+00,3.095781013331556641e-01,2.762635963111840110e-03,3.012988523215291536e+00,-1.024012704212150071e+00,4.793033489638617861e-01,1.985962941290244643e+00,3.408415554212397558e-02,3.217468556247102818e+00
6.943207810967632732e+00,2.623952701246039521e-01,-6.359279219779856440e-03,3.055119948624522408e+00,-9.861931762742415231e-01,4.569944071551818032e-01,1.985677800524622949e+00,6.121129982656878937e-02,3.208908977661173889e+00
7.101042299022537918e+00,2.157195381212074492e-01,-1.156030116831043182e-02,3.095019529440176775e+00,-9.520120728695857792e-01,5.495259201539963723e-01,1.985300669559057374e+00,2.246715495547337710e-02,3.207614730708916895e+00
7.258876298019341533e+00,1.696566541483439106e-01,-1.528499865996390226e-02,3.141306590726466563e+00,-9.321280184204367991e-01,4.561713912075789357e-01,1.984832037960008400e+00,4.656414879612988389e-02,3.218792957988377168e+00
7.416713222380853843e+00,1.242366029174163389e-01,-1.868184133966907870e-02,3.187720356386921861e+00,-9.052418680252265482e-01,4.936128939208085376e-01,1.984269728600015492e+00,3.394775455493751620e-02,3.234252020173264963e+00
7.574545562948100219e+00,7.964920701290328919e-02,-2.052237142054227914e-02,3.236596371550644502e+00,-8.882110933257675311e-01,4.667860127633852163e-01,1.983608607648000843e+00,3.240599157076136383e-02,3.256783437356857824e+00
7.732380267658629514e+00,3.579948071204948346e-02,-2.236790436950364391e-02,3.287606201344034140e+00,-8.692943130883827862e-01,4.478627743877889866e-01,1.982841978016365747e+00,3.161950097331246018e-02,3.284142979241706950e+00
7.890221187521259338e+00,-7.196241837619674932e-03,-2.395611024234087574e-02,3.340154535167095151e+00,-8.554078855393382197e-01,4.290817820176539010e-01,1.981963383316084126e+00,2.368222815330381717e-02,3.315465977734348257e+00
8.048057892213485331e+00,-4.955031915104306239e-02,-2.615003411204078893e-02,3.395130613922087370e+00,-8.405102585371910795e-01,3.889530346475675304e-01,1.980960183098998240e+00,3.163657864336421460e-02,3.350524868609563001e+00
8.205895025926608355e+00,-9.120387520221280575e-02,-2.818525911504758674e-02,3.450474459525976645e+00,-8.274272820544045226e-01,3.948511894514032394e-01,1.979814122306546409e+00,1.547605356235926335e-02,3.387656685491919895e+00
8.363735305195326930e+00,-1.323608812565283954e-01,-3.089778123485169628e-02,3.508309157171015435e+00,-8.158912794303190275e-01,3.362263856924395111e-01,1.978512156022315560e+00,7.073391789714798816e-03,3.427875230766380898e+00
8.521576089830388057e+00,-1.731564476295469890e-01,-3.601805872985546636e-02,3.569076029299039554e+00,-8.002710360864221384e-01,2.616722959382341007e-01,1.977041022308543727e+00,3.453280928456036597e-02,3.469966070322608953e+00
8.679417451247477544e+00,-2.135999644934430397e-01,-4.056226817070412993e-02,3.627842941525362352e+00,-7.838255072573748761e-01,3.228285699708150491e-01,1.975374040600083259e+00,2.419933363546880600e-02,3.511588398865905791e+00
8.837259335114033831e+00,-2.538018553729554649e-01,-4.325729518925704870e-02,3.686210635150713344e+00,-7.793023150621928297e-01,3.235476682271098969e-01,1.973472034081148685e+00,2.119589182960203780e-02,3.554887365572161340e+00
8.995096956256858789e+00,-2.939272474739637042e-01,-4.568650457402756437e-02,3.744632316581544274e+00,-7.747593974854818377e-01,3.181657148280038205e-01,1.971280243467526283e+00,1.972007459956462080e-02,3.599553582124890294e+00
9.152936507953931766e+00,-3.339183118890579061e-01,-4.790148657694808659e-02,3.803073766581027026e+00,-7.741806317095856205e-01,3.056895595137552601e-01,1.968724697494023790e+00,1.626277815947397773e-02,3.646379177213845413e+00
9.310778981885945882e+00,-3.738869457931269236e-01,-5.019565219076060902e-02,3.862054417989693622e+00,-7.748869233007011914e-01,2.832883903966215700e-01,1.965692015165011464e+00,1.222491650115403380e-02,3.697956572216987592e+00
9.468622264040330805e+00,-4.138277916689204194e-01,-5.261068838209150694e-02,3.922181084749735369e+00,-7.757746448945397333e-01,2.517561510947942116e-01,1.962012436922038416e+00,1.482110622776138843e-02,3.758768667155482301e+00
9.626463299027795628e+00,-4.535888903583890075e-01,-5.422338140241395738e-02,3.983371858416748346e+00,-7.771942213812615963e-01,2.400022330854387764e-01,1.957439126110054550e+00,1.056764272748443069e-02,3.834861614417326869e+00
9.784304555741982767e+00,-4.928720400241388688e-01,-5.402369935458716660e-02,4.046591990937495886e+00,-7.769639665092635816e-01,2.219085743145665646e-01,1.951623287989727507e+00,-1.977018044998198401e-03,3.933876311828165218e+00
9.942150251549977114e+00,-5.310756499006185072e-01,-5.184253554780020312e-02,4.113563963394105016e+00,-7.743901197677146575e-01,1.633577943381872843e-01,1.944141866234889271e+00,-7.132053210750905620e-03,4.061955988634391446e+00
1.009999350767617088e+01,-5.674747885033304406e-01,-4.736031238070559368e-02,4.184845261986227527e+00,-7.745083482518823059e-01,9.004596272352240194e-02,1.934402740650047470e+00,-3.123013457560667658e-02,4.220488734543073051e+00
1.025783606785904745e+01,-6.016900301051179012e-01,-4.163553200197996768e-02,4.262298742772159699e+00,-7.597464744082267352e-01,-3.963835771505964944e-02,1.921628962760969728e+00,-6.664238624147986179e-02,4.406924062140665121e+00
1.041566426524147460e+01,-6.330053807464113280e-01,-3.668119818444952329e-02,4.346685601812446897e+00,-7.398620404431347497e-01,-2.806070499150884467e-01,1.904924448360503009e+00,-1.082849458536404158e-01,4.610291597696405397e+00
1.057350347943974711e+01,-6.615254209364861415e-01,-3.603919200109625964e-02,4.438210894271755969e+00,-6.818478390932344313e-01,-5.898049017103478286e-01,1.882923582690348097e+00,-1.431052171927912064e-01,4.817124627490453115e+00
1.073133706317985769e+01,-6.869151478992222559e-01,-4.130715136575239393e-02,4.533910483970923444e+00,-6.050820628670523504e-01,-9.696588417487116418e-01,1.853379457242151807e+00,-1.606416039277503705e-01,5.011838987351538321e+00
1.088916931738454252e+01,-7.097642861553890015e-01,-5.387084269769858852e-02,4.630763474193138052e+00,-4.821934135546527278e-01,-1.304285546008922880e+00,1.812062308669537325e+00,-1.390161318497358800e-01,5.187335024646953840e+00
1.104700447191966362e+01,-7.299882415718554896e-01,-7.104018651793861383e-02,4.723636472100253947e+00,-3.165456738945933712e-01,-1.471848983704997060e+00,1.750949678261405129e+00,-1.684971333504239888e-01,5.343246226319506853e+00
1.120483906410020936e+01,-7.475112779297701238e-01,-9.160861105474336907e-02,4.805703380875399944e+00,-1.091662694475975387e-01,-1.682054519907005607e+00,1.653732378578506301e+00,-1.531523230400249347e-01,5.481144130115487734e+00
1.136267225895295852e+01,-7.618151181020075269e-01,-1.150038262536655087e-01,4.873817302950661734e+00,1.261703951849816596e-01,-1.802343530218950773e+00,1.490198110021771605e+00,-1.168864116839898326e-01,5.605907155750299964e+00
1.152050649146960382e+01,-7.727179483436166230e-01,-1.382960300648309881e-01,4.925427840123473899e+00,3.676707310761608838e-01,-1.804624628794978536e+00,1.222717937043969583e+00,-1.302220802211672968e-01,5.720184055681785118e+00
1.167833735174868970e+01,-7.803447053948634471e-01,-1.607557953519396510e-01,4.955769605603146388e+00,6.154500382520502466e-01,-1.850792697553492960e+00,9.404462812385354642e-01,-8.605409483278057825e-02,5.821004830641344441e+00
1.183617038070603300e+01,-7.844031202190828722e-01,-1.812446636120866594e-01,4.968135492045274049e+00,8.621250762884579144e-01,-1.799926719852736223e+00,8.827284731044970911e-01,-8.419734299635853181e-02,5.908481362900124267e+00
1.199400248571754801e+01,-7.848501241185282806e-01,-1.992095117153970529e-01,4.968604411973398527e+00,1.109180323265053669e+00,-1.756928603893413765e+00,9.106472150775980490e-01,-3.002151812095192607e-02,5.983018085919533213e+00
1.215182945968079054e+01,-7.813291463498222011e-01,-2.133245708903811488e-01,4.965099566094909989e+00,1.344849576964225912e+00,-1.611799934566474191e+00,7.970870399880900514e-01,1.587567709477665998e-02,6.039204760619670154e+00
1.230965758393391951e+01,-7.736989635251484421e-01,-2.218268798927722496e-01,4.957387871334563378e+00,1.566629163698880944e+00,-1.362129382544129630e+00,4.763718350249542821e-01,1.550526471717325327e-01,6.061095127225495816e+00
1.246748573893937007e+01,-7.613844225863986015e-01,-2.196941622136348582e-01,4.953679669417592635e+00,1.745252534060976801e+00,-7.856262718589011040e-01,-1.996449266563601541e-02,1.838205318208157579e-01,6.033444102567831813e+00
1.262531513582266918e+01,-7.442020439103981255e-01,-2.041566572540262914e-01,4.959010234185241117e+00,1.846074463899893381e+00,-2.146587699194962284e-01,-4.194100230813081476e-01,5.607873090712735958e-02,5.943447985946597178e+00
1.278314656896915480e+01,-7.224459802871847636e-01,-1.821004224055902398e-01,4.965774911728604302e+00,1.875557144393763975e+00,-6.833352082441374042e-02,-6.103117591393526498e-01,1.965363979429685104e-02,5.797662383655043605e+00
1.294097618752468470e+01,-6.965854494487142556e-01,-1.614658748943865463e-01,4.966900150069850639e+00,1.884475064614818063e+00,-2.694887011366595142e-02,-7.414168987992434401e-01,5.350754275628864798e-02,5.627103287262137599e+00
1.309881001642328791e+01,-6.669784920932945171e-01,-1.431184262544289987e-01,4.966364402628620667e+00,1.884776452571639727e+00,1.064361198283139132e-01,-9.478675707753634327e-01,1.874023760514278297e-02,5.460627017937641270e+00
1.325665828207898045e+01,-6.341656924341786405e-01,-1.274799730648302765e-01,4.957440837499063058e+00,1.870222246374497299e+00,1.391687337510282285e-01,-1.250584780807446617e+00,1.532670385082587905e-01,5.307865395049469193e+00
1.341450212660527619e+01,-5.984462441720126424e-01,-1.094837477025616401e-01,4.952236196576156324e+00,1.840545750276530113e+00,5.685101947925876864e-01,-1.462393828147719788e+00,3.871881573443849284e-02,5.184178588232271068e+00
1.357234801495493137e+01,-5.605351454756810625e-01,-8.846722701464612704e-02,4.943736178746815924e+00,1.749845331576262542e+00,5.905913404017536505e-01,-1.601212430139342446e+00,8.947618359494775853e-02,5.078681669355035844e+00
1.373019021600012124e+01,-5.213594106258722105e-01,-6.705530715394610042e-02,4.933254675164318037e+00,1.644112118014176893e+00,7.565754196467889825e-01,-1.697088756834133072e+00,3.894161135999070766e-01,4.998041184342034704e+00
1.388803479915067740e+01,-4.805006491944763813e-01,-2.569531066579691658e-02,4.938152412437277761e+00,1.482219260775027525e+00,1.902655962278579027e+00,-1.757930230968811403e+00,4.082917814108255605e-01,4.925702381356045656e+00
1.404588209699039858e+01,-4.374039910924130137e-01,5.021484238274909195e-02,4.970573852699447848e+00,1.144287594227359373e+00,2.908697608367636356e+00,-1.774967944494968863e+00,3.714320885876342127e-01,4.855237462978502450e+00
1.420372758606998786e+01,-3.921899496434163579e-01,1.544887348771544211e-01,4.993847437649333365e+00,6.539876347122626221e-01,3.579333861762092450e+00,-1.190732346925451379e+00,2.438442192839914147e-01,4.785159601025092080e+00
1.436157186520450324e+01,-3.454405608421716178e-01,2.720794508251269117e-01,4.989605892920944363e+00,1.072335795279652643e-01,3.713667767526361185e+00,1.173240825033989854e+00,2.147872953648726768e-01,4.733241435321335011e+00
1.451941480371977100e+01,-2.965363583087434751e-01,3.920746966563641300e-01,4.995511949202575686e+00,-4.566075391187022769e-01,3.681495035258664839e+00,1.850972620753496889e+00,2.713254820101421161e-02,4.750461139665204335e+00
1.467725981667522639e+01,-2.462055844001739269e-01,4.991837913009587457e-01,4.973032839626529089e+00,-9.698513321005820531e-01,3.062721195945917962e+00,1.848995177330833961e+00,-7.525055169398042754e-02,4.791974823159721453e+00
1.483510419219275711e+01,-1.946274991307088142e-01,5.810928315308589998e-01,4.930094048761229253e+00,-1.365435191531459758e+00,2.264766863773968630e+00,1.827394668523609100e+00,-1.259573668136111657e-01,4.832841813689349841e+00
1.499294903194657458e+01,-1.421109508981801828e-01,6.353229679496507076e-01,4.897806469367690596e+00,-1.645286198676428224e+00,1.467690073446636712e+00,1.795734278123055416e+00,-1.286359122531071097e-01,4.882606334694575168e+00
1.515079552526056084e+01,-8.947108465689912471e-02,6.639951395700807169e-01,4.890694694868375159e+00,-1.801527031423806768e+00,8.502011168348430070e-01,1.754087007558516875e+00,-8.526254755390581808e-02,4.931637996016467795e+00
1.530863941851100662e+01,-3.695624199321494163e-02,6.741509600722910278e-01,4.903202648675090813e+00,-1.862993681124199608e+00,5.094426227439591282e-01,1.701061587206141645e+00,-5.662177205206794274e-03,4.977093461301614674e+00
1.546648138364089142e+01,1.527790113945968857e-02,6.748333547395423127e-01,4.916750660987262656e+00,-1.882324573877046436e+00,4.569786155583238085e-01,1.634558982802704064e+00,-3.628557076134504567e-02,5.023705117118664631e+00
1.562431973508963345e+01,6.644977253534155304e-02,6.687336719730231360e-01,4.931523897834991566e+00,-1.899254871045653825e+00,3.098847978657494062e-01,1.554669409287608106e+00,6.374922032022115742e-03,5.092804206445070925e+00
1.578214310980001045e+01,1.155355985285710929e-01,6.564739834845083610e-01,4.941446796954463316e+00,-1.907636622962163298e+00,2.914588722547514776e-01,1.467140655048474018e+00,3.367761401779599539e-02,5.172264576690540849e+00
1.593997106120957774e+01,1.616506810705137798e-01,6.413993905094610426e-01,4.942214118731887318e+00,-1.919515795050008578e+00,3.458204946749519615e-01,1.374026936744012328e+00,-4.329814778375663115e-02,5.255480431871576208e+00
1.609780420846664839e+01,2.040362431174664037e-01,6.220121807569434225e-01,4.945967360379472488e+00,-1.933278493964088351e+00,1.956284681252199453e-01,1.278581565479908866e+00,1.227200375118506215e-02,5.346592137760191932e+00
1.625563363660890204e+01,2.424300910729668135e-01,5.989609713395979140e-01,4.945470880921009282e+00,-1.928531988747487214e+00,2.188412547542607500e-01,1.170639575905726870e+00,-8.647140528042870922e-03,5.419487937591558335e+00
1.641346420708794795e+01,2.768171656481757115e-01,5.749406825526623965e-01,4.942742415065409567e+00,-1.934275870834400557e+00,1.803105900723402377e-01,1.030163768851303008e+00,1.172867162685104631e-02,5.484119502475572006e+00
1.657129241472300407e+01,3.070527506440290377e-01,5.506524498152289837e-01,4.935132931248331190e+00,-1.937195700757452510e+00,1.905315031424977268e-01,8.182402195562183955e-01,8.319474544470267796e-03,5.525540111097214435e+00
1.672912063245719949e+01,3.333190554754420498e-01,5.275533959139570017e-01,4.922435605323367547e+00,-1.936637379107918111e+00,1.966127088458741734e-01,4.677295220284125588e-01,-6.838735284668915476e-03,5.540774219579237325e+00
1.688695025496055635e+01,3.559829544937209711e-01,5.058111205453180714e-01,4.903031054456402416e+00,-1.939697141277357373e+00,1.590518603138659226e-01,-8.532125504747324618e-02,6.183755695883985833e-03,5.533931028912683736e+00
1.704478292046537291e+01,3.752284906118343866e-01,4.858052672535886907e-01,4.869904315939183270e+00,-1.939658688447198909e+00,1.554917311221075682e-01,-6.905919812044921668e-01,-1.374786713650370459e-02,5.498739018220062391e+00
1.720262938423008592e+01,3.912594526523103799e-01,4.675213538933991053e-01,4.824307336185790440e+00,-1.937577328032639379e+00,1.029322666149382615e-01,-1.097875381947134965e+00,4.030411283920110749e-02,5.442533284547542927e+00
1.736046998658444451e+01,4.044163781247834266e-01,4.523447467711701475e-01,4.763789573747133410e+00,-1.929054027653791969e+00,1.938033047538904319e-01,-1.332818492794385579e+00,3.284115193461242116e-02,5.366043192765573622e+00
1.751831324383365285e+01,4.150708360947786280e-01,4.416872037212719038e-01,4.693917609630704035e+00,-1.930258060239739448e+00,2.579618910008656396e-01,-1.475809414502967876e+00,5.542866024278919612e-02,5.285857967874261654e+00
1.767615416437362796e+01,4.235366296686433607e-01,4.355166355292591773e-01,4.613314055546898551e+00,-1.937240096162286873e+00,3.699116886046230901e-01,-1.564093059487230208e+00,-1.477050408202958826e-02,5.201077848883282506e+00
1.783399548897952513e+01,4.299920299647955191e-01,4.311221005687612129e-01,4.534668052627887747e+00,-1.953579748350413370e+00,2.877679340261785068e-01,-1.625055652930724293e+00,1.336509078372779408e-02,5.125957586178234493e+00
1.799183935235225462e+01,4.345661222727660866e-01,4.264983205353467532e-01,4.453996877005736543e+00,-1.957611891970253870e+00,2.909735420259133010e-01,-1.671960669488637308e+00,-4.684110058673429666e-02,5.046403655641410246e+00
1.814968180758339855e+01,4.373192300301856350e-01,4.200213065510709498e-01,4.380423226518924906e+00,-1.956018029682831783e+00,1.331654445042489698e-01,-1.708447061735550276e+00,2.689058400820345390e-02,4.972535742906331713e+00
1.830752232617233233e+01,4.384170881521572416e-01,4.124303721429264935e-01,4.302121803219652207e+00,-1.933784750934945063e+00,1.889632177072518293e-01,-1.733189081554048050e+00,4.561413491731275416e-01,4.885756417708157606e+00
1.846536496035796659e+01,4.382115406441797201e-01,4.160040200388713250e-01,4.144513743009037299e+00,-1.919298345773480019e+00,7.790911380474989656e-01,-1.738718101984840780e+00,-7.105923251662196738e-02,4.727863375632032295e+00
1.862320750393788771e+01,4.366885736575910615e-01,4.245381462707485398e-01,4.040664049976861349e+00,-1.965386878696353312e+00,4.602183460262589398e-01,-1.739577041297847515e+00,2.515223807944078419e-02,4.647697193284184181e+00
1.878105137692154614e+01,4.339011500626114293e-01,4.282455871778735879e-01,3.937142882819339107e+00,-1.967853205604783939e+00,4.601361089830233175e-01,-1.739357393187366929e+00,4.828083163019037879e-03,4.549880698643852028e+00
1.893889511915230273e+01,4.301308891990013317e-01,4.313868947551170452e-01,3.835546933550677107e+00,-1.964091172072885749e+00,4.061587307268563762e-01,-1.730490523474781828e+00,4.678154771625693820e-01,4.452628195106450804e+00
1.909673845965695094e+01,4.255283564209794145e-01,4.437749813364270657e-01,3.646674037598933271e+00,-1.948255365657373339e+00,9.342287649294835905e-01,-1.685645583831839378e+00,-7.690944589720161151e-02,4.272814944893426947e+00
1.925457844417674380e+01,4.202110000942744228e-01,4.592295350475553706e-01,3.526384434439236326e+00,-1.979905964620832570e+00,5.576709982603250682e-01,-1.594967059868768855e+00,4.473081218062613940e-01,4.183654985183089536e+00
1.941241843242822540e+01,4.143713384315976800e-01,4.773936611589656431e-01,3.322896971645095565e+00,-1.961233729254817870e+00,1.038695026843513780e+00,-1.176881114797245997e+00,7.507291239547286832e-02,4.000703595339882845e+00
1.957026488964968536e+01,4.086131542947950002e-01,5.057654710398848952e-01,3.172794145945701860e+00,-1.978242094011373853e+00,1.060060832624898808e+00,1.107715426905361955e+00,2.686464065985277871e-02,3.892684369218954110e+00
1.972810929973897132e+01,4.045330992975702533e-01,5.318146407760401262e-01,3.122613855229690483e+00,-1.987455301292650356e+00,9.720728762387821353e-01,1.658234726666760306e+00,7.123011623376550305e-02,3.877025585270012620e+00
1.988594961520657378e+01,4.032059970263758841e-01,5.546803987983337514e-01,3.089335373665819784e+00,-1.985368304252383087e+00,1.000996333089232415e+00,1.793429912730848619e+00,4.498468154971422411e-02,3.873617856653927216e+00
2.004378797962834469e+01,4.045439255538895162e-01,5.748501123872019614e-01,3.063853677319486213e+00,-1.990430276360531936e+00,9.663152718071383873e-01,1.853026157116131278e+00,8.534781039941730096e-02,3.882246991030783523e+00
2.020161358680221042e+01,4.080234145072306196e-01,5.929515917652444790e-01,3.031892088523361117e+00,-1.986146727513939503e+00,1.022370002610606177e+00,1.885734961690944678e+00,4.627784517971370720e-02,3.878237413899967123e+00
2.035944544404977563e+01,4.134389897281166570e-01,6.089604368944384616e-01,3.004775909066558892e+00,-1.987497477079266828e+00,9.804755629627068814e-01,1.906951604475688233e+00,9.234487966147665594e-02,3.878284723882968521e+00
2.051727480689138616e+01,4.204599246533335388e-01,6.235973554896969695e-01,2.969497522415545987e+00,-1.982129028482475963e+00,1.042650108641696161e+00,1.922131710386465242e+00,4.570999182739591410e-02,3.862107971464065592e+00
2.067510665892076460e+01,4.289233325680390507e-01,6.372652122326574187e-01,2.940551646045054923e+00,-1.985339760856860369e+00,9.958208497906098078e-01,1.933695910294724429e+00,9.328592705172372712e-02,3.852111758719627410e+00
2.083293757923996736e+01,4.386182170270942482e-01,6.506613717820053377e-01,2.903763154454338302e+00,-1.981591273611321480e+00,1.056897466567967792e+00,1.942722073031571295e+00,5.446756360024094384e-02,3.826919055976144346e+00
2.099076626665013734e+01,4.495649850928922220e-01,6.645239717204454166e-01,2.871996461763051567e+00,-1.982560895321731520e+00,1.024678286479417721e+00,1.949960130325361751e+00,1.012173300177837409e-01,3.806839570603882894e+00
2.114859806048661284e+01,4.618345568884802410e-01,6.794342342886706687e-01,2.831768737805218095e+00,-1.974943171861972102e+00,1.092084035113410234e+00,1.956002639083865402e+00,8.054499948752254224e-02,3.772729553575274952e+00
2.130643164556465408e+01,4.756682792631964363e-01,6.964448557027103082e-01,2.792073082765801573e+00,-1.974458069407319494e+00,1.106301719559642516e+00,1.961145894353749419e+00,1.095156853289460802e-01,3.743992585356673786e+00
2.146426099727144532e+01,4.911292615925956229e-01,7.157375965831145326e-01,2.744559542002122932e+00,-1.971339671176908670e+00,1.173860985731455919e+00,1.965584781268158165e+00,1.344459965502770027e-01,3.707587673585133636e+00
2.162209263772422929e+01,5.084323383140432195e-01,7.392796200977520549e-01,2.685974514487251330e+00,-1.969477402814983957e+00,1.272910833998769142e+00,1.969490103026011463e+00,1.573513351902923463e-01,3.664093688097214585e+00
2.177992429830322507e+01,5.278359263560510328e-01,7.682753452536569272e-01,2.613892021197200766e+00,-1.971886073300484155e+00,1.392525717746116776e+00,1.972884187307228920e+00,1.718820127390912611e-01,3.615779464891440309e+00
2.193775497726101875e+01,5.495471522555646082e-01,8.031807617228634566e-01,2.527912091634609393e+00,-1.977645433469201963e+00,1.512274369651266381e+00,1.975746979880559362e+00,1.777890673477739436e-01,3.566261188382771952e+00
2.209558625880726623e+01,5.737503694731526105e-01,8.433460294491232911e-01,2.429200314775247449e+00,-1.983643895379427979e+00,1.617175954947571492e+00,1.978080756161391118e+00,1.747528091831985764e-01,3.522099927882926362e+00
2.225341623487963005e+01,6.004979318745903294e-01,8.869204569946307348e-01,2.320456190688124032e+00,-1.984786314753691938e+00,1.694812438485192807e+00,1.979887820120492359e+00,1.625334226868794807e-01,3.492586350209959889e+00
2.241124771946251926e+01,6.295870723754861675e-01,9.306924904648176122e-01,2.206170527832647998e+00,-1.977842999373387034e+00,1.738154376353124642e+00,1.981229918450020389e+00,1.446713720380762291e-01,3.492243405314517268e+00
2.256907806326205801e+01,6.603175607813371872e-01,9.703146742843594685e-01,2.091369344328311453e+00,-1.962688914272377572e+00,1.748030765771599881e+00,1.982151707344912195e+00,1.357424952827374909e-01,3.539859594423931277e+00
2.272690868338902703e+01,6.913128888154229656e-01,1.001277392161369129e+00,1.977886753240197137e+00,-1.937609428090219632e+00,1.739739183478751672e+00,1.982678868646117198e+00,1.102566561768742320e-01,3.648227010876221144e+00
2.288472357994913509e+01,7.208088898793304500e-01,1.018973530642731218e+00,1.873190988543211422e+00,-1.905020013261164102e+00,1.693315779645328867e+00,1.982840791859147300e+00,8.034549608131781595e-02,3.831969780591357289e+00
2.304244539610289877e+01,7.470228182560317842e-01,1.019274324152340983e+00,1.782605271846895434e+00,-1.871463343142283797e+00,1.613050224925500320e+00,1.982675075007454435e+00,4.641325978407465080e-02,4.096270718741483741e+00
2.320007915100308082e+01,7.684569735780759636e-01,1.000122258474145820e+00,1.709248992453796578e+00,-1.839592219859020883e+00,1.497692379714500754e+00,1.982339966428495748e+00,1.031418673249589850e-02,4.416020282481738946e+00
2.335776240379344415e+01,7.843506937666395729e-01,9.618810379085526163e-01,1.654136763545351441e+00,-1.811984265719267961e+00,1.350409720226003252e+00,1.982083682943229785e+00,-2.559159856372937233e-02,4.734795725661679278e+00
2.351543549955964707e+01,7.945802243878017368e-01,9.070600094284814174e-01,1.616493768255411911e+00,-1.787937929040950058e+00,1.174421530603597885e+00,1.982174332224447832e+00,-5.844024919863637091e-02,4.972966063182659546e+00
2.367310658013312974e+01,7.993553330808934598e-01,8.392419554235935886e-01,1.595009005133225077e+00,-1.763419722902793474e+00,9.724147906502417227e-01,1.982615357339891915e+00,-8.498474536274699953e-02,5.063432290625138776e+00
2.383078259157212742e+01,7.988939368151360965e-01,7.618756882058687063e-01,1.588845946257755992e+00,-1.731874564157881657e+00,7.476177176139837677e-01,1.983326821238894588e+00,-1.023915089556737268e-01,4.985530259723939039e+00
2.398846182048627540e+01,7.932740655989571898e-01,6.774681246791351974e-01,1.597989898985411772e+00,-1.685739480968292847e+00,5.061872200756207807e-01,1.984334131862392825e+00,-1.082290501515037473e-01,4.765506542928606315e+00
2.414615288732226261e+01,7.824729418490595778e-01,5.874438841865492478e-01,1.622755860209937007e+00,-1.617918236232585460e+00,2.611856069465942065e-01,1.985550237080571545e+00,-1.001403178310339426e-01,4.450494620442991156e+00
2.430388086077191190e+01,7.664932471337337905e-01,4.926867883861151820e-01,1.662587609479200479e+00,-1.522753526013110870e+00,3.754434006072756430e-02,1.986834722823859423e+00,-7.644568322923163406e-02,4.085856771106724850e+00
2.446158990947670731e+01,7.454983487067041725e-01,3.946404470290820754e-01,1.714574802954815125e+00,-1.397659119952378015e+00,-1.248032080938780014e-01,1.988079933171505109e+00,-3.702115149648959463e-02,3.708540108401733537e+00
2.461931191699610011e+01,7.199238996238225274e-01,2.967903110826957125e-01,1.772379530054547292e+00,-1.245975836641001644e+00,-1.744261621158525732e-01,1.989214856858478653e+00,-1.894948778610394680e-02,3.348375306353614800e+00
2.477704546314851441e+01,6.904750650198092643e-01,2.036097504315134976e-01,1.834572360733865537e+00,-1.082781332286852249e+00,-1.632357969878327764e-01,1.990196692239337928e+00,3.306855364142682885e-02,3.038032261978667936e+00
2.493479114948413056e+01,6.580633360413264965e-01,1.224722050853532945e-01,1.891078827931552242e+00,-9.207792569714261521e-01,1.703678173051926398e-02,1.991007347158891383e+00,8.352621159250017691e-02,2.783130829727606059e+00
2.509255352199869904e+01,6.238608891406328683e-01,6.380729430383574874e-02,1.937603527810344284e+00,-7.825116053501570690e-01,3.150068988759776034e-01,1.991643114053478270e+00,1.198562400565717917e-01,2.589829035406098878e+00
2.525032557084151819e+01,5.893278288586243363e-01,3.396760188504503036e-02,1.977220201982351488e+00,-6.828227659546884931e-01,6.226519167731625615e-01,1.992101779215429413e+00,1.320507841386630021e-01,2.458279112186445126e+00
2.540817478931076678e+01,5.561297520285000129e-01,3.118633219809391691e-02,2.017752365112674529e+00,-6.220355892866041847e-01,8.306312605750606481e-01,1.992385928989961474e+00,1.151573641895822370e-01,2.384297080209243358e+00
2.556602607299809549e+01,5.257989769668602875e-01,4.548297520370894048e-02,2.068024204237423724e+00,-5.885344335347593159e-01,8.652484239067479432e-01,1.992511141275628894e+00,1.206409132298665310e-01,2.360908225000153404e+00
2.572386043152399893e+01,4.997248574858800252e-01,7.030757075297316971e-02,2.123954722677436902e+00,-5.655959878453719059e-01,9.130150717549270212e-01,1.992497091097085393e+00,1.046381471391323176e-01,2.371299791717467187e+00
2.588169951821300785e+01,4.788622750109380877e-01,1.004494654061813541e-01,2.187655475318671439e+00,-5.552533264984493844e-01,8.745334683979771873e-01,1.992367276277354549e+00,9.573660277073214875e-02,2.409141837553606003e+00
2.603954017059215431e+01,4.634944191954101234e-01,1.311230092677678205e-01,2.256544311472131081e+00,-5.487521621740668598e-01,8.304783150907310008e-01,1.992143793115107364e+00,8.116300816462131140e-02,2.463783388990827827e+00
2.619737851638404180e+01,4.534951538548801508e-01,1.595471435958925321e-01,2.329892084828167675e+00,-5.454757283250074584e-01,7.575846798335816867e-01,1.991844719205751790e+00,6.692000076716538015e-02,2.529565942842051829e+00
2.635521658650501919e+01,4.483749830248168755e-01,1.835056857316499646e-01,2.406685661965089373e+00,-5.423640681736696667e-01,6.710437971195326590e-01,1.991484508314531165e+00,5.503165767503974404e-02,2.601801668823366498e+00
2.651305429342887621e+01,4.474852910141770002e-01,2.022821468562210345e-01,2.485828760725636410e+00,-5.381272039152019682e-01,5.858122505632529231e-01,1.991073318327151620e+00,4.571252185744530822e-02,2.677598189916886806e+00
2.667089543531610119e+01,4.501295327242392785e-01,2.161478827616292453e-01,2.566312794959170862e+00,-5.321680485137387784e-01,5.105394124861059035e-01,1.990617082210083488e+00,3.867178574250854095e-02,2.755528937140488743e+00
2.682873911648224663e+01,4.556631652611528582e-01,2.258048057860740088e-01,2.647248585471889459e+00,-5.249263444557525915e-01,4.477462580653721602e-01,1.990116844475687596e+00,3.333189579806782044e-02,2.835557491567141764e+00
2.698657884944075391e+01,4.634941719064283316e-01,2.319169826360085174e-01,2.727832007580638596e+00,-5.170279762039164950e-01,3.965991154297686117e-01,1.989568910723727324e+00,2.919570381287161717e-02,2.918788632800878524e+00
2.714441982942778608e+01,4.730614408232318713e-01,2.348633607996331585e-01,2.807243052707914188e+00,-5.090710613422259057e-01,3.550281756375487929e-01,1.988965261223669012e+00,2.590002349744800758e-02,3.007231595377489963e+00
2.730226373804595497e+01,4.837902223814247171e-01,2.346403999002743546e-01,2.884551884381058695e+00,-5.015617411717159246e-01,3.208733284371454997e-01,1.988295348449595989e+00,2.320466578381082459e-02,3.103233504945393406e+00
2.746010359966692960e+01,4.950464779223455736e-01,2.308923172568466131e-01,2.958707713320605670e+00,-4.948872223542423732e-01,2.923795144832093129e-01,1.987549914602003254e+00,2.095494305644983457e-02,3.208459018394923312e+00
2.761794303881044854e+01,5.061150017665012601e-01,2.230608101712683866e-01,3.028658465236752750e+00,-4.884348975632535894e-01,2.693356515589531708e-01,1.986727182476756282e+00,1.899117552483195817e-02,3.322363335406466334e+00
2.777578333402070143e+01,5.162551492816693788e-01,2.106564920267169905e-01,3.093582868247181317e+00,-4.831096770782469241e-01,2.485848208593628150e-01,1.985836610277088354e+00,1.682018953070070835e-02,3.441610558670900488e+00
2.793362027273680681e+01,5.246882275307749310e-01,1.933585418064751038e-01,3.153203805360439205e+00,-4.781561724944806135e-01,2.287649480192554818e-01,1.984904285703686044e+00,1.445712379088047103e-02,3.558974867732520142e+00
2.809142046652110380e+01,5.307241774289932490e-01,1.713308913336047401e-01,3.207881559053773479e+00,-4.742678399329365302e-01,2.067261808162980108e-01,1.983966674786870055e+00,1.194213083737901727e-02,3.665279128645850371e+00
2.824923585368508583e+01,5.337569491088901552e-01,1.451938669277685612e-01,3.258592014994571073e+00,-4.699239123412432551e-01,1.841473230255457894e-01,1.983061068224609702e+00,9.586212982979366512e-03,3.751582883942842450e+00
2.840706856414562509e+01,5.333666194278056105e-01,1.160693858142432811e-01,3.306648848124967621e+00,-4.652538063876581753e-01,1.605780430353257737e-01,1.982208015988540684e+00,7.429285569177947711e-03,3.813227740846540481e+00
2.856489107469202793e+01,5.292583127758273553e-01,8.520825050865953043e-02,3.353460481120995595e+00,-4.592333950220796601e-01,1.378422312078470546e-01,1.981404517566438539e+00,5.938520266008862590e-03,3.850846939958871396e+00
2.872271485097639854e+01,5.212869197333519500e-01,5.383511691246585518e-02,3.400217658113215524e+00,-4.515333163852446319e-01,1.179678380492196199e-01,1.980625354456406084e+00,5.178459691847362226e-03,3.869640551243866522e+00
2.888053977336812750e+01,5.094197955138259903e-01,2.293923204594326345e-02,3.447755290147910490e+00,-4.423712476448218855e-01,1.021160034942266565e-01,1.979834020084189294e+00,5.167099394625991257e-03,3.876622962296528474e+00
2.903836672366645288e+01,4.937045564661824426e-01,-6.808290355592782478e-03,3.496519478031672179e+00,-4.321449132294897244e-01,9.157689954142783639e-02,1.978994385344513107e+00,5.331199031339620142e-03,3.877960615110941145e+00
2.919619899487317127e+01,4.742426670836991653e-01,-3.504125458884672917e-02,3.546662645389931257e+00,-4.236536759461269619e-01,8.206869228451761644e-02,1.978077717547970016e+00,4.948279425234748327e-03,3.877645078848372950e+00
2.935403202994575622e+01,4.510743848516257093e-01,-6.178960055412283797e-02,3.598230966315060897e+00,-4.164460164673792208e-01,7.384936154416006648e-02,1.977062115369565554e+00,4.471446282205607421e-03,3.877555626783822262e+00
2.951186846244221584e+01,4.242610667727306772e-01,-8.712374466790188954e-02,3.651135554177201481e+00,-4.085130350293240675e-01,6.997578519628294691e-02,1.975926959223079482e+00,4.282519528799804548e-03,3.878594929270190672e+00
2.966970253199122354e+01,3.939424162011701536e-01,-1.110040171776451728e-01,3.705189217228567866e+00,-4.009605990070994053e-01,6.771571811793272722e-02,1.974651243131186451e+00,3.948846889414272913e-03,3.881066204394866048e+00
2.982753759913666158e+01,3.602301250582344849e-01,-1.335222861451383636e-01,3.760258877270440614e+00,-3.936597411371317579e-01,6.546395833045440260e-02,1.973210119512366356e+00,3.231540489246045346e-03,3.885075303810237912e+00
2.998537262562769357e+01,3.232361666532386768e-01,-1.548387811602779940e-01,3.816247868152487399e+00,-3.888767959149596054e-01,5.749718845037005144e-02,1.971576385993719427e+00,1.739641727977229383e-03,3.890206935086147677e+00
3.014320706128485838e+01,2.829660365766035746e-01,-1.753333879702854425e-01,3.873158991179662447e+00,-3.844004797739217216e-01,4.624706986356104388e-02,1.969712416258093457e+00,1.214601987454650648e-04,3.896370409014235037e+00
3.030104821502489898e+01,2.394613781887496018e-01,-1.952317261489118772e-01,3.930936904833177259e+00,-3.804836091133804721e-01,3.140858910248378599e-02,1.967572719415809912e+00,-2.205612650379712349e-03,3.903119721441853152e+00
3.045888816004092448e+01,1.927189455636629245e-01,-2.147945527364126250e-01,3.989587938995549532e+00,-3.770458650329545636e-01,1.092619973495985095e-02,1.965097933555705501e+00,-5.920911110516639299e-03,3.909908340152039141e+00
3.061672655840354906e+01,1.426958218688290925e-01,-2.343531035408656926e-01,4.049237142899989372e+00,-3.697405041898157996e-01,-1.324356052265578815e-02,1.962198741063134522e+00,-1.202637235517691437e-02,3.917160715490813239e+00
3.077456716890862509e+01,8.946902458151152759e-02,-2.541326284800767277e-01,4.110130831414952723e+00,-3.591436554030330019e-01,-5.501207551722298722e-02,1.958756785244625487e+00,-2.364551896499838060e-02,3.925034741187879206e+00
3.093240901672077925e+01,3.305973588408509661e-02,-2.748845741995203928e-01,4.172972995976921062e+00,-3.470451936851405850e-01,-1.412333605849704632e-01,1.954604035945973095e+00,-4.355192484875498177e-02,3.934122747761646277e+00
3.109024762592622437e+01,-2.668243098475236302e-02,-2.982046256249862304e-01,4.238969259892860997e+00,-3.203556508211465870e-01,-2.808079588766239088e-01,1.949440831669097207e+00,-6.986854941094887417e-02,3.950109977621555579e+00
3.124808739612432973e+01,-8.957411015887516148e-02,-3.254469282925580020e-01,4.308930828597243412e+00,-2.754508143095736883e-01,-4.947744135142785882e-01,1.942830844091588460e+00,-9.799530192686084495e-02,3.978585479555913018e+00
3.140593040923509704e+01,-1.553945172423348009e-01,-3.579211128893913796e-01,4.382908185597286455e+00,-2.004380656746387879e-01,-7.647266849737063277e-01,1.934046702643037241e+00,-1.181987128359549555e-01,4.028608925082052927e+00
3.156377087412647242e+01,-2.235181110710419694e-01,-3.952325124165747550e-01,4.459335007340601287e+00,-9.114564391525058207e-02,-1.043442259474909095e+00,1.921943491655587088e+00,-1.202023058464388450e-01,4.108565714965616067e+00
3.172161405417166691e+01,-2.929667664907146807e-01,-4.346414657613633659e-01,4.535624972008356792e+00,5.964133126780350042e-02,-1.236054383549827218e+00,1.904625008857996793e+00,-8.670744913054004299e-02,4.230061728490664308e+00
3.187945000792729289e+01,-3.619474432666552888e-01,-4.695370626417099125e-01,4.609916671986316494e+00,2.394729611396683999e-01,-1.233145802885645903e+00,1.879260710611902585e+00,-1.228080580574020531e-01,4.401705971403013784e+00
3.203727919109874023e+01,-4.286807674144532121e-01,-4.985240258038544092e-01,4.676507730404851237e+00,4.273305932018264253e-01,-1.363628951099068898e+00,1.841362635778454715e+00,-9.101450731330446020e-02,4.608877668931945060e+00
3.219511426296599410e+01,-4.916303668211957634e-01,-5.215787408805382386e-01,4.736418597682761522e+00,6.335203527385719902e-01,-1.356072791270369393e+00,1.783414918054726517e+00,-1.105475528733709800e-01,4.852521540760039720e+00
3.235294305054934938e+01,-5.496755231154202281e-01,-5.384055539652221611e-01,4.785075434228851066e+00,8.284416557315383844e-01,-1.445718204873083668e+00,1.692363825200958516e+00,-4.492869611472377622e-02,5.108942950693031726e+00
3.251077062110528715e+01,-6.023520031011883047e-01,-5.483466758779044214e-01,4.827912616908072607e+00,1.025314098688540509e+00,-1.342645286475820710e+00,1.545177804988659753e+00,-5.955974621597479729e-02,5.391170945711119877e+00
3.266859622459273282e+01,-6.492161192562569960e-01,-5.506974666478400282e-01,4.860859055116582894e+00,1.218500966260201102e+00,-1.289518251394004222e+00,1.302740395145101315e+00,-1.260937920694013212e-02,5.693026543950392870e+00
3.282642444395244041e+01,-6.895624849384527355e-01,-5.448048079228222651e-01,4.887494320889373078e+00,1.392152413871841299e+00,-1.151320823911156976e+00,9.066246056718519908e-01,2.516112871621623004e-02,6.000160487961073486e+00
3.298424709565355784e+01,-7.233247767671503459e-01,-5.298547965709337060e-01,4.907777979492333742e+00,1.556614223927938578e+00,-9.341636633647724119e-01,3.289444291019426592e-01,5.707139084638367110e-02,6.295967021904692373e+00
3.314206048630258294e+01,-7.501696272345802496e-01,-5.055629110664052739e-01,4.921184677928456708e+00,1.692015179663714619e+00,-6.884210536788043511e-01,-2.493383891067123270e-01,1.609128971963134924e-01,6.526471099611392823e+00
3.329982419201258637e+01,-7.701564033081772509e-01,-4.709360332342706346e-01,4.935306988109288362e+00,1.800279487130591605e+00,-2.199655839206840213e-01,-6.234594229416279276e-01,8.912011642939442202e-03,6.659504027678391225e+00
3.345760730243782177e+01,-7.836729646676061645e-01,-4.310346218549245267e-01,4.945707380108556706e+00,1.852561738497903621e+00,-1.916635092398041029e-01,-8.144044858922232510e-01,6.688148167226144747e-02,6.648686383110123721e+00
3.361539132028904930e+01,-7.913186291967110320e-01,-3.915413757002911832e-01,4.956005667130363612e+00,1.897370376431221084e+00,-3.597451958915805909e-02,-8.986594332727700918e-01,3.369899115576113768e-02,6.538113627827959462e+00
3.377324524756173929e+01,-7.934780213567941276e-01,-3.537041691197962412e-01,4.964772263814702491e+00,1.920566429456028068e+00,2.840564947509701191e-02,-9.142205599297319463e-01,-2.111095974374074119e-02,6.357458069705434589e+00
3.393108025480361079e+01,-7.906742237221944247e-01,-3.211599811253276204e-01,4.966373444658180425e+00,1.933294183144148137e+00,-3.322286720256011072e-02,-8.881972856678215233e-01,4.859958268166251344e-02,6.148199456505180294e+00
3.408891473863642574e+01,-7.833381744473895125e-01,-2.936674716537347463e-01,4.969426833764536866e+00,1.952157484921868358e+00,7.329260112222714396e-02,-8.469809245466894954e-01,-4.452518454714116114e-03,5.955589192636002949e+00
3.424675311238344477e+01,-7.719193767983510979e-01,-2.705977463432890917e-01,4.968323664631068226e+00,1.955827759242035668e+00,4.085736811536970492e-02,-8.218492995532042933e-01,7.172570842239993361e-02,5.780117333743433505e+00
3.440459406562189315e+01,-7.569406905525095652e-01,-2.504040723136443658e-01,4.971051660176717846e+00,1.950815167241778836e+00,2.045056629155492245e-01,-8.640300369999396324e-01,-6.126970587879199126e-03,5.635197572164081237e+00
3.456244068825660065e+01,-7.391832199035273110e-01,-2.327638659370521723e-01,4.967116728790001545e+00,1.928317801593611769e+00,1.601433626911951957e-01,-1.040671135513030254e+00,3.146778380445606343e-02,5.505781821021808575e+00
3.472028354675438777e+01,-7.191270743860813663e-01,-2.183624939624474459e-01,4.957237355016974156e+00,1.899143369882666299e+00,2.132118779818596155e-01,-1.296935413722529518e+00,6.496420436913066809e-02,5.393124907029705817e+00
3.487812822665672741e+01,-6.973380079997365533e-01,-2.040062130023483633e-01,4.943489143333799518e+00,1.847916596373014420e+00,3.447235734140990382e-01,-1.507639502694861244e+00,5.168131793448574318e-02,5.290926624188248439e+00
3.503597252300145470e+01,-6.744866031678375951e-01,-1.888926331718101259e-01,4.924998332949417801e+00,1.762225580980524065e+00,4.073438542217525660e-01,-1.647413668335222736e+00,3.614016334592900503e-01,5.193849233995456949e+00
3.519381709499616306e+01,-6.504576776319144216e-01,-1.579339113049767207e-01,4.924144544362229148e+00,1.633035145667435906e+00,1.457402826947773233e+00,-1.733179090462543481e+00,4.112791213202723339e-01,5.109691179211030665e+00
3.535166130172920163e+01,-6.248401120193589620e-01,-9.512504528775636570e-02,4.955683445827494538e+00,1.321784412622724503e+00,2.490812367743161282e+00,-1.775005143984488942e+00,4.411722744111959416e-01,5.025441544280255357e+00
3.550950690676879162e+01,-5.982022979092563864e-01,-1.009926861851707805e-03,4.987635641058391300e+00,8.441371177569729767e-01,3.448577691063346773e+00,-1.704763485725271588e+00,2.155363226137919364e-01,4.941572070212115975e+00
3.566735194450732394e+01,-5.715578902461436739e-01,1.091287583622492646e-01,4.992689774075091513e+00,2.606228560943555927e-01,3.516180557023093733e+00,1.450347433467936431e-01,2.078141155746890956e-01,4.881238406289642562e+00
3.582519464284396093e+01,-5.451220525804032491e-01,2.208199580190327305e-01,4.989082376749522041e+00,-3.139941797099911613e-01,3.548864320006591910e+00,1.569581213349829918e+00,1.322205213840013660e-01,4.881198975676981355e+00
3.598303981118935724e+01,-5.186487550834431026e-01,3.287322377537226226e-01,4.971129858292981929e+00,-8.629215061503469064e-01,3.351497363255775408e+00,1.579598074579582789e+00,-4.367349020325881487e-02,4.928437841982455048e+00
3.614088518068047762e+01,-4.922477033580768269e-01,4.203963747402396089e-01,4.918313767556865557e+00,-1.348870894057127456e+00,2.626823433176230349e+00,1.474633407720216782e+00,-2.126143870294767146e-01,4.987462278813259431e+00
3.629873065422975031e+01,-4.665671498559822439e-01,4.815682158733965990e-01,4.867859174411028000e+00,-1.683032560294585922e+00,1.529234583214784005e+00,1.274192603677512192e+00,-2.299736366552437294e-01,5.043324163108708014e+00
3.645657469768858050e+01,-4.413166704134531271e-01,5.104435621779718213e-01,4.853281887683204232e+00,-1.850539866940742462e+00,5.856753286635982825e-01,8.531416876564200669e-01,-5.402601671301041075e-02,5.091117044386400003e+00
3.661441941855960636e+01,-4.159328296629669075e-01,5.215913303837057535e-01,4.853519309711643359e+00,-1.897779063797363053e+00,3.663428128423878993e-01,5.003082480477599389e-03,-2.277625466770928468e-03,5.108963623078991212e+00
3.677226448978874629e+01,-3.901278050270575171e-01,5.287978680427760647e-01,4.831134429588557211e+00,-1.921868591954835725e+00,3.194982165306018973e-01,-7.848764435333877021e-01,-2.803460568772554035e-02,5.098562008509143872e+00
3.693010890316880079e+01,-3.642739413716382657e-01,5.335660520915508354e-01,4.790338090567051843e+00,-1.941265937978990719e+00,2.074295466728491855e-01,-1.200767350633241692e+00,-2.212751762367255043e-02,5.070960163376895480e+00
3.708795221871891812e+01,-3.387193120582933092e-01,5.352941892662536061e-01,4.741294783194564211e+00,-1.946109453881657458e+00,1.296929367312033010e-01,-1.418724073432411803e+00,6.016566884464566445e-02,5.029630756210092812e+00
3.724579615911209629e+01,-3.134637070722919305e-01,5.380660893718167692e-01,4.675930587547760808e+00,-1.942664693171998636e+00,2.847337452151629256e-01,-1.545112165023191375e+00,-4.745167480335386184e-02,4.967306864588386439e+00
3.740364118990326858e+01,-2.886751844912641696e-01,5.400499023722157288e-01,4.613498317751248301e+00,-1.953568878702437006e+00,1.200020873231118917e-01,-1.625099578949338985e+00,1.516505954864173777e-02,4.913316959277922003e+00
3.756148533004500933e+01,-2.645533365159877248e-01,5.390524770625604312e-01,4.546128781592050139e+00,-1.941615307935290913e+00,1.508672496909941318e-01,-1.680391529352272206e+00,3.156212143182418432e-03,4.844134354489800565e+00
3.771933008549329713e+01,-2.411532913332355976e-01,5.371550135755659428e-01,4.474973043143697815e+00,-1.929762386398800711e+00,1.417466615921891826e-01,-1.716724179823083452e+00,4.549420574764208025e-01,4.772112815019824872e+00
3.787717488991119552e+01,-2.184361953999619244e-01,5.445440666970389199e-01,4.319971186822888498e+00,-1.918940899107603570e+00,7.786243510123755929e-01,-1.731547614579231231e+00,-1.752538124709624168e-01,4.625387393590227880e+00
3.803501794845048067e+01,-1.969712988048926972e-01,5.493093435735542096e-01,4.231939516291266301e+00,-1.971009847314151742e+00,9.705183606509057426e-02,-1.746089643804480396e+00,4.668293535188889898e-01,4.571958860461956320e+00
3.819285850063162258e+01,-1.770203232719605724e-01,5.520937079639136602e-01,4.066257776451365658e+00,-1.935011469831197539e+00,7.163547747940698374e-01,-1.744803355210372775e+00,-8.865022794200418110e-02,4.412167129142646971e+00
3.835069919423160201e+01,-1.582537968565950748e-01,5.578072453589978386e-01,3.961849239936220179e+00,-1.965206713668218752e+00,3.319114805673872848e-01,-1.734272698257338208e+00,4.681389175344228271e-01,4.339707925420819734e+00
3.850854007321307648e+01,-1.408452165236165066e-01,5.668470753699915710e-01,3.769577003303258511e+00,-1.940794008738443432e+00,9.057059647845530082e-01,-1.682434497657483208e+00,5.009473169777805407e-02,4.166535451627386699e+00
3.866638242883720977e+01,-1.241523485470517191e-01,5.868292269027819419e-01,3.618832229074780749e+00,-1.972603260367004729e+00,8.983578687181685840e-01,-1.546571314016481180e+00,3.224402721686146084e-02,4.056516409968177861e+00
3.882422067511659947e+01,-1.078500311075260981e-01,6.060224823737345723e-01,3.473016493067343280e+00,-1.987949056512044788e+00,8.401478318130471967e-01,-1.064054391741276806e+00,8.393518036856392750e-02,3.944719530503472793e+00
3.898206298985405738e+01,-9.132444070566057837e-02,6.265496073093217433e-01,3.334841870117370100e+00,-1.982792681589151673e+00,9.204919379595408735e-01,1.217659440036570118e+00,1.125173343946124227e-01,3.829095257209247816e+00
3.913990446834989001e+01,-7.290420257717512842e-02,6.524505731742549219e-01,3.277186534773436133e+00,-1.979628349787978969e+00,1.061208618852435004e+00,1.682064170998873731e+00,4.427857623017546207e-02,3.778285534815328806e+00
3.929774418720808882e+01,-5.119793516858302945e-02,6.803864107821950835e-01,3.244987856631599055e+00,-1.988363032717746837e+00,1.004197066170323893e+00,1.808732567010091552e+00,5.536723780755886670e-02,3.753874328348064449e+00
3.945558651328734356e+01,-2.587220815288504908e-02,7.069193567799342270e-01,3.219394809788356238e+00,-1.988410305023788904e+00,9.848741773482058148e-01,1.867550609681823071e+00,9.016756146263982252e-02,3.729555437230768433e+00
3.961342727882070136e+01,3.293921819962974690e-03,7.348600717486541978e-01,3.188968741693071873e+00,-1.985016717007881626e+00,1.057178251719165685e+00,1.900576459335844737e+00,4.563627943647746016e-02,3.698148632692539461e+00
3.977126888224721313e+01,3.643842418271391742e-02,7.634306384606565077e-01,3.165501255034761208e+00,-1.987312267703474244e+00,1.008008353846233662e+00,1.921670820922203982e+00,1.068868162368739327e-01,3.675001804321163412e+00
3.992910852816475398e+01,7.369122119696328022e-02,7.933392614728630443e-01,3.130860698296077160e+00,-1.983675297868478848e+00,1.108552961257758485e+00,1.936311920981160783e+00,6.732828732258060167e-02,3.638647960150383387e+00
4.008694747790385549e+01,1.151404580549812151e-01,8.252246965554428382e-01,3.098786525288563354e+00,-1.987007059718133295e+00,1.095543628315382989e+00,1.946938529183993127e+00,8.263558606285785479e-02,3.608267260047585356e+00
4.024478829820817793e+01,1.609025132922521639e-01,8.571863963679369203e-01,3.063409621447300779e+00,-1.986116634765157318e+00,1.119627530769848445e+00,1.954905118959807897e+00,8.743224720790153393e-02,3.575097293188248759e+00
4.040262780474477466e+01,2.109597956524419393e-01,8.896957803815569443e-01,3.024061218307156906e+00,-1.983669636960148086e+00,1.149115940012944925e+00,1.961173997762783561e+00,9.977194540715705884e-02,3.543697735796399240e+00
4.056046869375885677e+01,2.651585947408272026e-01,9.225345590287965525e-01,2.977554424877803640e+00,-1.983183876229239972e+00,1.201055945602943931e+00,1.966109121608856425e+00,1.016027325217889465e-01,3.520641839323014111e+00
4.071830953737347869e+01,3.228971623895360299e-01,9.548049552844982690e-01,2.923817024136914799e+00,-1.982222986139644094e+00,1.245201764085618112e+00,1.969959834472210236e+00,1.005491980968399035e-01,3.512301403467301242e+00
4.087614577598557020e+01,3.833015509792401798e-01,9.844065569426522222e-01,2.863465988883223456e+00,-1.980959369937876913e+00,1.277016686450438643e+00,1.972923267167791650e+00,9.740212101211140339e-02,3.529851159959014328e+00
4.103398418101491529e+01,4.449386151235780185e-01,1.008868620919659120e+00,2.797676829293380241e+00,-1.980876021954293797e+00,1.295587777910679694e+00,1.975091371355911063e+00,9.391541282095032528e-02,3.585792810521521989e+00
4.119180438870476735e+01,5.058475210069286465e-01,1.025832272905818243e+00,2.727769607308705879e+00,-1.979568044656707881e+00,1.301300487440169240e+00,1.976593319613370925e+00,8.350848842030479668e-02,3.686129094830165709e+00
4.134957200271385602e+01,5.639803011480947204e-01,1.033143338640138964e+00,2.657398318526238867e+00,-1.977693837722690251e+00,1.283686250197607182e+00,1.977543903519867863e+00,9.259897229137424579e-02,3.836564716474190728e+00
4.150735191220245213e+01,6.174508759407923986e-01,1.030080447998464432e+00,2.584832563725833143e+00,-1.972996978528432477e+00,1.283440229289360079e+00,1.978085397980105409e+00,7.293807423662367062e-02,4.029048083127675817e+00
4.166512217822480579e+01,6.648967298151834404e-01,1.016295037991666872e+00,2.516811836154897453e+00,-1.971262594338750729e+00,1.246808788030619120e+00,1.978323902785540822e+00,5.209266920519365490e-02,4.265620984353486023e+00
4.182288239341202996e+01,7.054380798760961913e-01,9.911387991316753521e-01,2.456457586397081450e+00,-1.970959021347933104e+00,1.180089471807818091e+00,1.978363341432683109e+00,3.423749878408495484e-02,4.536833185926657741e+00
4.198063410362271242e+01,7.386873114278276198e-01,9.548234427419024506e-01,2.404898590678499204e+00,-1.973110901640361847e+00,1.096794361451196576e+00,1.978271354819953087e+00,1.643383862145326654e-02,4.833094823491497216e+00
4.213837586130882329e+01,7.645471855014371876e-01,9.080633955900334620e-01,2.362425590508554940e+00,-1.975830355716324371e+00,9.994516498046260855e-01,1.978118887088805788e+00,-3.298708608993228698e-04,5.138818697752654430e+00
4.229612467833687361e+01,7.831703715752679207e-01,8.516548027731710713e-01,2.328769611931118977e+00,-1.979026694369851125e+00,8.924777427516132899e-01,1.977976191492155644e+00,-1.639332107845352035e-02,5.437319436849566756e+00
4.245384495039485273e+01,7.947811498003729547e-01,7.864140305433738876e-01,2.303388646937537754e+00,-1.982835146440468321e+00,7.785002346057006140e-01,1.977907360230605427e+00,-3.292803350317400485e-02,5.706158621918097751e+00
4.261155897139315840e+01,7.995814294721493853e-01,7.131285766421285865e-01,2.285838351910407962e+00,-1.985712658086963955e+00,6.562030633332122109e-01,1.977728076051902040e+00,-5.157547351164178118e-02,5.914298042487510898e+00
4.276926014939061105e+01,7.976992373719418161e-01,6.324800520651400193e-01,2.276153473364978197e+00,-1.985887052096541483e+00,5.210789102798826233e-01,1.977483293312655821e+00,-7.486194316513705704e-02,6.028140794175955719e+00
4.292695876219142548e+01,7.890906572704484701e-01,5.449302047004015437e-01,2.275196544260614573e+00,-1.979749044203086505e+00,3.628183167412246113e-01,1.977552514792753957e+00,-9.450620107965365668e-02,6.016858624402553701e+00
4.308464232237444236e+01,7.734737263350704994e-01,4.507459882132655027e-01,2.283747653617196338e+00,-1.962752459282054218e+00,1.841848120751680140e-01,1.978078246751857616e+00,-1.072841836795841025e-01,5.860465572028286552e+00
4.324232721686766467e+01,7.502332685718412497e-01,3.501192984682053866e-01,2.302672691776050051e+00,-1.929221185113630943e+00,-7.620089273408545832e-03,1.979089158291590600e+00,-1.105177073203905957e-01,5.556260269062019752e+00
4.340004465082538587e+01,7.183571841991698292e-01,2.431895773777885961e-01,2.332739235858929838e+00,-1.872377890905992714e+00,-1.996432529423027291e-01,1.980527097787228019e+00,-1.018153341839630466e-01,5.120873179573080414e+00
4.355773031924393734e+01,6.763955407344272031e-01,1.302473501207818130e-01,2.374035710332814020e+00,-1.784738373002602296e+00,-3.697940273240165610e-01,1.982263404821184238e+00,-7.903549280381666486e-02,4.587923638385451142e+00
4.371541879338520431e+01,6.224741716908345213e-01,1.238121154388341534e-02,2.424779534977530293e+00,-1.659604616921487974e+00,-4.816971222559588983e-01,1.984115457625161838e+00,-4.120534763098933351e-02,4.004807008031736615e+00
4.387310885771271529e+01,5.544690552876274658e-01,-1.070720103828620012e-01,2.479636248216644301e+00,-1.495124143509354520e+00,-4.821996260050013805e-01,1.985873837742162529e+00,-4.090068584743384444e-02,3.429492373508819636e+00
4.403080930381167946e+01,4.703692801870554829e-01,-2.242094928721952152e-01,2.540962972645708806e+00,-1.303087589015430536e+00,-4.755853517640952210e-01,1.987327749042583136e+00,8.651763017473106110e-03,2.926974233386936852e+00
4.418854864820590933e+01,3.691927230155085393e-01,-3.301813110944922247e-01,2.597825625716016607e+00,-1.095165268669717529e+00,-2.666953732058416349e-01,1.988308963927025275e+00,5.599733427628424826e-02,2.534272176884251326e+00
4.434627178253688129e+01,2.523738277183903422e-01,-4.078847027552647830e-01,2.643767949380312121e+00,-9.155085637074911187e-01,1.021490085620525984e-01,1.988706563656477577e+00,8.243582808707401732e-02,2.273984333467131691e+00
4.450400056463234222e+01,1.245309171980559099e-01,-4.450121593416934695e-01,2.685929049786482281e+00,-8.000724397484406669e-01,4.613213938981000073e-01,1.988427397822201348e+00,7.722275985334241255e-02,2.148826685877580633e+00
4.466177317375165501e+01,-7.118211729382521551e-03,-4.453911384970915543e-01,2.740281772954141992e+00,-7.457914595315322526e-01,6.318829057442345576e-01,1.987369472401664838e+00,6.727386245789290786e-02,2.149445599473142288e+00
4.481963137675244724e+01,-1.345419968126947419e-01,-4.216097149356176077e-01,2.813616256061059584e+00,-7.267310837355599462e-01,6.682092654198898973e-01,1.985452346130754053e+00,4.458080131715137090e-02,2.258616733917779840e+00
4.497745050443763404e+01,-2.516551083623558838e-01,-3.858841438104509414e-01,2.907471539207030720e+00,-7.202307540327991253e-01,5.792878631078997032e-01,1.982642216728613516e+00,4.883781549530313154e-02,2.456592176226045421e+00
4.513527520258060122e+01,-3.549585152692708023e-01,-3.421100614334919854e-01,3.011297374705930618e+00,-7.182862618472672933e-01,5.625783291961887755e-01,1.978970900752516471e+00,3.305218024361818857e-02,2.717200878828706756e+00
4.529311812007650673e+01,-4.438247757600726762e-01,-2.931821922852000384e-01,3.120516959570563298e+00,-7.246205068809565830e-01,4.892208539758589048e-01,1.974492375824165480e+00,4.662413859767584184e-02,3.010903292855829694e+00
4.545094584046407959e+01,-5.191093070967238710e-01,-2.403435482358177722e-01,3.226864034307028284e+00,-7.357306844783492172e-01,5.122442377548903636e-01,1.969303982920632468e+00,1.578139668683210817e-02,3.307422696487028357e+00
4.560877041567641044e+01,-5.826217267100177732e-01,-1.872361910348341596e-01,3.332638151407586680e+00,-7.548221362870105589e-01,4.084461702173255437e-01,1.963465074915300201e+00,6.881250047609031861e-02,3.586028895239242509e+00
4.576659394116039437e+01,-6.358263746684293949e-01,-1.323718200979251691e-01,3.428075739316113424e+00,-7.699150918509419794e-01,5.510995126806372824e-01,1.956904082950817969e+00,4.050615468416833564e-02,3.831037339401438313e+00
4.592441806658266756e+01,-6.799982377329936156e-01,-7.568299061521424620e-02,3.518335475959878167e+00,-8.042282550054659085e-01,5.449204311458896166e-01,1.949478926693268610e+00,7.506429237906887819e-02,4.037689583339990840e+00
4.608223975709955056e+01,-7.162082532714706407e-01,-1.844973671677488380e-02,3.599027041221476431e+00,-8.400846124177032692e-01,6.630894988151359026e-01,1.940930081400936924e+00,9.178120795551056310e-02,4.193844330818337518e+00
4.624006351811807036e+01,-7.451445342762411661e-01,4.102749543802688970e-02,3.669377701431120187e+00,-8.894640990198406927e-01,8.053754106029589188e-01,1.930778412042470693e+00,9.402262821321265285e-02,4.291778997781965366e+00
4.639789873615238491e+01,-7.674390340070730288e-01,1.016160305279202175e-01,3.729991661641526512e+00,-9.535494693451680437e-01,9.204164926045962369e-01,1.917915855269965553e+00,1.152050073976604583e-01,4.335602556319242851e+00
4.655572939129375953e+01,-7.835321117645491773e-01,1.628841660632641963e-01,3.777685057388742607e+00,-1.028077170045257560e+00,1.074928214025683282e+00,1.899801421716665661e+00,1.222275661362558913e-01,4.344202979079778260e+00
4.671355895641993783e+01,-7.936211214613523302e-01,2.253674098862340491e-01,3.811896856099396658e+00,-1.115952644207221622e+00,1.218219341138237155e+00,1.871118385341234980e+00,1.087187172270233926e-01,4.352070813433881469e+00
4.687139634013716716e+01,-7.977761161018587233e-01,2.886354295080167387e-01,3.835164582151254553e+00,-1.217304940851879680e+00,1.290992941191145826e+00,1.822416931352934588e+00,1.012892074720131430e-01,4.394171039773929088e+00
4.702923202947480519e+01,-7.960534601649387199e-01,3.525871740997471582e-01,3.849004556175794178e+00,-1.323780680658112496e+00,1.327797354701589772e+00,1.735709515655843083e+00,1.073597202661882022e-01,4.489441955848313626e+00
4.718707987257567993e+01,-7.883894728172137212e-01,4.190857184548704706e-01,3.853307105701112789e+00,-1.431423181310165216e+00,1.378374306199563470e+00,1.569185462835583467e+00,1.219515208169832388e-01,4.633198299646149820e+00
