8.832834751593237499e+00,-1.461192817800893717e+00,1.469741954458202438e+00,4.703607041681275192e+00
8.875398078739335617e+00,-1.315456425897601589e+00,1.519351350384417376e+00,4.749140911632451889e+00
8.910649423249289214e+00,-1.175882134952757285e+00,1.561414449740165855e+00,4.794352327803993674e+00
8.943639153108160045e+00,-1.031447806073598761e+00,1.608787031332340689e+00,4.839313219630207108e+00
8.971881680944123971e+00,-8.811812820629456589e-01,1.657309031662235199e+00,4.881974815999361894e+00
8.994867433640965970e+00,-7.253971770467546598e-01,1.702444618344079563e+00,4.920467518633668824e+00
9.012324145708236145e+00,-5.614555800169247490e-01,1.743898813806649351e+00,4.952877250372228701e+00
9.024453309728290407e+00,-3.895061733757785305e-01,1.778957095954886825e+00,4.974440476403533928e+00
9.032099246900905598e+00,-2.096225703334138046e-01,1.805162671554302545e+00,4.984027858296271596e+00
9.039133090549317018e+00,-2.177700843413088450e-02,1.829111338763051542e+00,4.981315449321516375e+00
9.045551752348114150e+00,1.732173760514799099e-01,1.888366367383792710e+00,4.964011728797924405e+00
9.036629804437337654e+00,3.669375373844578903e-01,1.964433644456199612e+00,4.930918903491301464e+00
9.016564147160732290e+00,5.509509568545438718e-01,2.024856777880630787e+00,4.883607920774213795e+00
8.988653581395865899e+00,7.236364059201333410e-01,2.076548952303890694e+00,4.828444147255065211e+00
8.956914547494406520e+00,8.847110710764440888e-01,2.118024415186534171e+00,4.769377450998644186e+00
8.922839073080334416e+00,1.034434957324984694e+00,2.153773808143690349e+00,4.709125823929711352e+00
8.887442744640161152e+00,1.174169891677849575e+00,2.185393617813408795e+00,4.649805750788929437e+00
8.851014369256821723e+00,1.305163345863179059e+00,2.214466471913903334e+00,4.591929071555843400e+00
8.813708149462705421e+00,1.428680890350284116e+00,2.241949244076346215e+00,4.536208305332493751e+00
8.775466610829436576e+00,1.545819084328986293e+00,2.268263664318848960e+00,4.482389162632001600e+00
8.736301862700377896e+00,1.657708623369774648e+00,2.293565585114059058e+00,4.430824665266046125e+00
8.696081842881786983e+00,1.764991174548037556e+00,2.318321254724010849e+00,4.381092137916504647e+00
8.654621720662241557e+00,1.868658700743352608e+00,2.342604256018657960e+00,4.332251344781862024e+00
8.611783040065864370e+00,1.969435269097205454e+00,2.366759322665206611e+00,4.284381970365574333e+00
8.567333814000454240e+00,2.067873857028186269e+00,2.390629216929157419e+00,4.238443600039103920e+00
8.521079717678418319e+00,2.164639837448189219e+00,2.414128278119501925e+00,4.193128889006213278e+00
8.472788095846413015e+00,2.260080406580680101e+00,2.437396531069954797e+00,4.148979084464549771e+00
8.422152184869192482e+00,2.354785541268223259e+00,2.459957386121690348e+00,4.105529614225575941e+00
8.369054726301271785e+00,2.448951293811937546e+00,2.482002520567368364e+00,4.063002702476074646e+00
8.313137545610153722e+00,2.542890404600029797e+00,2.503093930481812723e+00,4.022223025564478860e+00
8.257227471732388580e+00,2.633385131450882710e+00,2.529081427049574060e+00,3.983786608708651311e+00
8.199895054908493464e+00,2.720323716542521808e+00,2.559804469691547180e+00,3.948270012252668160e+00
8.136344062629248697e+00,2.809350040609089660e+00,2.586639436660800762e+00,3.916245879086750481e+00
8.066214566962932153e+00,2.900939288406350514e+00,2.609605224059113215e+00,3.888258505627931072e+00
7.989905614594659866e+00,2.994333055766435159e+00,2.630678522138826025e+00,3.864744445209861823e+00
7.907197559314750102e+00,3.089343190569038278e+00,2.650626630335293665e+00,3.845918595579799426e+00
7.817947216387810094e+00,3.185521566677611993e+00,2.670170712637877752e+00,3.831690783050245130e+00
7.722180603916740438e+00,3.282286923845526339e+00,2.690215179911514376e+00,3.821701092159287327e+00
7.619850037089848094e+00,3.378916084025232358e+00,2.710901196385494760e+00,3.816551945810262136e+00
7.511148215849068777e+00,3.474795371841101765e+00,2.731795077144346884e+00,3.817190878212099125e+00
7.396376317383463572e+00,3.569114011747132498e+00,2.753316747003790255e+00,3.822040119508311573e+00
7.275691802145989762e+00,3.661285660199746772e+00,2.775576232481778316e+00,3.830945921847085600e+00
7.149520548142753285e+00,3.750771248502428712e+00,2.798836765277082694e+00,3.843473979998105250e+00
7.018245542674596216e+00,3.837090360094462582e+00,2.822067304315611924e+00,3.861165888132574775e+00
6.882284555929330416e+00,3.920014648484672293e+00,2.844259611171411795e+00,3.883787648438858486e+00
6.742080609295458160e+00,3.999211593237583351e+00,2.865959778662832136e+00,3.910130664150191837e+00
6.597999704320603342e+00,4.074498725169378055e+00,2.887867190863131484e+00,3.938620668212824416e+00
6.450448474049063741e+00,4.145771572248561299e+00,2.909933917498352951e+00,3.970123413297298232e+00
6.299801018002818331e+00,4.212935872221730271e+00,2.932265347974836622e+00,4.003007085633181639e+00
6.146368891798015710e+00,4.276039590924050060e+00,2.953940095236156083e+00,4.039438816639979279e+00
5.990480836814707999e+00,4.335043116259583940e+00,2.975469471394934562e+00,4.076114502860723299e+00
5.832417811102854621e+00,4.389985265008245818e+00,2.996970116736478840e+00,4.115102439794760869e+00
5.672426028290695754e+00,4.440913356092843323e+00,3.018245062241642351e+00,4.154638910264675467e+00
5.510733207475060347e+00,4.487907603629014197e+00,3.038968347402827952e+00,4.196266816801243138e+00
5.347544416608281281e+00,4.531093307123847502e+00,3.058191531146187359e+00,4.239250459732366139e+00
5.183054827147524968e+00,4.570494376627363131e+00,3.077373039774788044e+00,4.281906038837563599e+00
5.017413287451519821e+00,4.606138849458894846e+00,3.097618844525722004e+00,4.324219430075316062e+00
4.850786594185881206e+00,4.638163360365295418e+00,3.117090146320394606e+00,4.368617908091581015e+00
4.683292009440583215e+00,4.666673501687644610e+00,3.135602301628693134e+00,4.412642062647654129e+00
4.515039552606846307e+00,4.691593033202688723e+00,-3.128328969688514594e+00,4.456360528235442153e+00
4.346203238508694611e+00,4.712825929643010170e+00,-3.107660210455330585e+00,4.499758365514974656e+00
4.176988760401085798e+00,4.730135344587527158e+00,-3.084554700083730783e+00,4.542864224860414524e+00
4.007358957154502299e+00,4.743177934856277034e+00,-3.059394463888894578e+00,4.588411698613826140e+00
3.837468580726010714e+00,4.751412043422590159e+00,-3.033370492032215981e+00,4.638544049483358300e+00
3.670190539231468208e+00,4.754502818101606465e+00,-3.006780134250004011e+00,4.689107686620212156e+00
3.518433723132063928e+00,4.755254526588611697e+00,-2.997810746277464578e+00,4.744327278125410885e+00
3.378606862195696614e+00,4.757873010752803111e+00,-3.000090672923793278e+00,4.799772264185605763e+00
3.239281517090818685e+00,4.759168556683196272e+00,-2.998515988382278064e+00,4.857464489757949089e+00
3.101264601936173815e+00,4.759424007270189882e+00,-2.995082365503796584e+00,4.908353305100113140e+00
2.963531854268828258e+00,4.758151743429411162e+00,-2.988966723698640582e+00,4.945144580417901281e+00
2.826315642103781833e+00,4.755860697042851193e+00,-2.987977732764481420e+00,4.960339073928831333e+00
2.689110941510270525e+00,4.753213796701405869e+00,-3.002280558188529458e+00,4.965477026397200788e+00
2.551805458929338855e+00,4.750825217636363895e+00,-3.037561069860148510e+00,4.972351331380893136e+00
2.414312233965722587e+00,4.748834582250957226e+00,-3.088081408983808451e+00,4.980119319813889334e+00
2.276448659203688774e+00,4.747503404408081273e+00,3.134999142642493464e+00,4.979714711198297117e+00
2.138221037084312215e+00,4.747141170950267330e+00,3.070049563662968328e+00,4.981758901537871154e+00
2.000743440079230329e+00,4.748078412535416071e+00,3.001798660179857414e+00,4.984031595964845351e+00
1.864515573182385255e+00,4.751053040313252041e+00,2.931783679425837175e+00,4.987447963369314508e+00
1.727947541685735500e+00,4.756952647794189026e+00,2.863660394508056317e+00,4.983413715285737844e+00
1.590274777823129870e+00,4.766039868970375792e+00,2.800034896327235234e+00,4.975636681855196919e+00
1.451635617572642145e+00,4.778499588832470835e+00,2.743749988653701788e+00,4.968892266949593406e+00
1.312508171066681939e+00,4.794468761302227655e+00,2.693742736574065155e+00,4.966466869343622470e+00
1.173208636881195144e+00,4.814679223748211001e+00,2.647661208659811471e+00,4.968565401889511790e+00
1.025898490527226592e+00,4.842803976105988895e+00,2.618168153485396221e+00,4.972724806210813142e+00
8.687284539128006244e-01,4.876060097855436481e+00,2.605057513500594890e+00,4.972550511131419881e+00
7.107153391297629241e-01,4.910933699082214332e+00,2.590396042127788956e+00,4.968560984891318810e+00
5.540377539459768741e-01,4.947897592330264160e+00,2.573205270830180691e+00,4.963641158173299317e+00
3.982810253350841379e-01,4.987378976433362254e+00,2.559261718682828146e+00,4.960198987346884358e+00
2.436621752535206298e-01,5.029439454987830516e+00,2.554570566768295858e+00,4.957345545857459790e+00
8.989775370642938412e-02,5.073777621713929875e+00,2.565263651685142587e+00,4.955638941655867491e+00
-6.319152687465212637e-02,5.119781963888883070e+00,2.597121995103125247e+00,4.962490371984936921e+00
-2.157634746511849499e-01,5.167205719542572240e+00,2.645335059544862144e+00,4.974771555207512463e+00
-3.680062461665478679e-01,5.215453775456985852e+00,2.708036088859693269e+00,4.978384367311903702e+00
-5.202058954450681227e-01,5.263767609157454785e+00,2.784077464074628860e+00,4.985258233474169742e+00
-6.725113734940464383e-01,5.311741245917282583e+00,2.863217882809742321e+00,4.990516203723102784e+00
-8.251393336202941242e-01,5.358594889893687707e+00,2.942657277971141738e+00,4.993293025155788101e+00
-9.781785477851725474e-01,5.403864466455754467e+00,3.015765548783638117e+00,4.990798346664335305e+00
-1.131905343984790147e+00,5.447824622743675071e+00,3.072163500548555248e+00,4.981951666143405788e+00
-1.288895961364170617e+00,5.491146786584137907e+00,3.114615262646150740e+00,4.977866404470299599e+00
-1.452497313494308440e+00,5.532833659947585581e+00,-3.129043681031192570e+00,4.980403293948585386e+00
-1.620577218840888012e+00,5.569691975342649037e+00,-3.091486659327680186e+00,4.983018397980134573e+00
-1.789251961824828374e+00,5.600983292387243573e+00,-3.059064676971763319e+00,4.982732058058056523e+00
-1.958420930717762687e+00,5.627494864915563610e+00,-3.030650927516908677e+00,4.982643830860262746e+00
-2.128383519463555196e+00,5.649584127470249406e+00,-3.005585810932699609e+00,4.984850167359681450e+00
-2.298915402590720358e+00,5.667262349602311566e+00,-2.980858896767269339e+00,4.983747198937813927e+00
-2.470011447808469818e+00,5.680396619225621002e+00,-2.953035151172851425e+00,4.980048251585298402e+00
-2.641429638912158318e+00,5.688821318681537953e+00,-2.923920062023133148e+00,4.978593630655896440e+00
-2.813097801018211719e+00,5.692393054099876615e+00,-2.893571893195041156e+00,4.978306898867833397e+00
-2.980919073076667036e+00,5.690607486798626269e+00,-2.869040912217672101e+00,4.977939552497433695e+00
-3.144869054820616849e+00,5.686318089332742964e+00,-2.849631843933869924e+00,4.977823996427253483e+00
-3.308709498807252292e+00,5.678891187424215836e+00,-2.826798233855956521e+00,4.978088048585473935e+00
-3.472088305283326459e+00,5.668154807030926889e+00,-2.801589396697975687e+00,4.978841741101561524e+00
-3.635092015505565488e+00,5.653761794943194197e+00,-2.774306670384270923e+00,4.979990301947831988e+00
-3.797531116600171508e+00,5.635546761759923307e+00,-2.745779462997363751e+00,4.980933801665671901e+00
-3.959327218756713673e+00,5.613344433939138511e+00,-2.715960836374409659e+00,4.980653369337839642e+00
-4.120401627726829830e+00,5.587087213619239989e+00,-2.685274085063665606e+00,4.979739641441053521e+00
-4.280694135880824369e+00,5.556703339801674524e+00,-2.654234288685136445e+00,4.978126182919929477e+00
-4.440055219619761573e+00,5.522157514673090795e+00,-2.622935215971179179e+00,4.975120606432440695e+00
-4.598430315386163869e+00,5.483420496816762579e+00,-2.591205377367045593e+00,4.970481353348335851e+00
-4.755698124035431462e+00,5.440413233657571901e+00,-2.558559149458499604e+00,4.962936916345618066e+00
-4.911753350919317640e+00,5.393107744259047820e+00,-2.524700038358322463e+00,4.952475969735541383e+00
-5.066513636873516191e+00,5.341449141056457961e+00,-2.489848781815373613e+00,4.939516578182518991e+00
-5.219839608296000577e+00,5.285437146632803618e+00,-2.454594014771044108e+00,4.923620152619402113e+00
-5.371657731975457040e+00,5.225037246154202286e+00,-2.418187041968284934e+00,4.900872269441791218e+00
-5.521823427224004099e+00,5.160295982212131705e+00,-2.381564188813947158e+00,4.875959631880885325e+00
-5.670366751268643313e+00,5.091452922030961226e+00,-2.346191397309625781e+00,4.848099899439919369e+00
-5.817158647165175722e+00,5.018567261891912601e+00,-2.312326813703528217e+00,4.816276840248034929e+00
-5.963116056531617915e+00,4.941708871387735513e+00,-2.269295956693742511e+00,4.775677556386067835e+00
-6.106176000940016557e+00,4.858496599686650264e+00,-2.218877282699631248e+00,4.732614944501587040e+00
-6.244979012356077774e+00,4.770248524542851420e+00,-2.172409510564780710e+00,4.687392361563373022e+00
-6.379510684532583298e+00,4.677348263985479093e+00,-2.128991134579540034e+00,4.642025962556017404e+00
-6.509757118645202567e+00,4.580309318410738406e+00,-2.087495712845996554e+00,4.593347335127839770e+00
-6.635641658396535192e+00,4.479372455881148518e+00,-2.046043507746802881e+00,4.541942997637255175e+00
-6.757076807834939913e+00,4.374750160107031327e+00,-2.004462646007518778e+00,4.488373274075777353e+00
-6.873976369084463300e+00,4.266620261818237836e+00,-1.963045563101943891e+00,4.436129774411824656e+00
-6.986151079753652127e+00,4.155064877585910033e+00,-1.921297888040125024e+00,4.381358819941327809e+00
-7.093455236032250255e+00,4.040167374767630548e+00,-1.878426824006457885e+00,4.324694745635737192e+00
-7.195681071671224061e+00,3.922054448373182289e+00,-1.834602346743648082e+00,4.267000623847317264e+00
-7.292643056925995459e+00,3.800850075547346663e+00,-1.789840095559845690e+00,4.206719245309467503e+00
-7.384187229100294125e+00,3.676744434943801654e+00,-1.743990886204813684e+00,4.143268973761720098e+00
-7.470195615902082587e+00,3.550067312891540094e+00,-1.697536251836658128e+00,4.076636750177547341e+00
-7.550795400287152681e+00,3.421317510507784210e+00,-1.652275788815845470e+00,4.008461253960558857e+00
-7.626226864761003199e+00,3.291522326278349730e+00,-1.610301385764074222e+00,3.939132011435434677e+00
-7.697595142171119953e+00,3.161383427178423133e+00,-1.574967659762489092e+00,3.866286252588944539e+00
-7.765246281348759716e+00,3.033602017843743504e+00,-1.546497624546182115e+00,3.790903827721954222e+00
-7.821418750795196217e+00,2.918347432045591106e+00,-1.510288738011277498e+00,3.715961687120217682e+00
-7.856875174312165200e+00,2.825209524214128187e+00,-1.452639302223906803e+00,3.641437083912628658e+00
-7.880145999560764558e+00,2.744023353898388251e+00,-1.394266729586779663e+00,3.570378726085343235e+00
-7.901651050520730024e+00,2.665243348496193043e+00,-1.351557438765157215e+00,3.504044959730687747e+00
-7.920546601548577037e+00,2.589490432627881589e+00,-1.318335821708659594e+00,3.442523331516676777e+00
-7.937483220655191296e+00,2.514514044551791283e+00,-1.292534586498309546e+00,3.385032207583856145e+00
-7.952656678153238623e+00,2.438858703016419938e+00,-1.270771504160726817e+00,3.330570560950179893e+00
-7.966036316591243782e+00,2.360850801565199664e+00,-1.250971531342438547e+00,3.278362519017736343e+00
-7.977865386557986049e+00,2.278766443061980951e+00,-1.231673914653730106e+00,3.227981038560280513e+00
-7.987916490132592529e+00,2.191719362145993166e+00,-1.211191996681935112e+00,3.179428103830642893e+00
-7.995877644787567462e+00,2.097947334807822362e+00,-1.189310825425093920e+00,3.133135161663925139e+00
-8.001187057378203349e+00,1.996352037200676444e+00,-1.164875379313326853e+00,3.089910433028584702e+00
-8.002862681642001874e+00,1.886347704948947213e+00,-1.136512283890710684e+00,3.050833408081766063e+00
-7.999259970719782231e+00,1.767280191682105484e+00,-1.103162977152234436e+00,3.017048467396869604e+00
-7.988929502415964556e+00,1.640635810245816950e+00,-1.061773064376997366e+00,2.990681616024305267e+00
-7.966218676780625785e+00,1.503879433620462613e+00,-1.021595670326859162e+00,2.973930749150513364e+00
-7.928750938491092803e+00,1.355120684800776409e+00,-9.950954696441879355e-01,2.968877853039074033e+00
-7.882315827673115116e+00,1.201855056510491959e+00,-9.718097300297059427e-01,2.977085588603650024e+00
-7.829418178433181552e+00,1.051093422118085208e+00,-9.404074213974011887e-01,2.997784660801916079e+00
-7.768676091549147067e+00,9.039160633386433830e-01,-9.034065043143628682e-01,3.027211592212244007e+00
-7.699886737958188121e+00,7.607407837551978247e-01,-8.633255357642185546e-01,3.063195376023826633e+00
-7.623411628769225068e+00,6.221992711066972603e-01,-8.214817487876803215e-01,3.103984025840549332e+00
-7.539741568354799028e+00,4.884223420752045186e-01,-7.798943644632223560e-01,3.148448037807966227e+00
-7.449488370685016569e+00,3.594282708557292594e-01,-7.396989009430509077e-01,3.195688750854482674e+00
-7.353261185315098203e+00,2.351275529527265817e-01,-7.018957135216971066e-01,3.245611520016400409e+00
-7.251689165942274862e+00,1.153615055081944618e-01,-6.672337435756228174e-01,3.298000796138234048e+00
-7.145334514355357491e+00,-4.419595930649222737e-05,-6.360366611088279498e-01,3.352410172663888854e+00
-7.034729382284146126e+00,-1.113501433245245309e-01,-6.084762067654341244e-01,3.408079333141765588e+00
-6.920421654715182669e+00,-2.188402898934356244e-01,-5.845122571740712925e-01,3.463944207864184222e+00
-6.802928463555021565e+00,-3.228855707496025573e-01,-5.645329214443584043e-01,3.518748062296560786e+00
-6.682913392552823240e+00,-4.240143312737849612e-01,-5.485293154064225796e-01,3.571800831200038218e+00
-6.560793676389332418e+00,-5.226102407589223731e-01,-5.371130845947098553e-01,3.621850074179689738e+00
-6.437929835768752440e+00,-6.189051539063008534e-01,-5.146315933046418101e-01,3.668430064031370286e+00
-6.311758464358735665e+00,-7.094399324432494325e-01,-4.792036485159039128e-01,3.711052104117415595e+00
-6.181770464815802058e+00,-7.951865546745553459e-01,-4.505226197692731027e-01,3.750690233266427587e+00
-6.049013699224124352e+00,-8.776622833180667271e-01,-4.289806811952606713e-01,3.787983059015882059e+00
-5.913895194268435240e+00,-9.572615804998774180e-01,-4.103943183512412940e-01,3.824628793068447052e+00
-5.776605589594878687e+00,-1.034460194358964635e+00,-3.946075718547214506e-01,3.861659422578298528e+00
-5.637297929686104325e+00,-1.109581039965908289e+00,-3.812405968033147907e-01,3.900055980863018856e+00
-5.496068490098286574e+00,-1.182891535608822320e+00,-3.695399150596438975e-01,3.940277642099974109e+00
-5.352942465741566735e+00,-1.254413198012207520e+00,-3.576437155921837752e-01,3.981811783844263264e+00
-5.207949963589324938e+00,-1.324126574318470695e+00,-3.443900897888576007e-01,4.023751001903264068e+00
-5.061155501200124363e+00,-1.392115862439821328e+00,-3.307706361321749444e-01,4.067103889078577339e+00
-4.912635224474508178e+00,-1.458420032077506256e+00,-3.181311441800954709e-01,4.112132075437465062e+00
-4.762443804604586717e+00,-1.523099732145868579e+00,-3.068672380781225506e-01,4.158973647874093515e+00
-4.610644194675590057e+00,-1.586115041537216719e+00,-2.957633335397854002e-01,4.206222804678618310e+00
-4.457259773082900445e+00,-1.647428424154458781e+00,-2.837883477995168935e-01,4.253765015282381157e+00
-4.302367293799012948e+00,-1.707006803618735802e+00,-2.709396197970053155e-01,4.301365638529212276e+00
-4.146046482298747726e+00,-1.764813641933645094e+00,-2.569470761951895277e-01,4.348776014968305681e+00
-3.988328075880982038e+00,-1.820874532499839660e+00,-2.431701568891858900e-01,4.397319970133577449e+00
-3.829288539356574539e+00,-1.875207510739097749e+00,-2.312243087737120839e-01,4.447032612608389002e+00
-3.668969495539773806e+00,-1.927611489498820774e+00,-2.187578853915105315e-01,4.496741689787953966e+00
-3.507428722922757647e+00,-1.977797366060411122e+00,-2.049496363516967179e-01,4.548419662359304283e+00
-3.344644203985259967e+00,-2.025400148458277982e+00,-1.898255085868565673e-01,4.601639066322857907e+00
-3.181082985485768955e+00,-2.069694133354971655e+00,-1.734584382903859301e-01,4.658223774189459654e+00
-3.016732825563382292e+00,-2.110181592484657642e+00,-1.553752057733570613e-01,4.718531931614113439e+00
-2.863354248012579539e+00,-2.145915328672389322e+00,-1.591321788414452876e-01,4.783878435954407315e+00
-2.725594493047404754e+00,-2.182837895611346113e+00,-1.953660955559825829e-01,4.851472051780925554e+00
-2.590630039384418382e+00,-2.221825463775925158e+00,-2.443998412492877637e-01,4.914031553455366463e+00
-2.456536787327984861e+00,-2.262067823896899199e+00,-3.027205361544753059e-01,4.957759542244194684e+00
-2.324933659304855293e+00,-2.303312409467765498e+00,-3.658432866966854213e-01,4.974280048922387287e+00
-2.195338632850720284e+00,-2.345319792159984651e+00,-4.255617391978198105e-01,4.980966845592108783e+00
-2.067405288483498360e+00,-2.388318311958540718e+00,-4.821798598788309409e-01,4.979653332154700962e+00
-1.941558167145357894e+00,-2.432160673997824318e+00,-5.352744431634671729e-01,4.981793060595752998e+00
-1.817709266112910615e+00,-2.477078893997849640e+00,-5.834868261367660569e-01,4.979948711212959012e+00
-1.706528619139350944e+00,-2.519332358171671782e+00,-6.433240317851320889e-01,4.977482272687811182e+00
-1.607681525575205050e+00,-2.562576309591045209e+00,-7.131052492685121535e-01,4.972592898343839884e+00
-1.510338316720475138e+00,-2.609395005602385798e+00,-7.791933138707870521e-01,4.968330151440998321e+00
-1.402716724833959594e+00,-2.667496982951680806e+00,-8.241315101148294353e-01,4.966249248540011152e+00
-1.279655350960439364e+00,-2.735312373831259691e+00,-8.442048573951730361e-01,4.966950015578928124e+00
-1.155890731059641130e+00,-2.804615109503497905e+00,-8.635364116875705598e-01,4.969565485507719593e+00
-1.033789335488009442e+00,-2.875692362287770365e+00,-8.869233487277929928e-01,4.970399111701493844e+00
-9.125345874004722191e-01,-2.949765403923228391e+00,-9.142883514667887734e-01,4.968217541677409699e+00
-7.888115851744679219e-01,-3.030358816409144396e+00,-9.373843467641331806e-01,4.969334042225958648e+00
-6.608546610540724231e-01,-3.117002785791610719e+00,-9.537130766066479470e-01,4.964866099554897438e+00
-5.338270805506830641e-01,-3.206210374820646081e+00,-9.704676919080355013e-01,4.960167026118650568e+00
-4.089072723893565353e-01,-3.297755397729744686e+00,-9.838842846438697887e-01,4.955273946322998668e+00
-2.847603292108118467e-01,-3.392539810225997599e+00,-9.862766700753818894e-01,4.948136865613955493e+00
-1.595955741307193421e-01,-3.491046801966092517e+00,-9.701501356247137497e-01,4.945683909780098197e+00
-3.352552300630406990e-02,-3.591433557449420277e+00,-9.290974144622909936e-01,4.955875116763271748e+00
9.219429701985859538e-02,-3.691838162378715538e+00,-8.601109592010452998e-01,4.975660596287529103e+00
2.178145711313845823e-01,-3.792191534879556514e+00,-7.722555644174119438e-01,4.988686125868334820e+00
3.436740130888935596e-01,-3.892329332699254962e+00,-6.782980145474440947e-01,4.988666445326374266e+00
4.701221385356824101e-01,-3.991608522580982310e+00,-5.858291348167667945e-01,4.993648929500364098e+00
5.976895763507883430e-01,-4.089251561018130587e+00,-4.988065683074974777e-01,4.994893135330232603e+00
7.266623640007914275e-01,-4.184812542095031063e+00,-4.243045226102780676e-01,4.985621880063471956e+00
8.572803837440297059e-01,-4.278060677557512292e+00,-3.663653672633531144e-01,4.976954997555018245e+00
9.897985712226713417e-01,-4.368498582608332015e+00,-3.205805107564148604e-01,4.973864892997872822e+00
1.124353725628093770e+00,-4.455765316330449366e+00,-2.821509655900132918e-01,4.974791279986653159e+00
1.261169451650751228e+00,-4.539693325316200401e+00,-2.473713542495918349e-01,4.977115418945400549e+00
1.400277618308109595e+00,-4.620097610361227680e+00,-2.142980768272825798e-01,4.979313853734587347e+00
1.541682429561145540e+00,-4.696900253079668630e+00,-1.822397682385391016e-01,4.980959623712721829e+00
1.685413581309113340e+00,-4.770078938542383185e+00,-1.511555352753317649e-01,4.982080741381309075e+00
1.831353928556163524e+00,-4.839554593372280777e+00,-1.215077652244234696e-01,4.982548461840446308e+00
1.979673175766716753e+00,-4.905573648826702993e+00,-9.338226439947344693e-02,4.982946164984353388e+00
2.132235655646651296e+00,-4.969315213297576861e+00,-6.396856019924068715e-02,4.983894073432278304e+00
2.290724992838346630e+00,-5.030712871255631491e+00,-2.992699051748415329e-02,4.983034845550307068e+00
2.452865102457485236e+00,-5.087221875899204271e+00,4.438631424603323161e-03,4.983209503078479763e+00
2.616391158978420783e+00,-5.138070498430747257e+00,3.646510536309954809e-02,4.980414412873213514e+00
2.781436662009005190e+00,-5.183648062029873493e+00,6.757508258734146178e-02,4.977383628917726455e+00
2.947725666571454184e+00,-5.224145906482704049e+00,9.765032016745234245e-02,4.973660197685522810e+00
3.115085290831621556e+00,-5.259627374798585997e+00,1.275044189786628812e-01,4.968737027504059434e+00
3.283316031516392286e+00,-5.290140695861474285e+00,1.574971856330117381e-01,4.962718322056644205e+00
3.452268633082354654e+00,-5.315671674645047418e+00,1.881629422161752441e-01,4.954617928192754484e+00
3.621837965373301493e+00,-5.336205135154084012e+00,2.199557794046154702e-01,4.944177749005723932e+00
3.791876168048640139e+00,-5.351648192066355669e+00,2.531396219469665976e-01,4.930507319561709068e+00
3.962229990846640959e+00,-5.361943454680466736e+00,2.878619956782811906e-01,4.913501037358775747e+00
4.132754060003300367e+00,-5.367017289350120457e+00,3.238684190431568299e-01,4.893761244628517915e+00
4.303270562245673503e+00,-5.366799667600107959e+00,3.611604966670092232e-01,4.870161872813003612e+00
4.473600099148416831e+00,-5.361234843020468155e+00,3.991983544650477000e-01,4.844958270516060317e+00
4.643506146693143322e+00,-5.350340101997125508e+00,4.370763332346023211e-01,4.817670080353471995e+00
4.812703721928754952e+00,-5.334235866588104003e+00,4.740781009082689068e-01,4.789119544157675712e+00
4.980876056174805555e+00,-5.313238451756403080e+00,5.096092403454728359e-01,4.756065744593223066e+00
5.147407895831327629e+00,-5.288022026268848208e+00,5.428936171333215155e-01,4.720191655741436065e+00
5.312189864003151740e+00,-5.259683818993202920e+00,5.703188255194828749e-01,4.681139309868149745e+00
5.471238607817479505e+00,-5.229345807014732728e+00,5.984219352282984516e-01,4.636140992939834504e+00
5.615704502272956589e+00,-5.194688104030380948e+00,6.407949608518187512e-01,4.585640235826765831e+00
5.746284587142172384e+00,-5.154987086013996134e+00,6.888354655587644038e-01,4.530503356032711260e+00
5.868441992513629302e+00,-5.113561727274467117e+00,7.296863672139615176e-01,4.473832564053574323e+00
5.981928895125975032e+00,-5.071741334703354198e+00,7.642652742782054531e-01,4.416547578725976919e+00
6.086946057549075029e+00,-5.030261872713881033e+00,7.940915701737022436e-01,4.359991301388233431e+00
6.184336387694502335e+00,-4.989411717451182504e+00,8.201068458872682321e-01,4.303801267380221951e+00
6.275099406268771496e+00,-4.949314227284405732e+00,8.432374280056759153e-01,4.249106412528247390e+00
6.359841425035157592e+00,-4.909910810343640186e+00,8.644681609963693614e-01,4.196102649960823605e+00
6.439852550026083478e+00,-4.870863665056416103e+00,8.838619547760335760e-01,4.144373125000528013e+00
6.516247244139096395e+00,-4.831890648762552587e+00,9.019364246345952241e-01,4.093813319862377398e+00
6.590137118267568539e+00,-4.792396289947005172e+00,9.189032129850485120e-01,4.044041555286312928e+00
6.662890137521269907e+00,-4.751816388401197244e+00,9.350767093810941066e-01,3.995018544344128841e+00
6.735700604400024716e+00,-4.709288939270329877e+00,9.506827850108362510e-01,3.946399415889668028e+00
6.810393904264140374e+00,-4.663693815573320300e+00,9.657512585757209722e-01,3.897796532320619178e+00
6.888257831155320865e+00,-4.614091930731867741e+00,9.812153010919661966e-01,3.848867677463374548e+00
6.971356506382149654e+00,-4.558710228916064366e+00,9.970427242238725229e-01,3.799427193840084982e+00
7.061860164788070549e+00,-4.495666609151280468e+00,1.014216727817613295e+00,3.749617251216134317e+00
7.161869714872035608e+00,-4.422568051563127156e+00,1.034035498705029532e+00,3.700187897212059873e+00
7.273431007120490399e+00,-4.336244447875558627e+00,1.058786381333336690e+00,3.652861500703304731e+00
7.396660416554412976e+00,-4.233060002313314918e+00,1.092022930873725706e+00,3.610557869120615049e+00
7.528550689844717425e+00,-4.109631739448903254e+00,1.138483924891884769e+00,3.579335606436000017e+00
7.661163379876224866e+00,-3.963062504327511171e+00,1.197769575770587291e+00,3.567203949267354623e+00
7.785000254050311597e+00,-3.796250856066407220e+00,1.241662177215027363e+00,3.582372881020338351e+00
7.900236877423434834e+00,-3.628083004946068169e+00,1.243444987273162106e+00,3.622282062593217944e+00
8.010835436480331140e+00,-3.472743742542784950e+00,1.229717691469665919e+00,3.684392690688873540e+00
8.112158108795947342e+00,-3.325342774348070130e+00,1.233394554319244385e+00,3.759189568401156478e+00
8.201831576271985114e+00,-3.183667002888802333e+00,1.248713723216730020e+00,3.841475089937164800e+00
8.281245559402147904e+00,-3.048172299224115811e+00,1.267722388091558461e+00,3.924409932725351879e+00
8.352132934951841392e+00,-2.917049348543212517e+00,1.289177748239117793e+00,4.006497542956259927e+00
8.416225219975974170e+00,-2.789268120895484593e+00,1.310578231115787640e+00,4.086396246037476310e+00
8.474956012568977570e+00,-2.663992346166761394e+00,1.330886821083470117e+00,4.163496635323453710e+00
8.529485029336974833e+00,-2.540198073392660127e+00,1.350038161155855621e+00,4.237622458461530073e+00
8.580843033831341060e+00,-2.416335275333473032e+00,1.368666561799871229e+00,4.308768315590738140e+00
8.629615323109849356e+00,-2.291531379718036554e+00,1.386436299947603867e+00,4.376466954346999394e+00
8.676090666184011369e+00,-2.166098358116466116e+00,1.401771889289755713e+00,4.440427060591817465e+00
8.721192463237214199e+00,-2.038503763473715757e+00,1.416031671828741567e+00,4.500891844565280131e+00
8.763784705001659958e+00,-1.910898038792197440e+00,1.427251581614273679e+00,4.557047658495922526e+00
8.805989691085393645e+00,-1.781001597474456410e+00,1.441838758977269208e+00,4.608859590375487869e+00
8.850789649674148052e+00,-1.637900927895057812e+00,1.477418442062043535e+00,4.657236909028693361e+00
