8.855030516819848430e+00,-1.472183200236527156e+00,1.601987887231604013e+00,3.845384640011668242e+00
8.903179348729279852e+00,-1.329614156843827111e+00,1.666384333469339563e+00,3.832104594678881870e+00
8.944126506626144391e+00,-1.194025164487012125e+00,1.718030953219883861e+00,3.803428226746837559e+00
8.983513589730424798e+00,-1.054277253457578833e+00,1.770668015389063044e+00,3.755323512354622473e+00
9.019172054414076101e+00,-9.096862049708076547e-01,1.820814874042788745e+00,3.695726351802766541e+00
9.050684249768268685e+00,-7.608549413722069943e-01,1.865056902935637861e+00,3.631803458478259472e+00
9.077561554105075814e+00,-6.049409123171169966e-01,1.904990577637473592e+00,3.578710702804927202e+00
9.099096652239381910e+00,-4.416243791108449557e-01,1.939729431861570319e+00,3.548186293356091703e+00
9.115056568107064550e+00,-2.702787950017153662e-01,1.966376563395634713e+00,3.531859444899596134e+00
9.128807327351866618e+00,-8.905173491246198836e-02,1.993237606895479797e+00,3.508709246911574375e+00
9.142154749794723756e+00,1.060964797714700758e-01,2.062156038614150866e+00,3.464914705588339139e+00
9.138429049932618398e+00,3.057987680754268300e-01,2.149950583609045118e+00,3.419259802979931262e+00
9.119186812543507159e+00,4.977928614817450637e-01,2.223336913347660815e+00,3.351448358604929290e+00
9.088371814331370757e+00,6.800045959136209461e-01,2.288822099344916872e+00,3.287557944054573245e+00
9.050624061215369665e+00,8.507674034133507757e-01,2.342943130579895339e+00,3.217636024867133404e+00
9.008487251207816016e+00,1.009679010281738787e+00,2.390976301453513031e+00,3.151803144670112022e+00
8.963872651995709262e+00,1.157501704643213447e+00,2.432972505792454498e+00,3.091022779857249603e+00
8.917739813490509704e+00,1.295234207564602613e+00,2.470221335998176393e+00,3.037046506584380356e+00
8.870746169796333902e+00,1.424080103046067691e+00,2.503460359389944045e+00,2.989953408016307268e+00
8.823155513199278488e+00,1.545189021880231772e+00,2.533278413126689443e+00,2.948950691731190510e+00
8.775217118973994701e+00,1.659807829364716936e+00,2.560198723801052623e+00,2.913026767852517462e+00
8.726927450579234247e+00,1.768741698637597448e+00,2.585122863056288800e+00,2.880957059061293624e+00
8.678204253577067817e+00,1.873137164330642257e+00,2.608367470318871284e+00,2.851443394133351461e+00
8.628987887090353581e+00,1.973899232355978750e+00,2.630555689656238094e+00,2.823550460161332598e+00
8.579045086186338764e+00,2.071747966161703758e+00,2.652099440634226646e+00,2.796578697143456083e+00
8.528124952990951968e+00,2.167489369733488047e+00,2.673154881209975020e+00,2.770257740024681503e+00
8.475997470620850294e+00,2.261624962335294864e+00,2.693845283465466256e+00,2.744687310223724808e+00
8.422299580652863327e+00,2.354868321876293358e+00,2.713542925239305514e+00,2.720834257307041426e+00
8.366870994035039644e+00,2.447538683722696007e+00,2.731987028783208427e+00,2.700080140045073129e+00
8.309280868194541370e+00,2.540044372525874117e+00,2.748332522388649668e+00,2.684005356164491207e+00
8.252276442196990303e+00,2.629194192170875688e+00,2.768073496710438786e+00,2.674045057487870025e+00
8.194341197901184870e+00,2.714895465304404620e+00,2.790710290678851013e+00,2.671293532414087402e+00
8.130526557945296773e+00,2.802844400439239436e+00,2.807394059243821793e+00,2.676363238947511825e+00
8.060342867481459450e+00,2.893487712231889830e+00,2.818143863283884887e+00,2.689165734893290249e+00
7.984077580493735837e+00,2.985974642313530492e+00,2.825293623378041463e+00,2.708669962049010671e+00
7.901403466992211300e+00,3.079980009750376446e+00,2.830431262323523711e+00,2.732823036920508208e+00
7.812090234854631277e+00,3.174877938979939085e+00,2.835505647390758277e+00,2.759060190005113267e+00
7.716140715529235194e+00,3.269950617946078442e+00,2.840981681486404398e+00,2.791305509931935713e+00
7.613528268532069987e+00,3.364401359268523795e+00,2.846681742067633358e+00,2.826921901612145405e+00
7.504454261881408073e+00,3.457496530108566279e+00,2.854208605307576807e+00,2.863625787814728874e+00
7.389261197678449022e+00,3.548352494701485504e+00,2.865142060985951922e+00,2.900200014290440720e+00
7.268188848352792775e+00,3.636485469486611333e+00,2.879441404065098631e+00,2.936933329067621390e+00
7.141732903535754851e+00,3.721452112483772723e+00,2.896761030490253130e+00,2.974826015872348073e+00
7.010309282635161843e+00,3.802823508628462079e+00,2.916766235785929862e+00,3.012988523215291536e+00
6.874349865344663968e+00,3.880370741507854326e+00,2.937694494894980579e+00,3.055119948624522408e+00
6.734312963965506604e+00,3.953730062818823221e+00,2.960877588446129582e+00,3.095019529440176775e+00
6.590593208565111105e+00,4.022868043884618494e+00,2.983828234285698322e+00,3.141306590726466563e+00
6.443622047358667615e+00,4.087811964923030672e+00,3.005671894021906709e+00,3.187720356386921861e+00
6.293760063924293213e+00,4.148426776138369299e+00,3.027697590660017202e+00,3.236596371550644502e+00
6.141329450185966543e+00,4.204917874027193747e+00,3.048486395579977248e+00,3.287606201344034140e+00
5.986648005810438988e+00,4.257228748906153548e+00,3.068420236005492630e+00,3.340154535167095151e+00
5.829993181355826337e+00,4.305687666983582851e+00,3.086687809051238407e+00,3.395130613922087370e+00
5.671590899867861246e+00,4.350317124184946316e+00,3.104189519164608058e+00,3.450474459525976645e+00
5.511647383572891634e+00,4.391422634823000770e+00,3.120169392115299978e+00,3.508309157171015435e+00
5.350337399469157873e+00,4.429217647959728943e+00,3.132983334587615243e+00,3.569076029299039554e+00
5.187815539753127148e+00,4.463803944151140790e+00,-3.137562763117077935e+00,3.627842941525362352e+00
5.024197008478760829e+00,4.495381022646436797e+00,-3.123678133030197035e+00,3.686210635150713344e+00
4.859598566977759049e+00,4.524170868599540540e+00,-3.110129491972981164e+00,3.744632316581544274e+00
4.694104356379356524e+00,4.550211964527512087e+00,-3.096919014387989666e+00,3.803073766581027026e+00
4.527775446776018065e+00,4.573660674846220964e+00,-3.084212005201135032e+00,3.862054417989693622e+00
4.360712482211136276e+00,4.594575961583331036e+00,-3.072113828273476788e+00,3.922181084749735369e+00
4.193045541048173064e+00,4.612883903320726731e+00,-3.059719439814692521e+00,3.983371858416748346e+00
4.024711131477912929e+00,4.628338001432307891e+00,-3.045651973316006789e+00,4.046591990937495886e+00
3.855835209668903474e+00,4.640290820387292570e+00,-3.029631507981367822e+00,4.113563963394105016e+00
3.688801150261411976e+00,4.648451735632878723e+00,-3.015234583681220215e+00,4.184845261986227527e+00
3.534680728844674213e+00,4.655607576750487198e+00,-3.021604675748675195e+00,4.262298742772159699e+00
3.390954870762873163e+00,4.666077363447584503e+00,-3.044560220835660580e+00,4.346685601812446897e+00
3.248054540969065762e+00,4.677422715009803333e+00,-3.070720316383984017e+00,4.438210894271755969e+00
3.106823926361272026e+00,4.689775523631321441e+00,-3.103248927353285502e+00,4.533910483970923444e+00
2.966435944451084161e+00,4.703328528569939770e+00,3.140644253315962420e+00,4.630763474193138052e+00
2.827296899307495615e+00,4.718082087899107435e+00,3.096520512196891950e+00,4.723636472100253947e+00
2.689093467332569265e+00,4.733872541492848640e+00,3.049080576200779547e+00,4.805703380875399944e+00
2.551786526172354463e+00,4.750145191630165797e+00,2.998754792645001999e+00,4.873817302950661734e+00
2.415294497869363788e+00,4.766699321159102887e+00,2.948368541507074170e+00,4.925427840123473899e+00
2.279426040635517570e+00,4.783668720583244216e+00,2.898695117545103006e+00,4.955769605603146388e+00
2.144122594354747058e+00,4.800737694231780317e+00,2.850678966782135948e+00,4.968135492045274049e+00
2.010504848568039460e+00,4.817766412301327072e+00,2.803215586143725790e+00,4.968604411973398527e+00
1.879002940948789391e+00,4.834702297622587075e+00,2.756777395687008081e+00,4.965099566094909989e+00
1.747642264145651492e+00,4.851966080884001720e+00,2.715376702659995534e+00,4.957387871334563378e+00
1.615124970859617148e+00,4.869057034049880883e+00,2.685196674907770920e+00,4.953679669417592635e+00
1.481196332688982986e+00,4.885923913895648063e+00,2.668905136845248549e+00,4.959010234185241117e+00
1.346053430744078350e+00,4.902731400124584304e+00,2.659022732809777967e+00,4.965774911728604302e+00
1.209668782820774169e+00,4.920227833748475277e+00,2.647524871796230972e+00,4.966900150069850639e+00
1.062184952267850591e+00,4.942400982603071924e+00,2.649088211969934381e+00,4.966364402628620667e+00
9.013489484341592473e-01,4.966228115033210599e+00,2.666987028160742401e+00,4.957440837499063058e+00
7.377608003522588831e-01,4.986883974794679375e+00,2.690015205044623769e+00,4.952236196576156324e+00
5.739716659868463466e-01,5.004648762138458551e+00,2.715336457447105278e+00,4.943736178746815924e+00
4.097146152911292916e-01,5.020406846945206780e+00,2.741269643056494232e+00,4.933254675164318037e+00
2.451469863995203724e-01,5.033788258773192581e+00,2.786877765417900221e+00,4.938152412437277761e+00
7.996638747520457002e-02,5.044279405967785124e+00,2.867050804825804988e+00,4.970573852699447848e+00
-8.570103556189501148e-02,5.051996739256090052e+00,2.975467345938195063e+00,4.993847437649333365e+00
-2.516882974043443966e-01,5.057511858315670850e+00,3.097180020122246358e+00,4.989605892920944363e+00
-4.181517573613788841e-01,5.060222863448338160e+00,-3.061974434352811247e+00,4.995511949202575686e+00
-5.848599886172838325e-01,5.060855642608881766e+00,-2.950869703096415719e+00,4.973032839626529089e+00
-7.517514435483372282e-01,5.059561971775675460e+00,-2.864951974736491103e+00,4.930094048761229253e+00
-9.187116878174901302e-01,5.056647258891622698e+00,-2.806780444266783636e+00,4.897806469367690596e+00
-1.085481437652360270e+00,5.052894404001911255e+00,-2.774304981224742228e+00,4.890694694868375159e+00
-1.252023623252239481e+00,5.048592718431414106e+00,-2.759699622903974081e+00,4.903202648675090813e+00
-1.418177992727668535e+00,5.043608383374109216e+00,-2.747977392983919742e+00,4.916750660987262656e+00
-1.582825281394438788e+00,5.036541454269270801e+00,-2.729663944643539786e+00,4.931523897834991566e+00
-1.744999703493533616e+00,5.025831922282084641e+00,-2.710024868193220193e+00,4.941446796954463316e+00
-1.904804595490726005e+00,5.012587255543399678e+00,-2.694111239439054728e+00,4.942214118731887318e+00
-2.062158057828517688e+00,4.997967020017060946e+00,-2.682898372177192847e+00,4.945967360379472488e+00
-2.217035624716522157e+00,4.982212906170431665e+00,-2.674696276435065911e+00,4.945470880921009282e+00
-2.369657060135720528e+00,4.965433210963801081e+00,-2.667108803752569202e+00,4.942742415065409567e+00
-2.520140028631125073e+00,4.947852149482560691e+00,-2.659264455929050364e+00,4.935132931248331190e+00
-2.668834567285638393e+00,4.929302712544692433e+00,-2.650105582489071576e+00,4.922435605323367547e+00
-2.815910026491715623e+00,4.909590030061038668e+00,-2.639374024755598569e+00,4.903031054456402416e+00
-2.965064641610393625e+00,4.888383793184219783e+00,-2.636026853291638439e+00,4.869904315939183270e+00
-3.116885816576707047e+00,4.868302111840784541e+00,-2.639875964844091705e+00,4.824307336185790440e+00
-3.268322005721387757e+00,4.848807763779762858e+00,-2.640631505653459499e+00,4.763789573747133410e+00
-3.419682509924931946e+00,4.829728946034865800e+00,-2.637481674873076276e+00,4.693917609630704035e+00
-3.570870790119917260e+00,4.810740064520378390e+00,-2.630043075053757562e+00,4.613314055546898551e+00
-3.722021449074576438e+00,4.791731506919529870e+00,-2.621222253860636897e+00,4.534668052627887747e+00
-3.873173949178370989e+00,4.772613592176979225e+00,-2.612976524589549765e+00,4.453996877005736543e+00
-4.024316858472216651e+00,4.753387689013996109e+00,-2.606826526129977228e+00,4.380423226518924906e+00
-4.175459736901666830e+00,4.733897765267884417e+00,-2.601955839390506675e+00,4.302121803219652207e+00
-4.326626700659264912e+00,4.713822257162189722e+00,-2.586175319998712752e+00,4.144513743009037299e+00
-4.477802023625927497e+00,4.693216601602399507e+00,-2.565569350507036273e+00,4.040664049976861349e+00
-4.629005067356420255e+00,4.672022032855664087e+00,-2.549936362918580723e+00,3.937142882819339107e+00
-4.780204951094548349e+00,4.650001223140717954e+00,-2.534995984956864845e+00,3.835546933550677107e+00
-4.931341693611198451e+00,4.627003181021546396e+00,-2.510829630446769212e+00,3.646674037598933271e+00
-5.082417041702106175e+00,4.602918005407554247e+00,-2.483673568400643905e+00,3.526384434439236326e+00
-5.233360074471821832e+00,4.577573330570054999e+00,-2.453762298744762482e+00,3.322896971645095565e+00
-5.384080568554438173e+00,4.550341208209134791e+00,-2.413727910129443543e+00,3.172794145945701860e+00
-5.533966419319941821e+00,4.519776533608960811e+00,-2.375559941851093981e+00,3.122613855229690483e+00
-5.682637783870513992e+00,4.484667333604117623e+00,-2.340090729131960590e+00,3.089335373665819784e+00
-5.826272909807266309e+00,4.446189762844877436e+00,-2.297297101935769970e+00,3.063853677319486213e+00
-5.964414080318713118e+00,4.401958594807163117e+00,-2.247565568576479933e+00,3.031892088523361117e+00
-6.100719626079597724e+00,4.351649373413382094e+00,-2.200754557048282933e+00,3.004775909066558892e+00
-6.234753300596435288e+00,4.295642378463317534e+00,-2.155514290903515651e+00,2.969497522415545987e+00
-6.366492970920892169e+00,4.234297962188918518e+00,-2.111772551789429464e+00,2.940551646045054923e+00
-6.495645404334504214e+00,4.167975233749948494e+00,-2.068431248492935026e+00,2.903763154454338302e+00
-6.622058327446335824e+00,4.096776539230905456e+00,-2.024906897460297728e+00,2.871996461763051567e+00
-6.745486219923612303e+00,4.020820512052402762e+00,-1.980482228116870136e+00,2.831768737805218095e+00
-6.865568908003280235e+00,3.940039505809761700e+00,-1.934065022914674747e+00,2.792073082765801573e+00
-6.982104670909100363e+00,3.854555067307838812e+00,-1.885502188446574801e+00,2.744559542002122932e+00
-7.094700570236556203e+00,3.764390561642881217e+00,-1.832659685634286273e+00,2.685974514487251330e+00
-7.202989153587516569e+00,3.669511926885082431e+00,-1.774352002984643573e+00,2.613892021197200766e+00
-7.306615300156987125e+00,3.569975017885971269e+00,-1.710096997783512096e+00,2.527912091634609393e+00
-7.405164672619813260e+00,3.465898499223717177e+00,-1.640421957004357667e+00,2.429200314775247449e+00
-7.498369908844964016e+00,3.357464068369579113e+00,-1.567239913373407179e+00,2.320456190688124032e+00
-7.585892842573101369e+00,3.245317057121899218e+00,-1.493243061259997617e+00,2.206170527832647998e+00
-7.668282033365157346e+00,3.129766427886057745e+00,-1.423673831121244682e+00,2.091369344328311453e+00
-7.745312885695279981e+00,3.013444409160826787e+00,-1.360509641685178295e+00,1.977886753240197137e+00
-7.808688977724631108e+00,2.906755989240937588e+00,-1.290451088001155044e+00,1.873190988543211422e+00
-7.849279221625831582e+00,2.819430052062081415e+00,-1.201938658075419886e+00,1.782605271846895434e+00
-7.876143874626312602e+00,2.741587158816519487e+00,-1.117484610985585380e+00,1.709248992453796578e+00
-7.899953214591035611e+00,2.664432699494817758e+00,-1.054368973998594861e+00,1.654136763545351441e+00
-7.920131679415555404e+00,2.589342248314163264e+00,-1.006755635818807004e+00,1.616493768255411911e+00
-7.937590471345694176e+00,2.514540416998275685e+00,-9.726661226577381081e-01,1.595009005133225077e+00
-7.952647836088042155e+00,2.438857456775608057e+00,-9.489428430770437961e-01,1.588845946257755992e+00
-7.965220697010073181e+00,2.360817540629116085e+00,-9.340855815613553492e-01,1.597989898985411772e+00
-7.975320342387969497e+00,2.278908716613053720e+00,-9.275083728739184075e-01,1.622755860209937007e+00
-7.982318973341425483e+00,2.192564170771148291e+00,-9.283144738233861659e-01,1.662587609479200479e+00
-7.985362300479203590e+00,2.100520063315355124e+00,-9.362053981854514539e-01,1.714574802954815125e+00
-7.983282081944221176e+00,2.002407288342997305e+00,-9.478924771412040595e-01,1.772379530054547292e+00
-7.974668351682442591e+00,1.898538390062061820e+00,-9.590810264561999698e-01,1.834572360733865537e+00
-7.957926484475843942e+00,1.789070136332524097e+00,-9.631742809502203961e-01,1.891078827931552242e+00
-7.932269184077467727e+00,1.676050075856361010e+00,-9.483698343604407555e-01,1.937603527810344284e+00
-7.892610199508292013e+00,1.556248147116223279e+00,-9.184598008871251995e-01,1.977220201982351488e+00
-7.836319698392919975e+00,1.425717850517701502e+00,-8.873476338309854716e-01,2.017752365112674529e+00
-7.769961369323301170e+00,1.291379210130782607e+00,-8.525260171039095169e-01,2.068024204237423724e+00
-7.697439865395764969e+00,1.160915201585843270e+00,-8.064670372088389438e-01,2.123954722677436902e+00
-7.617685499341618538e+00,1.035021333816564137e+00,-7.553236494620795272e-01,2.187655475318671439e+00
-7.530663614699035335e+00,9.136146444019930257e-01,-7.049904480722668509e-01,2.256544311472131081e+00
-7.436990503156716947e+00,7.971754139460687227e-01,-6.575091422863426072e-01,2.329892084828167675e+00
-7.337300646322411524e+00,6.855248665518987039e-01,-6.152529268511086613e-01,2.406685661965089373e+00
-7.232374353597278649e+00,5.784112227264355255e-01,-5.788304482518045191e-01,2.485828760725636410e+00
-7.122939692884350471e+00,4.754708085810275264e-01,-5.479607128784856895e-01,2.566312794959170862e+00
-7.009699742653292986e+00,3.763523396124464071e-01,-5.218336662982522300e-01,2.647248585471889459e+00
-6.893250151055246633e+00,2.807312415566336483e-01,-4.996895531769905419e-01,2.727832007580638596e+00
-6.774097646697053499e+00,1.882083288518261455e-01,-4.811578971660432358e-01,2.807243052707914188e+00
-6.652793947922063467e+00,9.842405212266314152e-02,-4.660960099972438209e-01,2.884551884381058695e+00
-6.529750168636191177e+00,1.085331750383211613e-02,-4.550511099699766082e-01,2.958707713320605670e+00
-6.405851004741721866e+00,-7.486506921416946625e-02,-4.477260091607956904e-01,3.028658465236752750e+00
-6.281408067498279735e+00,-1.591460521417333851e-01,-4.446894854911453976e-01,3.093582868247181317e+00
-6.163656944784415614e+00,-2.378585751239632451e-01,-4.305251118205246086e-01,3.153203805360439205e+00
-6.051171185932160412e+00,-3.075005166422699610e-01,-4.038657600131266290e-01,3.207881559053773479e+00
-5.935519449716208484e+00,-3.748675900545546114e-01,-3.847689086149418403e-01,3.258592014994571073e+00
-5.816691648180669638e+00,-4.416860349291091836e-01,-3.735331960665964068e-01,3.306648848124967621e+00
-5.696070198516670402e+00,-5.075157556703402406e-01,-3.658242366885896546e-01,3.353460481120995595e+00
-5.573403410988142070e+00,-5.728809915542609765e-01,-3.608665520051752007e-01,3.400217658113215524e+00
-5.448563605144362221e+00,-6.380910398762686953e-01,-3.578200310214732505e-01,3.447755290147910490e+00
-5.321592839586418044e+00,-7.033349953868852644e-01,-3.557477169429198449e-01,3.496519478031672179e+00
-5.192559718668880109e+00,-7.686187697742394853e-01,-3.539198397672115859e-01,3.546662645389931257e+00
-5.061378715473249024e+00,-8.340913870699404598e-01,-3.524237310594840467e-01,3.598230966315060897e+00
-4.928098877471423833e+00,-8.998491995812889499e-01,-3.511093901053913280e-01,3.651135554177201481e+00
-4.792730077531013322e+00,-9.658513058465354462e-01,-3.497880116579544785e-01,3.705189217228567866e+00
-4.655242553335813938e+00,-1.032137350339552562e+00,-3.484974724275301527e-01,3.760258877270440614e+00
-4.515705942825592345e+00,-1.098681739644765010e+00,-3.472021893854315144e-01,3.816247868152487399e+00
-4.374140247355220446e+00,-1.165577223073174906e+00,-3.461527065368605882e-01,3.873158991179662447e+00
-4.230555992739360782e+00,-1.232857272148757843e+00,-3.455422568096999658e-01,3.930936904833177259e+00
-4.084987680579725833e+00,-1.300623429794380392e+00,-3.455820148757385857e-01,3.989587938995549532e+00
-3.937476308797903002e+00,-1.368986792724893320e+00,-3.464135259515184195e-01,4.049237142899989372e+00
-3.788012005276651273e+00,-1.437924759224139315e+00,-3.482470035185344925e-01,4.110130831414952723e+00
-3.636607707583580762e+00,-1.507492042456943793e+00,-3.517627278393942736e-01,4.172972995976921062e+00
-3.483283137547219965e+00,-1.577876554105277052e+00,-3.585073399330929167e-01,4.238969259892860997e+00
-3.327998159135032274e+00,-1.648965588944388827e+00,-3.696384273506535534e-01,4.308930828597243412e+00
-3.170849511678366817e+00,-1.720516545509184425e+00,-3.872200878403493918e-01,4.382908185597286455e+00
-3.011895611007586737e+00,-1.792218983137836119e+00,-4.104444942354187331e-01,4.459335007340601287e+00
-2.857109680703282528e+00,-1.862886236831709397e+00,-4.567012275269652366e-01,4.535624972008356792e+00
-2.712362612875234280e+00,-1.937113634922072336e+00,-5.233335946691252127e-01,4.609916671986316494e+00
-2.572568126132061206e+00,-2.014034287706691906e+00,-5.852294804128639338e-01,4.676507730404851237e+00
-2.436287228619731238e+00,-2.091238269133339323e+00,-6.395648156423082709e-01,4.736418597682761522e+00
-2.304360783957469572e+00,-2.167588334264955563e+00,-6.888390783109262783e-01,4.785075434228851066e+00
-2.176264216955964059e+00,-2.242566420982443187e+00,-7.318904190633881424e-01,4.827912616908072607e+00
-2.051401437700100860e+00,-2.315724285625585743e+00,-7.676834944533779126e-01,4.860859055116582894e+00
-1.929730333676686005e+00,-2.386143411528625968e+00,-7.963892554831601966e-01,4.887494320889373078e+00
-1.810886151978816194e+00,-2.453986497121431576e+00,-8.171506082191548614e-01,4.907777979492333742e+00
-1.705045512074143899e+00,-2.515130087240909251e+00,-8.448454993356127041e-01,4.921184677928456708e+00
-1.612169085188996487e+00,-2.573030753848188024e+00,-8.764000996617568040e-01,4.935306988109288362e+00
-1.521089779808450837e+00,-2.630502771559403374e+00,-9.021425915530472128e-01,4.945707380108556706e+00
-1.418995132086714461e+00,-2.696061471745070826e+00,-9.095213450193175841e-01,4.956005667130363612e+00
-1.299710876274776439e+00,-2.768697931782488020e+00,-8.946562792866179503e-01,4.964772263814702491e+00
-1.178191968522333433e+00,-2.839997656496726641e+00,-8.835537324133792003e-01,4.966373444658180425e+00
-1.056496933413301420e+00,-2.909989971060371161e+00,-8.784846630802712886e-01,4.969426833764536866e+00
-9.332798154016250791e-01,-2.979678659716482159e+00,-8.769566534576573869e-01,4.968323664631068226e+00
-8.047119954063370884e-01,-3.052612019461768966e+00,-8.708102109042886729e-01,4.971051660176717846e+00
-6.690336386945450187e-01,-3.128338228259085696e+00,-8.578005479997798943e-01,4.967116728790001545e+00
-5.315526766744902432e-01,-3.203082306485523389e+00,-8.470427427221706163e-01,4.957237355016974156e+00
-3.935916883430401469e-01,-3.276872432879542885e+00,-8.367989480367830080e-01,4.943489143333799518e+00
-2.542322075786955793e-01,-3.351115512749998970e+00,-8.239968900170457911e-01,4.924998332949417801e+00
-1.119750647058026516e-01,-3.426178311509488594e+00,-7.911866343350772990e-01,4.924144544362229148e+00
3.281278673136256430e-02,-3.500243895978954356e+00,-7.240544105359615346e-01,4.955683445827494538e+00
1.781958552332056911e-01,-3.572652847125780795e+00,-6.260717676722524772e-01,4.987635641058391300e+00
3.236426229783369024e-01,-3.644396187327046732e+00,-5.122843877815742575e-01,4.992689774075091513e+00
4.691636971241486265e-01,-3.715714383180952041e+00,-3.969361988860719004e-01,4.989082376749522041e+00
6.148380658615870686e-01,-3.786394238060800888e+00,-2.854712802849395104e-01,4.971129858292981929e+00
7.605998273448513203e-01,-3.856534820434305288e+00,-1.903541966828643517e-01,4.918313767556865557e+00
9.060711649691697289e-01,-3.926693876282058682e+00,-1.258368092723091136e-01,4.867859174411028000e+00
1.051460345348147030e+00,-3.996676193046688752e+00,-9.359880257690456062e-02,4.853281887683204232e+00
1.197079783974373868e+00,-4.065995163498115517e+00,-7.914573937070934484e-02,4.853519309711643359e+00
1.343042712296547592e+00,-4.134421422006219871e+00,-6.875138365413202557e-02,4.831134429588557211e+00
1.489193568542503954e+00,-4.202305232356614795e+00,-6.076808756053908578e-02,4.790338090567051843e+00
1.635320933238190833e+00,-4.269909846681208876e+00,-5.583497344049270783e-02,4.741294783194564211e+00
1.781423816849944330e+00,-4.337254115876785221e+00,-4.989280805831042276e-02,4.675930587547760808e+00
1.927423532963381092e+00,-4.404482914411548933e+00,-4.468717175698411204e-02,4.613498317751248301e+00
2.073189747103427294e+00,-4.471736339207549094e+00,-4.256820556505458431e-02,4.546128781592050139e+00
2.218764621530510794e+00,-4.539162513129195275e+00,-4.099132651056380805e-02,4.474973043143697815e+00
2.364886391091415518e+00,-4.607003069050120914e+00,-2.627724167587119908e-02,4.319971186822888498e+00
2.512106880108085250e+00,-4.675003617928822131e+00,-7.394715268312146428e-03,4.231939516291266301e+00
2.659910921292155450e+00,-4.741831495210985459e+00,1.207540530396788991e-02,4.066257776451365658e+00
2.807738372802018212e+00,-4.807088947231235032e+00,3.363100301072552423e-02,3.961849239936220179e+00
2.955658995857513460e+00,-4.871029652586448044e+00,5.841630927786800598e-02,3.769577003303258511e+00
3.103968709371606849e+00,-4.933143580462129307e+00,9.408881048201139796e-02,3.618832229074780749e+00
3.252826270946132858e+00,-4.993137077566541571e+00,1.289697217624472536e-01,3.473016493067343280e+00
3.402477548698588983e+00,-5.050484923294167316e+00,1.651288921885947225e-01,3.334841870117370100e+00
3.553582575368035457e+00,-5.103656460986728760e+00,2.066699685682744647e-01,3.277186534773436133e+00
3.706621863410658690e+00,-5.151356558397259811e+00,2.503486219738818019e-01,3.244987856631599055e+00
3.861545488187814179e+00,-5.193171962429429023e+00,2.927308910485301729e-01,3.219394809788356238e+00
4.018232407922532445e+00,-5.228829160145948229e+00,3.366293211159862020e-01,3.188968741693071873e+00
4.176525220386567483e+00,-5.258095098564042225e+00,3.813243020953239748e-01,3.165501255034761208e+00
4.336225277180590254e+00,-5.280758132821772755e+00,4.275652247634296743e-01,3.130860698296077160e+00
4.497124755086957748e+00,-5.296622311497389823e+00,4.760547433384106908e-01,3.098786525288563354e+00
4.658988923274093530e+00,-5.305474281435302863e+00,5.248918119718095632e-01,3.063409621447300779e+00
4.821509207214543125e+00,-5.307215917632646551e+00,5.746606524092878754e-01,3.024061218307156906e+00
4.984359724599891628e+00,-5.301874152377764382e+00,6.250841047934259098e-01,2.977554424877803640e+00
5.146870368417951980e+00,-5.289898765539303938e+00,6.758570270350640063e-01,2.923817024136914799e+00
5.308915495830740738e+00,-5.271957835013678206e+00,7.237054950981240964e-01,2.863465988883223456e+00
5.466542487171687448e+00,-5.248966227842144505e+00,7.739396352567757820e-01,2.797676829293380241e+00
5.611149721553370107e+00,-5.218755321173043527e+00,8.387918923746096045e-01,2.727769607308705879e+00
5.743060082845190983e+00,-5.180744744914146160e+00,9.086049801013714733e-01,2.657398318526238867e+00
5.866947986541438453e+00,-5.138621583941874960e+00,9.705334308133306553e-01,2.584832563725833143e+00
5.982127349379863901e+00,-5.094264558127976628e+00,1.025105904655613021e+00,2.516811836154897453e+00
6.088478271353512383e+00,-5.049085500476610200e+00,1.072358169507736436e+00,2.456457586397081450e+00
6.186649455779178908e+00,-5.003984393672356035e+00,1.112236625665253387e+00,2.404898590678499204e+00
6.277590047913021110e+00,-4.959613783760104866e+00,1.145328807387826275e+00,2.362425590508554940e+00
6.361945119166056095e+00,-4.916236008991059947e+00,1.172735683164309428e+00,2.328769611931118977e+00
6.441089821980826358e+00,-4.873724145659931395e+00,1.194653656426431843e+00,2.303388646937537754e+00
6.516263755216876952e+00,-4.831920973584848511e+00,1.211719292196930198e+00,2.285838351910407962e+00
6.588706886721261924e+00,-4.790267867364065069e+00,1.224143731452308925e+00,2.276153473364978197e+00
6.659911508811394043e+00,-4.748185620412096242e+00,1.231978202341341699e+00,2.275196544260614573e+00
6.731173384243152036e+00,-4.704750671071454171e+00,1.234925459787607593e+00,2.283747653617196338e+00
6.804401991114598758e+00,-4.658762257033746579e+00,1.232285488900474624e+00,2.302672691776050051e+00
6.880933574574622291e+00,-4.609189041587468338e+00,1.224090382172541513e+00,2.332739235858929838e+00
6.962820216400283257e+00,-4.554139061825441814e+00,1.209402491631813792e+00,2.374035710332814020e+00
7.052077407880681825e+00,-4.491595239692109942e+00,1.188802760218880872e+00,2.424779534977530293e+00
7.150388650685627567e+00,-4.419031047133870516e+00,1.164877770452565464e+00,2.479636248216644301e+00
7.259176014966756796e+00,-4.333270005390970958e+00,1.140878667835227178e+00,2.540962972645708806e+00
7.377989782808418440e+00,-4.230893439829512381e+00,1.125090514643761308e+00,2.597825625716016607e+00
7.503714245146115402e+00,-4.108935862466991829e+00,1.134900570872527714e+00,2.643767949380312121e+00
7.629203976947131594e+00,-3.964773658365676745e+00,1.179274582526075754e+00,2.685929049786482281e+00
7.746200261823053879e+00,-3.800191114429846806e+00,1.226611297171663395e+00,2.740281772954141992e+00
7.855668619037412981e+00,-3.632059133927166616e+00,1.238165411501914726e+00,2.813616256061059584e+00
7.962460155090671066e+00,-3.474967031532026684e+00,1.230839059838920058e+00,2.907471539207030720e+00
8.062113508647804849e+00,-3.325757399544686521e+00,1.236971189383742953e+00,3.011297374705930618e+00
8.152129992722628060e+00,-3.182375415440304778e+00,1.251633134897337740e+00,3.120516959570563298e+00
8.233485212854272817e+00,-3.045216340950402056e+00,1.268640149082872703e+00,3.226864034307028284e+00
8.307790398096727813e+00,-2.912698067732290230e+00,1.285744478054162254e+00,3.332638151407586680e+00
8.376328294517724871e+00,-2.783893780089260694e+00,1.304524883094471122e+00,3.428075739316113424e+00
8.440285225773163091e+00,-2.658039826212374557e+00,1.325084118035388059e+00,3.518335475959878167e+00
8.500715287665460806e+00,-2.534195699025938442e+00,1.346662123053720128e+00,3.599027041221476431e+00
8.558408423408600640e+00,-2.410853423091493752e+00,1.372171719621973818e+00,3.669377701431120187e+00
8.613843601193043042e+00,-2.287139574668897612e+00,1.400831597349284863e+00,3.729991661641526512e+00
8.667189871369089360e+00,-2.163320494209365119e+00,1.431167670553296301e+00,3.777685057388742607e+00
8.719137915350255952e+00,-2.037797933292801122e+00,1.465250778302370271e+00,3.811896856099396658e+00
8.768348228689882617e+00,-1.912617429681521042e+00,1.499111730756071514e+00,3.835164582151254553e+00
8.816866440861666376e+00,-1.785442311958775452e+00,1.535763174340107895e+00,3.849004556175794178e+00
8.867727657806302233e+00,-1.645033418535954084e+00,1.591324609487776431e+00,3.853307105701112789e+00
