0.000000000000000000e+00,-7.498407796462641661e-01,3.587111158767607999e-01,4.703607041681275192e+00,-9.228019537387082138e-01,1.076481000797855136e+00,1.949383736222239927e+00,9.419882827353841248e-02,5.468481488744323826e+00
1.578398441577671674e-01,-7.233636140645459678e-01,4.198644136261022730e-01,4.749140911632451889e+00,-9.813786015465199020e-01,1.167201937482382323e+00,1.947267771403341063e+00,8.657575923417128172e-02,5.588179152136946826e+00
3.156732289512533818e-01,-6.897968182178666474e-01,4.872627784347988711e-01,4.794352327803993674e+00,-1.047733227924882327e+00,1.223239833974012702e+00,1.946294368695705712e+00,7.208499211610099044e-02,5.596591379223606388e+00
4.735007700749621073e-01,-6.479805512363006059e-01,5.579693047151647045e-01,4.839313219630207108e+00,-1.118556705780053395e+00,1.233650203659359734e+00,1.946677790180293410e+00,7.113978015548984291e-02,5.477277167164392502e+00
6.313359408601949552e-01,-5.964732717164589193e-01,6.289618975310841131e-01,4.881974815999361894e+00,-1.190051291865867444e+00,1.243302492468457920e+00,1.948228883256739374e+00,6.547735040431409970e-02,5.256517940898397079e+00
7.891656251032362901e-01,-5.338444372391046855e-01,6.975861455672160982e-01,4.920467518633668824e+00,-1.263163410536321862e+00,1.239243809400891738e+00,1.950594636401468129e+00,5.642544422854808145e-02,4.986195239391748579e+00
9.470004133077289943e-01,-4.591173649831570280e-01,7.610385145699667397e-01,4.952877250372228701e+00,-1.336110046488618863e+00,1.211420770675305736e+00,1.953615750996305689e+00,6.708017648474182137e-02,4.716715757784242236e+00
1.104840621716450588e+00,-3.721199162227639134e-01,8.176976881633285510e-01,4.974440476403533928e+00,-1.406174605104022479e+00,1.222851371929757791e+00,1.957435497124877521e+00,5.380434082023395626e-02,4.480405263255015313e+00
1.262681461522281445e+00,-2.738691172362311410e-01,8.657094505334247403e-01,4.984027858296271596e+00,-1.476079665343177361e+00,1.190166142174005515e+00,1.961799552483940223e+00,4.262882558286809620e-02,4.305765283347427363e+00
1.420518228414956008e+00,-1.668494968364138131e-01,9.019520576630100095e-01,4.981315449321516375e+00,-1.536958632489406007e+00,1.126881592429297418e+00,1.964590878902616300e+00,4.845883458701806534e-02,4.211127932297017651e+00
1.578359492907694728e+00,-5.490009821260519868e-02,9.248054541898507175e-01,4.964011728797924405e+00,-1.583951877897835425e+00,1.094560175322830675e+00,1.965343354869349524e+00,5.666955619315759696e-02,4.207609945192394285e+00
1.736119677055534716e+00,5.724314829586796272e-02,9.344844676726475896e-01,4.930918903491301464e+00,-1.621358091747555186e+00,1.095344159496801861e+00,1.964888024340094574e+00,6.267535568444730643e-02,4.300319719773795235e+00
1.893929269320525854e+00,1.648780768968834409e-01,9.320007260537352956e-01,4.883607920774213795e+00,-1.653314302280419978e+00,1.114618858591827522e+00,1.963683070159956356e+00,5.221194356154640337e-02,4.482077588004996116e+00
2.051709477387543057e+00,2.643608744111748954e-01,9.182058515451322345e-01,4.828444147255065211e+00,-1.680695440933934082e+00,1.098741547482133374e+00,1.962061335492944592e+00,5.477765450632591376e-02,4.735575869383543690e+00
2.209509697694260311e+00,3.537078547894733638e-01,8.947495328549860405e-01,4.769377450998644186e+00,-1.699545168128107742e+00,1.092327145604732763e+00,1.960325651846488215e+00,5.898796000292133579e-02,5.028979822551691292e+00
2.367281937511198198e+00,4.324778757150755659e-01,8.643512785607899707e-01,4.709125823929711352e+00,-1.712259109336372376e+00,1.095689360037696458e+00,1.958717795144216289e+00,6.006632801135574490e-02,5.333042300698860316e+00
2.525053648535682704e+00,5.011625669958676976e-01,8.293199047226923470e-01,4.649805750788929437e+00,-1.720874463517478636e+00,1.099536290667985527e+00,1.957387641543534951e+00,6.452857781264573211e-02,5.626955421802151136e+00
2.682826593173744723e+00,5.606366447569692824e-01,7.913920429395298051e-01,4.591929071555843400e+00,-1.726160730511710595e+00,1.111513767348081494e+00,1.956398437648921851e+00,6.299666816711667339e-02,5.898022182245606260e+00
2.840598310788525982e+00,6.118122273187357463e-01,7.516404234149051122e-01,4.536208305332493751e+00,-1.729493242835670408e+00,1.117119600677183744e+00,1.955763621363728388e+00,6.511385787811083126e-02,6.141304260922246350e+00
2.998365782695656456e+00,6.555048919907726646e-01,7.106784990538046465e-01,4.482389162632001600e+00,-1.730533382428909306e+00,1.124994654474852140e+00,1.955474024025515734e+00,6.149210555502181846e-02,6.351848516507130782e+00
3.156136732688612945e+00,6.924116177374335379e-01,6.688784807756084083e-01,4.430824665266046125e+00,-1.729871633267810127e+00,1.123624764504278062e+00,1.955523225130565645e+00,6.274446202188130317e-02,6.526707902569077291e+00
3.313922521897814555e+00,7.231211165492240633e-01,6.265286564992674778e-01,4.381092137916504647e+00,-1.726808783403763314e+00,1.123979312425847477e+00,1.955916713397726880e+00,6.999367774067181969e-02,6.661635478998266358e+00
3.471693240198372887e+00,7.481365373535621144e-01,5.841367462877312677e-01,4.332251344781862024e+00,-1.721660556570857592e+00,1.136726593545053676e+00,1.956641410648702895e+00,6.985578923797332307e-02,6.753922297369174821e+00
3.629467839254207018e+00,7.678710603957169534e-01,5.421011570333790219e-01,4.284381970365574333e+00,-1.715814794286566247e+00,1.146428013080202701e+00,1.957659009555497320e+00,5.926818441525905090e-02,6.805702252869872737e+00
3.787241177560770389e+00,7.826407334511580327e-01,5.003625039245366279e-01,4.238443600039103920e+00,-1.709212500808113822e+00,1.134658928210173556e+00,1.958910184851695879e+00,6.684272202544173924e-02,6.822331815645568120e+00
3.945015394690557731e+00,7.926938725299347288e-01,4.589846676205255327e-01,4.193128889006213278e+00,-1.699644983662045972e+00,1.136552521597884224e+00,1.960322991710339524e+00,6.252450209750158583e-02,6.806425278452570282e+00
4.102807214907127964e+00,7.982179648421430240e-01,4.180536266710512816e-01,4.148979084464549771e+00,-1.688681691837842447e+00,1.129219257902904561e+00,1.961765514870611904e+00,6.398227755347596357e-02,6.765373367971585061e+00
4.260585671994956414e+00,7.993390246944835908e-01,3.774393671828002450e-01,4.105529614225575941e+00,-1.675429093151979743e+00,1.123948236100546172e+00,1.962997236426798464e+00,6.090054985315147135e-02,6.700304797800749945e+00
4.418364913718294318e+00,7.961371636250779149e-01,3.370282746755687286e-01,4.063002702476074646e+00,-1.660219770487215474e+00,1.112192287989076878e+00,1.964049655712610587e+00,5.113266174678485210e-02,6.608991708110759866e+00
4.576147343322698902e+00,7.886394427775073046e-01,2.965537128000342859e-01,4.022223025564478860e+00,-1.642649383976824806e+00,1.081629131485902340e+00,1.965151630770641811e+00,4.239471003286714168e-02,6.485135120928331887e+00
4.733928721278664042e+00,7.768234412914379883e-01,2.558390953444419913e-01,3.983786608708651311e+00,-1.621043806866651282e+00,1.035356673542199069e+00,1.966364989972858357e+00,3.550968573280665480e-02,6.320720248560173893e+00
4.891682709510737581e+00,7.606266127094406526e-01,2.150467901642220403e-01,3.948270012252668160e+00,-1.593967565986614376e+00,9.778350163167123243e-01,1.967705911708745870e+00,3.088752495317467414e-02,6.112724850748784355e+00
5.049455387880250612e+00,7.399635288390543630e-01,1.746619803625173717e-01,3.916245879086750481e+00,-1.560322149407850745e+00,9.141633357570823071e-01,1.969141930306063770e+00,2.876629542822443930e-02,5.867202824766273750e+00
5.207254444022555440e+00,7.147657543576194650e-01,1.353816870868516375e-01,3.888258505627931072e+00,-1.519445120995076115e+00,8.499759104545044908e-01,1.970599760763143582e+00,2.922389528898462763e-02,5.598813816719301784e+00
5.365044117906555776e+00,6.850400764619808403e-01,9.797430103589140071e-02,3.864744445209861823e+00,-1.471286462768393921e+00,7.913435402580575317e-01,1.971990618708257426e+00,3.211416212693783689e-02,5.326171639448801898e+00
5.522840649826607162e+00,6.509251053486858618e-01,6.317448684915107082e-02,3.845918595579799426e+00,-1.416624183209108656e+00,7.443056983616742617e-01,1.973237422980044453e+00,3.696939450853573006e-02,5.066263047574604883e+00
5.680641818473990412e+00,6.127218691059107547e-01,3.163665449829117932e-02,3.831690783050245130e+00,-1.357198155923323712e+00,7.138172332313517110e-01,1.974290397756673920e+00,4.285020544931324171e-02,4.830863088675066308e+00
5.838445955779851815e+00,5.708848254284532020e-01,3.917732962914117524e-03,3.821701092159287327e+00,-1.295613343642775916e+00,7.020150926638297761e-01,1.975127761808713522e+00,4.142445344772815313e-02,4.625790797471386995e+00
5.996258817961019005e+00,5.259595705943476140e-01,-1.992584649232572586e-02,3.816551945810262136e+00,-1.234816702605665117e+00,6.864770625170775187e-01,1.975745689417164774e+00,3.545439134378667451e-02,4.452839402708075767e+00
6.154077893517591491e+00,4.785048568139572134e-01,-4.058316755757598870e-02,3.817190878212099125e+00,-1.175125549738043951e+00,6.536017576539067120e-01,1.976150388564973603e+00,4.413430872446326425e-02,4.310460501058171801e+00
6.311904830467376826e+00,4.290998848796877541e-01,-5.811280081527516600e-02,3.822040119508311573e+00,-1.115681109443650731e+00,6.534137016850130042e-01,1.976356925960264688e+00,4.497862303763574404e-02,4.194401408592411507e+00
6.469725159625651756e+00,3.783068666161033544e-01,-7.223452636662307247e-02,3.830945921847085600e+00,-1.061027544185716431e+00,6.554615560687888642e-01,1.976378228436394657e+00,4.658580511116575812e-02,4.102133447598403038e+00
6.627547880113618284e+00,3.266152992144834566e-01,-8.313425240901092805e-02,3.843473979998105250e+00,-1.011837764448681565e+00,6.624021578917480557e-01,1.976222999690556481e+00,3.481684221515195243e-02,4.030367679835294759e+00
6.785377436475530821e+00,2.744042284612842053e-01,-9.193629550720833210e-02,3.861165888132574775e+00,-9.682111231016483632e-01,6.251736791815574179e-01,1.975891650844005643e+00,3.243841270943387256e-02,3.976912797825410184e+00
6.943207810967636284e+00,2.219650997680376603e-01,-9.979416294334692017e-02,3.883787648438858486e+00,-9.250425836746756225e-01,5.879577602329263408e-01,1.975385421761301386e+00,3.632367274905821952e-02,3.938553148696774642e+00
7.101042299022541471e+00,1.695794695993196599e-01,-1.064781109516078211e-01,3.910130664150191837e+00,-8.831108800837560446e-01,5.753175892336408470e-01,1.974709548130721304e+00,4.239349671990107898e-02,3.912856369437058834e+00
7.258876298019345086e+00,1.174974418335046483e-01,-1.112460420825311380e-01,3.938620668212824416e+00,-8.458419190154929934e-01,5.871705327574269218e-01,1.973862695620058449e+00,3.567733158581194719e-02,3.897608362894654732e+00
7.416713222380858284e+00,6.587637517035259405e-02,-1.144198178632225560e-01,3.970123413297298232e+00,-8.153081242871826895e-01,5.716080470796648383e-01,1.972833090691463287e+00,4.376865793447410474e-02,3.891915207707713265e+00
7.574545562948104660e+00,1.485787577429479624e-02,-1.159546141057255092e-01,4.003007085633181639e+00,-7.884227578754822163e-01,5.920524433070990522e-01,1.971609550048614601e+00,2.573078186354239849e-02,3.893628564601093967e+00
7.732380267658633066e+00,-3.550055144865784523e-02,-1.169142047133220480e-01,4.039438816639979279e+00,-7.676273798934429848e-01,5.383077621437850624e-01,1.970168847977127324e+00,4.587601491179428559e-02,3.902521824217695112e+00
7.890221187521263779e+00,-8.510494712863210520e-02,-1.169068748528955398e-01,4.076114502860723299e+00,-7.454433989540085737e-01,5.771934750839489148e-01,1.968488874259738619e+00,2.898589252241717124e-02,3.916085738626829738e+00
8.048057892213488884e+00,-1.338827794622293177e-01,-1.158677264268030555e-01,4.115102439794760869e+00,-7.314173003184457622e-01,5.419620475482004318e-01,1.966530053100955966e+00,4.067554066926695744e-02,3.934830212133018978e+00
8.205895025926611908e+00,-1.818039561921989955e-01,-1.141297160380138065e-01,4.154638910264675467e+00,-7.170858477772958928e-01,5.635903237425265999e-01,1.964250160351146191e+00,2.483554333943752135e-02,3.957163294806156362e+00
8.363735305195332259e+00,-2.288501807846894665e-01,-1.120988259473235521e-01,4.196266816801243138e+00,-7.077819498873340054e-01,5.198267497958835026e-01,1.961590997855654495e+00,2.564382222168805694e-02,3.983159560756059925e+00
8.521576089830393386e+00,-2.750703852601997235e-01,-1.108098621712833298e-01,4.239250459732366139e+00,-6.954359399625991145e-01,4.899132422614226878e-01,1.958472456594448685e+00,3.904150990814723998e-02,4.011507941116255083e+00
8.679417451247482873e+00,-3.203965597878460358e-01,-1.088117724584252016e-01,4.281906038837563599e+00,-6.833129993141616731e-01,5.206314588857106074e-01,1.954789607711859611e+00,3.917804957728670406e-02,4.041697963335261434e+00
8.837259335114037384e+00,-3.647672331769998832e-01,-1.051456248129242627e-01,4.324219430075316062e+00,-6.785104328158134690e-01,5.468819686340731234e-01,1.950398759536771109e+00,1.833555149593805653e-02,4.074012229600864288e+00
8.995096956256862342e+00,-4.082598283223392022e-01,-1.016521734602437582e-01,4.368617908091581015e+00,-6.777734515951467920e-01,4.895446820892820905e-01,1.945102556224367785e+00,3.157009548787421960e-02,4.109532881335308474e+00
9.152936507953935319e+00,-4.508806839752347861e-01,-9.856547773985137317e-02,4.412642062647654129e+00,-6.719716367687076364e-01,4.954927303003826555e-01,1.938606863887806453e+00,3.510632787677467337e-02,4.148051104996901550e+00
9.310778981885949435e+00,-4.925050057494683720e-01,-9.431261667813946314e-02,4.456360528235442153e+00,-6.695510956745484021e-01,5.158281937694071395e-01,1.930440189863241507e+00,3.811396785124679387e-02,4.193711692806610714e+00
9.468622264040334358e+00,-5.329645748172521236e-01,-8.815707056394002372e-02,4.499758365514974656e+00,-6.720595402993274625e-01,5.433935020918299053e-01,1.919849042336470690e+00,4.362553776510842696e-02,4.252366238825470823e+00
9.626463299027799181e+00,-5.719346578530072334e-01,-7.905864167144752153e-02,4.542864224860414524e+00,-6.802072158329643958e-01,5.890295669832782410e-01,1.905622671687884129e+00,2.027281531944766582e-02,4.331764046858313399e+00
9.784304555741984544e+00,-6.090155213847903148e-01,-6.776618992746033521e-02,4.588411698613826140e+00,-6.933583387336784698e-01,5.374660301317939481e-01,1.885868843741077994e+00,5.966166036872933703e-03,4.440468002745923570e+00
9.942150251549975337e+00,-6.437045061835150461e-01,-5.558151959866990122e-02,4.638544049483358300e+00,-6.986336588790084123e-01,4.526469275012621196e-01,1.857427636839264151e+00,4.932107385460916121e-02,4.584426319005651784e+00
1.009999350767617088e+01,-6.751464511434954741e-01,-3.890586294950804103e-02,4.689107686620212156e+00,-6.965763542669657360e-01,5.418509446841046628e-01,1.814691096705609352e+00,-3.413349187864615775e-03,4.761829592492286878e+00
1.025783606785905100e+01,-7.026527945614586823e-01,-1.784160253074715957e-02,4.744327278125410885e+00,-7.047933796241746540e-01,4.303794171369460519e-01,1.746166970614406733e+00,4.450256248359226591e-02,4.967883159461595532e+00
1.041566426524147637e+01,-7.256278088065704068e-01,7.788349727417219308e-03,4.799772264185605763e+00,-7.019193163154048287e-01,5.083938997111708824e-01,1.622924715779009874e+00,-3.318591099939352529e-02,5.183586094219196916e+00
1.057350347943974711e+01,-7.437406785159633715e-01,3.616513600061001948e-02,4.857464489757949089e+00,-7.072663033689848833e-01,3.198190698644393093e-01,1.366145363455240291e+00,4.045578456272455603e-02,5.391171988144071392e+00
1.073133706317985769e+01,-7.567851512000476344e-01,6.685941048373941764e-02,4.908353305100113140e+00,-6.928693900133321426e-01,3.980727485525130671e-01,7.605258779991234119e-01,-1.909232047563802145e-02,5.563459889739801767e+00
1.088916931738454252e+01,-7.646643647283241085e-01,9.970348746728474598e-02,4.945144580417901281e+00,-6.884503521146898564e-01,2.790381189244877103e-01,-2.095030322477319240e-01,-1.021135129368897637e-01,5.684828055066728503e+00
1.104700447191966362e+01,-7.677795920972793065e-01,1.276468757002691690e-01,4.960339073928831333e+00,-6.682482044108779551e-01,-8.082837884047457122e-02,-7.048086784051991183e-01,-2.808773776089273921e-01,5.744563428395571769e+00
1.120483906410020936e+01,-7.668525410319954050e-01,1.402155617355365369e-01,4.965477026397200788e+00,-6.020998166960284115e-01,-9.081774348189108892e-01,-9.486773186669138491e-01,-3.037941651505706164e-01,5.761788973348719978e+00
1.136267225895295852e+01,-7.624954076127263836e-01,1.318656184207758209e-01,4.972351331380893136e+00,-4.409415529183641769e-01,-1.655535119241498432e+00,-1.033629298769245253e+00,-2.233398699607928584e-01,5.757996219351751321e+00
1.152050649146960382e+01,-7.548262257146266530e-01,1.084393266238668496e-01,4.980119319813889334e+00,-2.033936092373010429e-01,-2.048626764871500416e+00,-8.370309668175548445e-01,-2.259990213286136029e-01,5.749638891779422778e+00
1.167833735174868970e+01,-7.440570367698324805e-01,7.554822974544755931e-02,4.979714711198297117e+00,6.439857151723821227e-02,-2.376077523318367746e+00,-3.695735337608461180e-01,-1.404992698219879044e-01,5.741879070542064589e+00
1.183617038070603300e+01,-7.304826631913282631e-01,3.812593326874750416e-02,4.981758901537871154e+00,3.501229778069107068e-01,-2.432433408020770127e+00,3.697067963512561950e-01,-1.539447113195911987e-01,5.749911614816758387e+00
1.199400248571754979e+01,-7.144817902810769450e-01,-6.264376792678527737e-04,4.984031595964845351e+00,6.224823549050129134e-01,-2.530985089787367581e+00,1.038900368654984252e+00,-8.895071094941731094e-02,5.768340665096334696e+00
1.215182945968079231e+01,-6.964346113478455669e-01,-3.831828715155154857e-02,4.987447963369314508e+00,8.860268992923965303e-01,-2.421894655218820969e+00,1.449275850615894701e+00,-1.103549531511646836e-01,5.788258432790072128e+00
1.230965758393392129e+01,-6.766658013573334518e-01,-7.354318804470859339e-02,4.983413715285737844e+00,1.119520610486511636e+00,-2.375219123270487565e+00,1.558377497855436333e+00,-2.502248330925310044e-02,5.787515807555385194e+00
1.246748573893937184e+01,-6.554124055490269107e-01,-1.048559407941713345e-01,4.975636681855196919e+00,1.331047097592167328e+00,-2.103148200949262581e+00,1.552126651542308222e+00,2.398142818210974303e-02,5.760289117886587817e+00
1.262531513582267095e+01,-6.327847136001245598e-01,-1.293118054455682786e-01,4.968892266949593406e+00,1.496441892447149646e+00,-1.744678388780671829e+00,1.499217430118166439e+00,3.695798455673421357e-02,5.702136154402423607e+00
1.278314656896915658e+01,-6.091054164470283139e-01,-1.473804186413029960e-01,4.966466869343622470e+00,1.609006377890780604e+00,-1.407807686409781045e+00,1.419444547739011186e+00,3.266083387894975348e-02,5.618144961995567677e+00
1.294097618752468648e+01,-5.849169609887931998e-01,-1.613295380308094329e-01,4.968565401889511790e+00,1.674318525687956694e+00,-1.131824268061279115e+00,1.340553805347305394e+00,1.247460872296774978e-02,5.520508150198040198e+00
1.309881001642328791e+01,-5.609772137574448037e-01,-1.740384847389671585e-01,4.972724806210813142e+00,1.702153039830387016e+00,-9.483538538816291830e-01,1.306055240181995147e+00,-4.027667076186932510e-02,5.423067826543418235e+00
1.325665828207898045e+01,-5.382784253723322809e-01,-1.894094877248942432e-01,4.972550511131419881e+00,1.706623716774354316e+00,-9.281806421292262410e-01,1.254874351084641182e+00,-3.073666503925632024e-02,5.335378786082734415e+00
1.341450212660528152e+01,-5.178242784707136614e-01,-2.091029106194390585e-01,4.968560984891318810e+00,1.707735951091099658e+00,-8.855197019384813961e-01,1.128414693382019385e+00,3.529414237701193613e-03,5.268012928253010152e+00
1.357234801495493492e+01,-5.003848659765526286e-01,-2.305984136316555078e-01,4.963641158173299317e+00,1.701324239714480324e+00,-7.541391476003468375e-01,8.129244542518593297e-01,6.122448711085277939e-02,5.220810794543977451e+00
1.373019021600011946e+01,-4.864084848894929536e-01,-2.490632315275701503e-01,4.960198987346884358e+00,1.674324243080228092e+00,-4.692873973590646064e-01,1.780460436920275891e-01,1.335021929893179249e-01,5.186661379831254415e+00
1.388803479915067918e+01,-4.759053517609186379e-01,-2.580025093154046378e-01,4.957345545857459790e+00,1.605724356135290076e+00,8.692587852425060976e-03,-5.921087736551784442e-01,1.877579462651126907e-01,5.152302951599297742e+00
1.404588209699040213e+01,-4.685291700866787146e-01,-2.515723107579122542e-01,4.955638941655867491e+00,1.471997674258929578e+00,6.048223997589847745e-01,-1.091489510533225848e+00,2.702873171078055137e-01,5.107879364756958473e+00
1.420372758606998964e+01,-4.636148378817538385e-01,-2.238566159579135351e-01,4.962490371984936921e+00,1.258962348977437307e+00,1.399183266571969009e+00,-1.329295229280305968e+00,1.493206026994813307e-01,5.057452565608812733e+00
1.436157186520450502e+01,-4.608673171888347242e-01,-1.797655097522773970e-01,4.974771555207512463e+00,9.573080387618999598e-01,1.654966746314976422e+00,-1.405510682593152705e+00,2.707729157764774408e-01,5.003714882075258608e+00
1.451941480371977100e+01,-4.596657803515762364e-01,-1.211000873106943820e-01,4.978384367311903702e+00,6.336076746589616171e-01,2.282350516600760493e+00,-1.348473904053265171e+00,1.701074297711621663e-01,4.953081329820056666e+00
1.467725981667522639e+01,-4.591690036357942151e-01,-4.905434870757979793e-02,4.985258233474169742e+00,2.542508165769530870e-01,2.496980176270947815e+00,-6.057814268568355587e-01,1.120156577584334456e-01,4.918050434208717014e+00
1.483510419219275533e+01,-4.589632231802550644e-01,2.607738189746981045e-02,4.990516203723102784e+00,-1.205074019554533138e-01,2.502638977497551043e+00,9.630559879914069032e-01,1.465951847623567506e-01,4.902068828428691738e+00
1.499294903194656747e+01,-4.582251032826756831e-01,1.015753830080168285e-01,4.993293025155788101e+00,-4.672719417946966658e-01,2.574402021606304380e+00,1.735416006995798233e+00,4.738750350599778977e-02,4.898749647826933895e+00
1.515079552526055906e+01,-4.564777534147052007e-01,1.708803623988937870e-01,4.990798346664335305e+00,-7.881483029222936532e-01,2.254076896516279405e+00,1.822273479062064938e+00,-5.091354872946209087e-02,4.899141630830871286e+00
1.530863941851101018e+01,-4.538669211979647899e-01,2.228287763452170278e-01,4.981951666143405788e+00,-1.032680231909038016e+00,1.668862717448986288e+00,1.830752121892756934e+00,-6.061065785524611532e-02,4.888958890180739481e+00
1.546648138364089498e+01,-4.505594803374446955e-01,2.542407031900213998e-01,4.977866404470299599e+00,-1.176769507370420076e+00,1.170224428934267147e+00,1.830699374292983794e+00,-3.052768289054509643e-02,4.867048216735256005e+00
1.562431973508963523e+01,-4.466694461984964115e-01,2.693539355853747930e-01,4.980403293948585386e+00,-1.242752745198069109e+00,8.686385124239476285e-01,1.836545473521570271e+00,2.283634800477700455e-02,4.837990420814104020e+00
1.578214310980001400e+01,-4.423754266377887823e-01,2.750121923500492560e-01,4.983018397980134573e+00,-1.265219344255764211e+00,7.955843188359525975e-01,1.847081646202669347e+00,4.157685058864760835e-02,4.806256359194323480e+00
1.593997106120958129e+01,-4.379844640975021353e-01,2.764459529767520629e-01,4.982732058058056523e+00,-1.277153174522999590e+00,7.981551242952271696e-01,1.852730065862380204e+00,1.811867158320245100e-02,4.779869660777932516e+00
1.609780420846665194e+01,-4.339815458537712445e-01,2.742596254172300907e-01,4.982643830860262746e+00,-1.286996118887893337e+00,7.271005187157169036e-01,1.855847435683545266e+00,1.154258278079486888e-02,4.764920922545595516e+00
1.625563363660890559e+01,-4.308035554309738724e-01,2.680714368419643279e-01,4.984850167359681450e+00,-1.285552620753808162e+00,6.546393393904709201e-01,1.865697127392913046e+00,5.393996209595897096e-02,4.760745983211208454e+00
1.641346420708795151e+01,-4.285682055882052977e-01,2.611905895379619813e-01,4.983747198937813927e+00,-1.276665724502494159e+00,7.238231498686983345e-01,1.871025579854407539e+00,5.702197162217277626e-02,4.762280150562580694e+00
1.657129241472301118e+01,-4.272048844994081884e-01,2.568817545714273121e-01,4.980048251585298402e+00,-1.278778132858278349e+00,7.972919347784359623e-01,1.869830507027009370e+00,2.252201053802661140e-02,4.773409109762607017e+00
1.672912063245720660e+01,-4.266938017626515922e-01,2.537389163798925429e-01,4.978593630655896440e+00,-1.288526546844533049e+00,7.385293586709746894e-01,1.867121795610392043e+00,4.323773742210050564e-02,4.796192346010816010e+00
1.688695025496056346e+01,-4.268251209989013528e-01,2.516132521058749849e-01,4.978306898867833397e+00,-1.290490409897480539e+00,7.559853360393913313e-01,1.867034682652066957e+00,5.565765720399221128e-02,4.824021804124376089e+00
1.704478292046538002e+01,-4.271518541084605158e-01,2.527912083275555832e-01,4.977939552497433695e+00,-1.295643040815470881e+00,8.080885183256547588e-01,1.866269151573743956e+00,5.477773447577164584e-02,4.855658325872435732e+00
1.720262938423009302e+01,-4.272350195677156459e-01,2.577654748036207755e-01,4.977823996427253483e+00,-1.307687760437252322e+00,8.453544754181482324e-01,1.865684580540117876e+00,5.624412035605766413e-02,4.889027876819967311e+00
1.736046998658445162e+01,-4.266489862161040314e-01,2.661780185686736244e-01,4.978088048585473935e+00,-1.324190178555654906e+00,8.802577968915799023e-01,1.866552459667505603e+00,5.548813511629328843e-02,4.920633538764498383e+00
1.751831324383365995e+01,-4.249912400484853192e-01,2.775794818963784327e-01,4.978841741101561524e+00,-1.344410958967037217e+00,9.091069277775027935e-01,1.868703355125516330e+00,5.263723094594660590e-02,4.948388178418253958e+00
1.767615416437363507e+01,-4.219277419964840292e-01,2.912530401987454276e-01,4.979990301947831988e+00,-1.367154986070707734e+00,9.264775487594355541e-01,1.872810326920355761e+00,5.371939001331849095e-02,4.971328216046250859e+00
1.783399548897953224e+01,-4.171950179715995799e-01,3.065648914320285856e-01,4.980933801665671901e+00,-1.390821040828257971e+00,9.437792543551434266e-01,1.878586623957949620e+00,6.018728361915930830e-02,4.989156161598186756e+00
1.799183935235226173e+01,-4.105674376745042653e-01,3.235140087504875250e-01,4.980653369337839642e+00,-1.415820539432821157e+00,9.837000486021704182e-01,1.884907826153149335e+00,5.121109846293092627e-02,5.002331385576053613e+00
1.814968180758340566e+01,-4.018989657983606523e-01,3.415737476173888454e-01,4.979739641441053521e+00,-1.444100381056566240e+00,9.868961744271979031e-01,1.889981576934206986e+00,5.268048736258678505e-02,5.013420074628977652e+00
1.830752232617234299e+01,-3.910907733008752163e-01,3.601519228483018864e-01,4.978126182919929477e+00,-1.471071345518709883e+00,9.982064893107714942e-01,1.894022480215643123e+00,5.419168903213489319e-02,5.021997100910626344e+00
1.846536496035797725e+01,-3.780432709488575904e-01,3.792441240663938506e-01,4.975120606432440695e+00,-1.497739044412164988e+00,1.007032927961048596e+00,1.896086408631797449e+00,5.817287175799887994e-02,5.028178668194378531e+00
1.862320750393789837e+01,-3.626695318151350600e-01,3.989021194107401636e-01,4.970481353348335851e+00,-1.523930023015668489e+00,1.024033884372014924e+00,1.896788718299501353e+00,6.797284936888239870e-02,5.031715729825323891e+00
1.878105137692155679e+01,-3.448646479026459266e-01,4.196228006379593145e-01,4.962936916345618066e+00,-1.551070837286599557e+00,1.066022579970043571e+00,1.895847403425963806e+00,6.856051053345388335e-02,5.031509741511383638e+00
1.893889511915231338e+01,-3.245294868808907829e-01,4.416828413536593168e-01,4.952475969735541383e+00,-1.582003898567643008e+00,1.104407086687394068e+00,1.893553171557095682e+00,6.497194952744385354e-02,5.028019737664888744e+00
1.909673845965696160e+01,-3.015923241097807073e-01,4.647558299678180571e-01,4.939516578182518991e+00,-1.615726091979336143e+00,1.132115216922158663e+00,1.890305188989749086e+00,6.420629476649711287e-02,5.020770001515968417e+00
1.925457844417675801e+01,-2.760054460976434920e-01,4.883090886771498385e-01,4.923620152619402113e+00,-1.650412328320008060e+00,1.148703629473653232e+00,1.886567684247957066e+00,9.008033446381624731e-02,5.008419413816532106e+00
1.941241843242823961e+01,-2.476979661389645260e-01,5.129689179354484097e-01,4.900872269441791218e+00,-1.685667644886222893e+00,1.232243602196813725e+00,1.882538886946428347e+00,5.978604598520433078e-02,4.986927198213208179e+00
1.957026488964969957e+01,-2.167011038534672474e-01,5.379291923553823906e-01,4.875959631880885325e+00,-1.727895718329234942e+00,1.229126612157296350e+00,1.878631124529320795e+00,5.774209710477208601e-02,4.965284141516672634e+00
1.972810929973898553e+01,-1.831904272307928183e-01,5.611831853175089924e-01,4.848099899439919369e+00,-1.765647117623071249e+00,1.217527221486649713e+00,1.875251438829702133e+00,6.321462172873626439e-02,4.941534800746812728e+00
1.988594961520658799e+01,-1.473800508237803342e-01,5.824443142267645701e-01,4.816276840248034929e+00,-1.798312110579975531e+00,1.226715875940153522e+00,1.872813556766167009e+00,9.030534232600548328e-02,4.917704946547770462e+00
2.004378797962835890e+01,-1.095234180272123131e-01,6.028512576292290870e-01,4.775677556386067835e+00,-1.829639203767180700e+00,1.305491565117168351e+00,1.871713420726291544e+00,5.468646849504473634e-02,4.893212685532922102e+00
2.020161358680222463e+01,-7.001778877715600369e-02,6.216398776420928307e-01,4.732614944501587040e+00,-1.865925632200464923e+00,1.278542911681135319e+00,1.872151910489495474e+00,5.441634635974257339e-02,4.879075713286569638e+00
2.035944544404978984e+01,-2.932056110639526605e-02,6.373054833779379091e-01,4.687392361563373022e+00,-1.893586998935625987e+00,1.251869384303588628e+00,1.874259849778682652e+00,4.874514846871701168e-02,4.869368337653264156e+00
2.051727480689140037e+01,1.222704595993834124e-02,6.501205118136721417e-01,4.642025962556017404e+00,-1.912946782977407389e+00,1.216773786530055412e+00,1.878050599606374327e+00,7.091523948733345628e-02,4.863744268710365581e+00
2.067510665892078237e+01,5.442570285906931510e-02,6.615420511760894406e-01,4.593347335127839770e+00,-1.924446144503084932e+00,1.242950660306145982e+00,1.883440129070232061e+00,7.232670924640717536e-02,4.855789690159493688e+00
2.083293757923998513e+01,9.719885450875498378e-02,6.730491125281401477e-01,4.541942997637255175e+00,-1.935656999153996027e+00,1.266473888725422325e+00,1.890161614321027583e+00,7.439067165634821732e-02,4.846829401953828054e+00
2.099076626665015510e+01,1.405353361117104016e-01,6.849682231732282522e-01,4.488373274075777353e+00,-1.945967622679863451e+00,1.285426844463147589e+00,1.897750986417040986e+00,6.024339698209789373e-02,4.835481992664347750e+00
2.114859806048663060e+01,1.844769620468669769e-01,6.968708993035955812e-01,4.436129774411824656e+00,-1.954207644051029202e+00,1.266210492207541227e+00,1.905686620447804236e+00,8.222948821450302981e-02,4.824082164242340376e+00
2.130643164556467184e+01,2.291404498980170734e-01,7.092119905772603650e-01,4.381358819941327809e+00,-1.956606455336105110e+00,1.301080476714084222e+00,1.913765003381760366e+00,8.277600729371391297e-02,4.806613631858223101e+00
2.146426099727146308e+01,2.746786274198286248e-01,7.228129610232318925e-01,4.324694745635737192e+00,-1.959625267711663898e+00,1.329525442686296799e+00,1.921677897736806306e+00,8.030472289737228264e-02,4.787259555174972370e+00
2.162209263772424706e+01,3.212026322070757889e-01,7.373369589883902453e-01,4.267000623847317264e+00,-1.962087046394703327e+00,1.345625337598966631e+00,1.929163800055902822e+00,9.007043744336826196e-02,4.767460841536496297e+00
2.177992429830324284e+01,3.688153878150935427e-01,7.527872526784564755e-01,4.206719245309467503e+00,-1.962543060228362446e+00,1.379891244798981509e+00,1.936110598805928618e+00,9.575072468365902756e-02,4.747378768119429715e+00
2.193775497726103652e+01,4.175732435506466222e-01,7.692868733015587601e-01,4.143268973761720098e+00,-1.962960258123670032e+00,1.420192466141584786e+00,1.942402883556300308e+00,9.720296915086021339e-02,4.733087992645777398e+00
2.209558625880728400e+01,4.673858416528755000e-01,7.862317346168200549e-01,4.076636750177547341e+00,-1.963585922833774644e+00,1.456161878786005337e+00,1.947867441684408174e+00,8.815625812783638160e-02,4.735582657979140464e+00
2.225341623487964782e+01,5.178801721261424573e-01,8.018845815521946641e-01,4.008461253960558857e+00,-1.963292541775889521e+00,1.465361439724608639e+00,1.952335997620037400e+00,8.272062023463258584e-02,4.773526824382182454e+00
2.241124771946253702e+01,5.682538819833805599e-01,8.136341659607452259e-01,3.939132011435434677e+00,-1.958774556532156375e+00,1.460010564719128379e+00,1.955724694855437873e+00,9.339335875850338087e-02,4.869600914665779712e+00
2.256907806326207577e+01,6.172026794510646619e-01,8.190208456431201656e-01,3.866286252588944539e+00,-1.948718011535989225e+00,1.475704989648362719e+00,1.957992464075784866e+00,9.252295248883395107e-02,5.048878226884706777e+00
2.272690868338904480e+01,6.629638244553480719e-01,8.152894093003604237e-01,3.790903827721954222e+00,-1.935809069198154875e+00,1.483999938305359700e+00,1.959102490089762005e+00,8.069736135793212362e-02,5.342381482033510487e+00
2.288472357994915285e+01,7.035923667482905097e-01,7.991358806326047670e-01,3.715961687120217682e+00,-1.919912710992721205e+00,1.465977513959559886e+00,1.959102663967428493e+00,8.724747614326348877e-02,5.772640311101937982e+00
2.304244539610291653e+01,7.374781445806627422e-01,7.685736800038545091e-01,3.641437083912628658e+00,-1.899407429586651430e+00,1.459542632389203787e+00,1.958236646048240548e+00,7.885767840709222154e-02,6.330935038438241236e+00
2.320007915100309859e+01,7.637716720437144335e-01,7.233401398729506493e-01,3.570378726085343235e+00,-1.876939183861794591e+00,1.438589634314311416e+00,1.956989438554588956e+00,7.186573193451537001e-02,6.968610729798992764e+00
2.335776240379346191e+01,7.824692585039767501e-01,6.646925731419902617e-01,3.504044959730687747e+00,-1.852351565641569220e+00,1.408981423609547923e+00,1.956079648122950765e+00,6.633188061585688911e-02,7.575423543896541823e+00
2.351543549955966483e+01,7.941396350469138721e-01,5.954798235386238314e-01,3.442523331516676777e+00,-1.825593863379868509e+00,1.374568498466408384e+00,1.956234721983741931e+00,6.204045138207595067e-02,8.008337906206600465e+00
2.367310658013314750e+01,7.994657786174566017e-01,5.193734915830223731e-01,3.385032207583856145e+00,-1.796281635104378660e+00,1.337117351370434415e+00,1.957572594984865688e+00,5.721163041437224428e-02,8.157776466242637525e+00
2.383078259157214518e+01,7.988850073564116583e-01,4.400470271221912921e-01,3.330570560950179893e+00,-1.763631222059860892e+00,1.294948938354335999e+00,1.959908835816765560e+00,5.135463478651602215e-02,8.003166276429073633e+00
2.398846182048629316e+01,7.924577681096441895e-01,3.605821748980519992e-01,3.278362519017736343e+00,-1.726382943193772279e+00,1.245267471992504538e+00,1.963109747385270332e+00,4.639086821026075502e-02,7.603667317495672151e+00
2.414615288732228038e+01,7.799239240792774641e-01,2.832783424067375488e-01,3.227981038560280513e+00,-1.682802177597914062e+00,1.187714304441116475e+00,1.966807860441573297e+00,4.349085227270921977e-02,7.046406222776949946e+00
2.430388086077192966e+01,7.608323376802509364e-01,2.098092655275663743e-01,3.179428103830642893e+00,-1.630923694395047585e+00,1.123901181425244644e+00,1.970622187678152004e+00,4.326552985193885675e-02,6.408724442530656873e+00
2.446158990947672507e+01,7.346728511247492266e-01,1.415350197894391093e-01,3.133135161663925139e+00,-1.568768665979359600e+00,1.057315280704929528e+00,1.974282008865174687e+00,4.634831262660456253e-02,5.750168901596012461e+00
2.461931191699611787e+01,7.010227300386336902e-01,7.980740891057350184e-02,3.089910433028584702e+00,-1.494690342346676859e+00,9.941675099311750863e-01,1.977597395420951809e+00,5.324676444214181820e-02,5.117825019613945869e+00
2.477704546314853218e+01,6.597580820072213026e-01,2.617849299699914409e-02,3.050833408081766063e+00,-1.408099797309826595e+00,9.439154238586341394e-01,1.980438472837928066e+00,6.397813888431523599e-02,4.549663116800688911e+00
2.493479114948415187e+01,6.113379813294979037e-01,-1.751649111665707498e-02,3.017048467396869604e+00,-1.310579529956189093e+00,9.182559410010038281e-01,1.982736491920905841e+00,7.145518797997425786e-02,4.072649145392924552e+00
2.509255352199872036e+01,5.570435120374152005e-01,-4.959593571271610213e-02,2.990681616024305267e+00,-1.206962083004598174e+00,9.100848344117211663e-01,1.984483536935526926e+00,7.684941509835026274e-02,3.700708714803163435e+00
2.525032557084153950e+01,4.989912909597607471e-01,-6.916826755469432375e-02,2.973930749150513364e+00,-1.103184757221550516e+00,9.136975149106288940e-01,1.985722048410327067e+00,7.848634111267850655e-02,3.433387550190645676e+00
2.540817478931078810e+01,4.398219966836853234e-01,-7.656150361511006308e-02,2.968877853039074033e+00,-1.005349628666079242e+00,9.167564197521269609e-01,1.986525751729536715e+00,7.450299785757960591e-02,3.259692653361159209e+00
2.556602607299811680e+01,3.821393152920898872e-01,-7.380073772208994853e-02,2.977085588603650024e+00,-9.174931143332256678e-01,8.986360451819392914e-01,1.986979220398455759e+00,7.244814925663926874e-02,3.162496494016308723e+00
2.572386043152402024e+01,3.280300749277970662e-01,-6.363281343559183678e-02,2.997784660801916079e+00,-8.401541626643636018e-01,8.751637171167696572e-01,1.987166722456978674e+00,7.868492472125315773e-02,3.122267430434503499e+00
2.588169951821302917e+01,2.788954005485164700e-01,-4.763338944609702558e-02,3.027211592212244007e+00,-7.744657245738302276e-01,8.829138713625120927e-01,1.987164133552412615e+00,7.859802600148270424e-02,3.120292437067391678e+00
2.603954017059217207e+01,2.354442433247517230e-01,-2.721207842418200615e-02,3.063195376023826633e+00,-7.234705329782897820e-01,8.883235323525303651e-01,1.987027936636559522e+00,7.580045727236507658e-02,3.142720614430549730e+00
2.619737851638406312e+01,1.978205821087279659e-01,-4.425462905439570341e-03,3.103984025840549332e+00,-6.851181220135246219e-01,8.816893707470394581e-01,1.986794791317080477e+00,7.082736750411969262e-02,3.179100833554546757e+00
2.635521658650504406e+01,1.658298856183894610e-01,1.886424811953839320e-02,3.148448037807966227e+00,-6.561070987827271050e-01,8.592060215663148703e-01,1.986486221703466892e+00,6.629550360447615531e-02,3.222823282386989341e+00
2.651305429342890108e+01,1.391153352370570195e-01,4.141369416497061445e-02,3.195688750854482674e+00,-6.331391537640623790e-01,8.291015146416474968e-01,1.986113063625733588e+00,5.839073261421530436e-02,3.270168882047995496e+00
2.667089543531612605e+01,1.172438610567165251e-01,6.221288211841147220e-02,3.245611520016400409e+00,-6.140639119821122982e-01,7.801444669922963371e-01,1.985678866081316274e+00,5.096216727316881662e-02,3.319811215994243447e+00
2.682873911648226795e+01,9.974871420560804669e-02,8.040472850870297727e-02,3.298000796138234048e+00,-5.959840530023849947e-01,7.209463381796400450e-01,1.985184380774511981e+00,4.489139781366997123e-02,3.371125592250017622e+00
2.698657884944077168e+01,8.615960877618759894e-02,9.556987470417963038e-02,3.352410172663888854e+00,-5.774441645435314241e-01,6.604960507101474976e-01,1.984629956794840888e+00,4.058607878500095079e-02,3.423865935362592872e+00
2.714441982942780385e+01,7.599195087497302714e-02,1.075450512002405767e-01,3.408079333141765588e+00,-5.582108779247748620e-01,6.061862137762756841e-01,1.984016382983208038e+00,3.802325757231117542e-02,3.477768902995170830e+00
2.730226373804597273e+01,6.872245422994399666e-02,1.162241527234454952e-01,3.463944207864184222e+00,-5.388821623678681227e-01,5.626961125101229699e-01,1.983345076367598381e+00,3.678532732140493700e-02,3.532350073907916332e+00
2.746010359966694736e+01,6.375999964207479387e-02,1.214105057824665795e-01,3.518748062296560786e+00,-5.204442159164027748e-01,5.313821200753421348e-01,1.982617218036413220e+00,3.089735231492795123e-02,3.586837011842475942e+00
2.761794303881046631e+01,6.039224720222855641e-02,1.222575039256450641e-01,3.571800831200038218e+00,-5.035206144307088350e-01,4.882975590870726745e-01,1.981834144564199596e+00,3.134831592729319522e-02,3.640633212801090313e+00
2.777578333402071920e+01,5.782027401302998471e-02,1.182328929231497433e-01,3.621850074179689738e+00,-4.865030390662864468e-01,4.634621671193283610e-01,1.981000051046666988e+00,2.834078911642610651e-02,3.691843830830543460e+00
2.793362027273682457e+01,5.519689222134646633e-02,1.092520603223535031e-01,3.668430064031370286e+00,-4.709657506436630281e-01,4.356947129734540791e-01,1.980118786735151293e+00,3.241304044543610180e-02,3.739097187775211051e+00
2.809142046652112157e+01,5.170327636913177316e-02,9.599300283082737306e-02,3.711052104117415595e+00,-4.564408903767580017e-01,4.351448564685790887e-01,1.979191898065481681e+00,2.960458099985871158e-02,3.780267407739186236e+00
2.824923585368510359e+01,4.661467578741942952e-02,7.944015577344012979e-02,3.750690233266427587e+00,-4.453259689886844841e-01,4.250578397817320053e-01,1.978218670823920444e+00,3.025624334264583395e-02,3.814990178272221755e+00
2.840706856414564285e+01,3.935363927409851054e-02,6.062190068557888473e-02,3.787983059015882059e+00,-4.359827471254478781e-01,4.216704713681320160e-01,1.977188013066717875e+00,2.664047705475315955e-02,3.842753242152917359e+00
2.856489107469204924e+01,2.953935603528326514e-02,4.063816884600288115e-02,3.824628793068447052e+00,-4.285965523519913445e-01,4.066521952811152918e-01,1.976082113803735441e+00,2.236371823860541785e-02,3.865240050938086647e+00
2.872271485097641985e+01,1.695916335626071816e-02,2.009409706291923406e-02,3.861659422578298528e+00,-4.213055605948808902e-01,3.786690566197748464e-01,1.974875311968025349e+00,1.962242034527677051e-02,3.884041177220199259e+00
2.888053977336814881e+01,1.558135763104740194e-03,-4.813337358920346132e-04,3.900055980863018856e+00,-4.125263688419962271e-01,3.486335662943666480e-01,1.973537526360352512e+00,1.780501374500280051e-02,3.901148580539085309e+00
2.903836672366647420e+01,-1.660537670303616556e-02,-2.060048847231413585e-02,3.940277642099974109e+00,-4.022037261628473304e-01,3.211108104928133700e-01,1.972036619464920149e+00,2.966773860976414101e-02,3.918091594357424157e+00
2.919619899487319259e+01,-3.734198091273593229e-02,-3.876513041382243646e-02,3.981811783844263264e+00,-3.918508833922004220e-01,3.531131771848232126e-01,1.970348246027463945e+00,3.360161209215194178e-02,3.935821141207570317e+00
2.935403202994577754e+01,-6.041130948987411681e-02,-5.375595928349376218e-02,4.023751001903264068e+00,-3.883100104969879895e-01,3.909457377591303295e-01,1.968436136631575906e+00,2.197765221293881618e-02,3.954473153472561009e+00
2.951186846244223716e+01,-8.567082326745442677e-02,-6.678499069468479821e-02,4.067103889078577339e+00,-3.903673732102043714e-01,3.715557546896217644e-01,1.966250271974145258e+00,1.696491576277597835e-02,3.974695708123656690e+00
2.966970253199124485e+01,-1.130104359698587135e-01,-7.934714969979028698e-02,4.112132075437465062e+00,-3.904912551162128542e-01,3.387420019343842514e-01,1.963736931191104373e+00,1.311820392886107675e-02,3.996431501212735160e+00
2.982753759913668290e+01,-1.422996438336397163e-01,-9.189205179573139981e-02,4.158973647874093515e+00,-3.872823162462044055e-01,3.023654285091052496e-01,1.960833187384108056e+00,2.511995877849491215e-02,4.019774226422274666e+00
2.998537262562771488e+01,-1.733567203861461070e-01,-1.033999253146318936e-01,4.206222804678618310e+00,-3.818242682025795864e-01,3.241133800621281424e-01,1.957450629313667090e+00,2.550479431407206427e-02,4.044218029682451032e+00
3.014320706128487970e+01,-2.060016878599587598e-01,-1.129690292329439960e-01,4.253765015282381157e+00,-3.811109867211055491e-01,3.429865509994610151e-01,1.953468512301248738e+00,2.827988068949952374e-02,4.069892742540095476e+00
3.030104821502492030e+01,-2.400953349881996823e-01,-1.206290891362168521e-01,4.301365638529212276e+00,-3.843952798612669808e-01,3.686377046563334425e-01,1.948718551517788500e+00,3.169097554197800037e-02,4.096855002788215572e+00
3.045888816004094224e+01,-2.754698308003767915e-01,-1.261596140558611800e-01,4.348776014968305681e+00,-3.922631971976043297e-01,4.034041991839286689e-01,1.942966021238687668e+00,1.262047238760548827e-02,4.125548331914154154e+00
3.061672655840356683e+01,-3.120441385199435591e-01,-1.311097344785328300e-01,4.397319970133577449e+00,-4.034730409623793479e-01,3.544838655914758774e-01,1.935862238841403071e+00,6.213544926813394792e-03,4.157212238329158538e+00
3.077456716890864286e+01,-3.497575195140665838e-01,-1.371099337352543190e-01,4.447032612608389002e+00,-4.073435779027044790e-01,2.941419245287961726e-01,1.926852571854427820e+00,2.964744037634028939e-02,4.194203315839278190e+00
3.093240901672079701e+01,-3.883042814483076421e-01,-1.418797317516369560e-01,4.496741689787953966e+00,-4.057137380578811348e-01,3.416002745672573337e-01,1.915069008938035777e+00,8.974727408694919972e-03,4.241982987201965649e+00
3.109024762592624569e+01,-4.273314858045322295e-01,-1.446469220435903646e-01,4.548419662359304283e+00,-4.101074561819774145e-01,2.982657957174864594e-01,1.899052290960740130e+00,1.208493176433889614e-02,4.308136871790834377e+00
3.124808739612435105e+01,-4.663765363792640173e-01,-1.456340095287610159e-01,4.601639066322857907e+00,-4.094078743470064841e-01,2.774089637704716393e-01,1.876330055680003550e+00,-2.046830518278670331e-03,4.400847339460345786e+00
3.140593040923511836e+01,-5.047220309597065802e-01,-1.441594633394257807e-01,4.658223774189459654e+00,-4.058287608677007552e-01,2.077994471689554035e-01,1.842508920099758862e+00,-1.176043639341428637e-02,4.528517604092122006e+00
3.156377087412648308e+01,-5.415175129373035467e-01,-1.401632239545130276e-01,4.718531931614113439e+00,-3.935600081994690136e-01,1.183223296015863957e-01,1.789135469934060252e+00,-8.344286365599719313e-02,4.695092134693212849e+00
3.172161405417167757e+01,-5.760647379582621852e-01,-1.370724170758449434e-01,4.783878435954407315e+00,-3.669402829911282415e-01,-2.102097747545672302e-01,1.696384735388311471e+00,-1.746494268829978658e-01,4.896065489361416390e+00
3.187945000792731420e+01,-6.080277044502410133e-01,-1.415695635285674769e-01,4.851472051780925554e+00,-2.964665036763874384e-01,-7.750366027010553438e-01,1.505979305139190316e+00,-2.472779760118420933e-01,5.117183284619644112e+00
3.203727919109876865e+01,-6.372554676121778838e-01,-1.576943866402780725e-01,4.914031553455366463e+00,-1.598212114509923731e-01,-1.434278523619337609e+00,1.015075062325086153e+00,-2.686167202561262624e-01,5.339891474154392803e+00
3.219511426296602252e+01,-6.636558922777250347e-01,-1.847344613927053014e-01,4.957759542244194684e+00,4.399080070762812628e-02,-2.002515401209036483e+00,1.874392999475223975e-01,-1.672214701142261672e-01,5.545162592214122554e+00
3.235294305054937780e+01,-6.869499482270071677e-01,-2.154097623509811377e-01,4.974280048922387287e+00,2.922714339707123687e-01,-2.168188306465432369e+00,1.281739024165163554e-01,-1.054507830484371494e-01,5.729050145665786076e+00
3.251077062110531557e+01,-7.068608000040123018e-01,-2.420179960123359508e-01,4.980966845592108783e+00,5.339714961038832808e-01,-2.138736135808500638e+00,3.971352167895680907e-01,-1.668653709628876158e-01,5.911651974973220369e+00
3.266859622459276125e+01,-7.235532963557879116e-01,-2.651938320732913912e-01,4.979653332154700962e+00,7.506225877699218563e-01,-2.296893863805357761e+00,7.550366147913170067e-01,-6.691421702236839686e-02,6.091237080203218746e+00
3.282642444395246883e+01,-7.370754946276074637e-01,-2.836899956031306846e-01,4.981793060595752998e+00,9.642235621608333807e-01,-2.173273575476216468e+00,1.077702608893988723e+00,-1.187682006028975834e-01,6.282221908844782376e+00
3.298424709565358626e+01,-7.474040973552583678e-01,-2.961910144885481766e-01,4.979948711212959012e+00,1.146357847381558326e+00,-2.183605652476716230e+00,1.248339813412907784e+00,-7.494730101725270710e-02,6.445895133448276582e+00
3.314206048630261847e+01,-7.546259359696668723e-01,-3.040414435159217166e-01,4.977482272687811182e+00,1.315345556261513060e+00,-2.091839891470827162e+00,1.319618352847614196e+00,-6.264500685682490577e-02,6.560019339221573986e+00
3.329982419201262189e+01,-7.587795146292337645e-01,-3.076411828410241522e-01,4.972592898343839884e+00,1.463175366845776981e+00,-1.985005543168522069e+00,1.322871578105943913e+00,-1.366507480332712111e-02,6.590781955160747607e+00
3.345760730243785730e+01,-7.599847451855864522e-01,-3.080853441726624786e-01,4.968330151440998321e+00,1.591528233536653403e+00,-1.784596766236305809e+00,1.287617520518801406e+00,1.896172375667812965e-02,6.533335797174164128e+00
3.361539132028908483e+01,-7.584413336462192401e-01,-3.061515407958039781e-01,4.966249248540011152e+00,1.692703717270441999e+00,-1.535121789447721818e+00,1.234168477744444159e+00,2.836646413932471245e-02,6.402923695629342049e+00
3.377324524756177482e+01,-7.545316534215322779e-01,-3.032527472283547132e-01,4.966950015578928124e+00,1.762818319748547857e+00,-1.292867638805820674e+00,1.184403796725347346e+00,1.736234283871728248e-02,6.231185940135018697e+00
3.393108025480364631e+01,-7.488499505773404952e-01,-3.011426603995193685e-01,4.969565485507719593e+00,1.803330114128947281e+00,-1.103488229021265532e+00,1.163062641212380344e+00,-2.132278396184118449e-02,6.050161998173543942e+00
3.408891473863646127e+01,-7.422047212607786326e-01,-3.021061573012580603e-01,4.970399111701493844e+00,1.820840825667593421e+00,-1.026480725019143447e+00,1.171166470216527866e+00,-3.871970033908789938e-02,5.879979658754723282e+00
3.424675311238348030e+01,-7.355165285997219415e-01,-3.079294443524198122e-01,4.968217541677409699e+00,1.828764263319559991e+00,-1.003481574791064368e+00,1.171023265766438559e+00,1.248619960335933116e-02,5.732756736539466935e+00
3.440459406562192868e+01,-7.295905883288790195e-01,-3.169782081734872081e-01,4.969334042225958648e+00,1.832352008285474732e+00,-8.618707325675798447e-01,1.100203244175403716e+00,-3.793260433746180327e-02,5.615417700441911464e+00
3.456244068825663618e+01,-7.252050965968499519e-01,-3.286763945439134527e-01,4.964866099554897438e+00,1.818694106552110057e+00,-8.506672741558173323e-01,8.967877383270903557e-01,2.307368857186901587e-02,5.509827108681633945e+00
3.472028354675442330e+01,-7.229945961379542485e-01,-3.417874431483189368e-01,4.960167026118650568e+00,1.801808737906755331e+00,-6.809868802274413602e-01,4.354914742616808332e-01,8.244980247210217938e-02,5.420862383153466801e+00
3.487812822665676293e+01,-7.232352151004014518e-01,-3.510915496094950128e-01,4.955273946322998668e+00,1.760423926006212891e+00,-3.591077650564394319e-01,-3.306041257615847662e-01,1.458976384686240801e-01,5.337513283429962563e+00
3.503597252300150444e+01,-7.259447281994294565e-01,-3.511724132301395906e-01,4.948136865613955493e+00,1.674233995789246920e+00,1.242626327549761767e-01,-9.772289257787849515e-01,1.991228495346288596e-01,5.249891149808435742e+00
3.519381709499621280e+01,-7.309290015430359722e-01,-3.368974125945684017e-01,4.945683909780098197e+00,1.523116829632282121e+00,7.262848956500632669e-01,-1.324295691313742251e+00,3.204035519792843845e-01,5.159785003204422793e+00
3.535166130172924426e+01,-7.376067990237729077e-01,-3.001680492140858525e-01,4.955875116763271748e+00,1.289976198533247187e+00,1.658229820485104922e+00,-1.495542885325830351e+00,3.586214543310928260e-01,5.075900301700777106e+00
3.550950690676883426e+01,-7.451764704262974215e-01,-2.350491183906299186e-01,4.975660596287529103e+00,9.392226942477395202e-01,2.567952193089974244e+00,-1.550503674827567346e+00,2.256395415756999867e-01,4.998467919088930955e+00
3.566735194450735236e+01,-7.533353402114399966e-01,-1.508424182735884356e-01,4.988686125868334820e+00,4.940801138654846714e-01,2.867378645249822888e+00,-7.528322497589026163e-01,1.738223818228850637e-01,4.935168285372123265e+00
3.582519464284398936e+01,-7.617796192440670078e-01,-6.054185764233945000e-02,4.988666445326374266e+00,4.447297543199330710e-02,2.933312412980021655e+00,7.240936892801563829e-01,1.196812226519871208e-01,4.904273635486540606e+00
3.598303981118938566e+01,-7.697575008350052705e-01,2.837438322188876386e-02,4.993648929500364098e+00,-3.731071642089272000e-01,2.797383907232155131e+00,1.764694870417136796e+00,1.081403103223839146e-01,4.920594224511436465e+00
3.614088518068050604e+01,-7.763195802253747280e-01,1.119440031156185011e-01,4.994893135330232603e+00,-7.353766745077122691e-01,2.640605839380803399e+00,1.888771843181914489e+00,-2.572159797524752739e-02,4.962447428470180277e+00
3.629873065422978584e+01,-7.809121251712819456e-01,1.831005025354228710e-01,4.985621880063471956e+00,-1.036881478444574345e+00,2.079500704564993807e+00,1.896717992960841315e+00,-3.302470208425803411e-02,5.007254335092659936e+00
3.645657469768860182e+01,-7.831983540585331083e-01,2.376769974915168282e-01,4.976954997555018245e+00,-1.237048207355877727e+00,1.618640869155734574e+00,1.895871272553383502e+00,-1.171063982532199142e-02,5.044569895562056594e+00
3.661441941855963478e+01,-7.826395513537243165e-01,2.801565589979933546e-01,4.973864892997872822e+00,-1.360519611839984710e+00,1.320620484736761746e+00,1.894021897930309395e+00,1.512343020547374933e-02,5.072517009083288286e+00
3.677226448978878182e+01,-7.788266232778323639e-01,3.153982861068951316e-01,4.974791279986653159e+00,-1.436131937992367158e+00,1.161005021513521474e+00,1.893394449670272817e+00,3.576351408579139107e-02,5.090602166377769855e+00
3.693010890316882922e+01,-7.714909881110381118e-01,3.469627854025230662e-01,4.977115418945400549e+00,-1.486058961303574399e+00,1.089909370632227370e+00,1.894873347161177835e+00,4.657967526545090525e-02,5.098846846148026302e+00
3.708795221871894654e+01,-7.604737782166650639e-01,3.768310858794699514e-01,4.979313853734587347e+00,-1.523734243895642937e+00,1.061536537492813403e+00,1.898469248469003112e+00,4.922471748901082605e-02,5.097027367587982027e+00
3.724579615911211761e+01,-7.456919763746456820e-01,4.057191291915943077e-01,4.980959623712721829e+00,-1.555453554964042695e+00,1.045461676618471225e+00,1.903662660572851717e+00,4.778338905680952486e-02,5.084602954373494299e+00
3.740364118990329700e+01,-7.271147693373020138e-01,4.335815388538494242e-01,4.982080741381309075e+00,-1.583105656571285991e+00,1.028294894488345212e+00,1.909772509897628145e+00,4.659502465451823006e-02,5.061404093396006054e+00
3.756148533004503776e+01,-7.047519635347642142e-01,4.601129174031724500e-01,4.982548461840446308e+00,-1.606800671970648908e+00,1.010794007067067790e+00,1.916002496088334839e+00,4.026700632343097053e-02,5.028522168848589935e+00
3.771933008549332556e+01,-6.786711078853857604e-01,4.847640756866611889e-01,4.982946164984353388e+00,-1.626437147435846775e+00,9.786685344743335513e-01,1.922012463555801354e+00,3.405472894377982451e-02,4.989932641843574324e+00
3.787717488991122394e+01,-6.490130811848107140e-01,5.068527481736710971e-01,4.983894073432278304e+00,-1.640167294288900068e+00,9.348020617150469835e-01,1.928155642619207466e+00,4.757439537250789108e-02,4.950522790701277209e+00
3.803501794845050910e+01,-6.159450604098758442e-01,5.267770683243738761e-01,4.983034845550307068e+00,-1.647659423751538954e+00,9.352016626094512564e-01,1.933005375946825311e+00,2.975515286045067251e-02,4.912543603706036599e+00
3.819285850063164389e+01,-5.797143586994453202e-01,5.444569340845554217e-01,4.983209503078479763e+00,-1.653774498634918322e+00,8.875419961718298278e-01,1.937521980975996039e+00,5.528310807755182354e-02,4.884279673970683966e+00
3.835069919423162332e+01,-5.405658990355454163e-01,5.606413477113760813e-01,4.980414412873213514e+00,-1.654143961548893094e+00,9.195699468061148130e-01,1.940787708331772166e+00,3.888630445649991774e-02,4.860962646179054936e+00
3.850854007321309780e+01,-4.987330362863991451e-01,5.760058486794636945e-01,4.977383628917726455e+00,-1.657956558578644213e+00,8.992210658134853762e-01,1.943178697769214036e+00,4.504396845520021453e-02,4.848099070278323985e+00
3.866638242883723109e+01,-4.544465237497546384e-01,5.903907365882214986e-01,4.973660197685522810e+00,-1.658816539610800112e+00,9.004363430116690825e-01,1.944845253703517018e+00,4.903287379366971788e-02,4.840437092898898008e+00
3.882422067511662078e+01,-4.078327908150262693e-01,6.045571795899513656e-01,4.968737027504059434e+00,-1.659774758959697172e+00,9.101641539639848677e-01,1.946101956298876834e+00,5.134856154435043368e-02,4.835993559456780666e+00
3.898206298985407869e+01,-3.589703943496407867e-01,6.189179007537413124e-01,4.962718322056644205e+00,-1.661950555251460404e+00,9.248445543210336295e-01,1.947104287545726953e+00,5.848614626499611113e-02,4.833062761595305901e+00
3.913990446834991133e+01,-3.078828520839959060e-01,6.339435468221518155e-01,4.954617928192754484e+00,-1.666190813485775468e+00,9.564740021856840135e-01,1.947900200337770338e+00,6.145430891026579245e-02,4.829520845479521540e+00
3.929774418720811013e+01,-2.545628920697982078e-01,6.499935682129287517e-01,4.944177749005723932e+00,-1.674454508364106253e+00,9.910031514911263884e-01,1.948578111891426490e+00,6.796846880554981152e-02,4.825248256385043177e+00
3.945558651328736488e+01,-1.989864176464750389e-01,6.673280876783740378e-01,4.930507319561709068e+00,-1.686978223994277881e+00,1.038108169646297707e+00,1.949220707332776747e+00,6.972687544233083234e-02,4.819210959558204443e+00
3.961342727882072268e+01,-1.411210570699187317e-01,6.860927463109461888e-01,4.913501037358775747e+00,-1.704847545164367428e+00,1.082922197880037185e+00,1.949907595768964441e+00,6.691517438134894635e-02,4.811875442182483198e+00
3.977126888224722734e+01,-8.094964219090231006e-02,7.059747554084883081e-01,4.893761244628517915e+00,-1.726944662634874561e+00,1.113451214969100711e+00,1.950710106520803455e+00,7.383801181672902669e-02,4.803821258341356426e+00
3.992910852816477529e+01,-1.844541073330163705e-02,7.269345333764468675e-01,4.870161872813003612e+00,-1.751316162767915463e+00,1.158599060363143307e+00,1.951666387511442169e+00,6.093697551549169533e-02,4.793494949071273048e+00
4.008694747790387680e+01,4.637863240406460419e-02,7.483683076820850655e-01,4.844958270516060317e+00,-1.778593442715471040e+00,1.162362029781365269e+00,1.952780480163380794e+00,6.226227709452174935e-02,4.785310303045996250e+00
4.024478829820820636e+01,1.134403365054527657e-01,7.693709176307261810e-01,4.817670080353471995e+00,-1.803323047271922164e+00,1.169321347724642246e+00,1.954024099428942618e+00,5.552552542606946362e-02,4.779760459351693136e+00
4.040262780474480309e+01,1.825412416309264985e-01,7.891132288805343675e-01,4.789119544157675712e+00,-1.825526241022643825e+00,1.157597128187795477e+00,1.955332533082944746e+00,6.994832171399355258e-02,4.784552276150346728e+00
4.056046869375888519e+01,2.532723318267199319e-01,8.070596945808444778e-01,4.756065744593223066e+00,-1.843625787117801007e+00,1.186342973234889575e+00,1.956603848869713946e+00,5.652565386971754313e-02,4.806042930511567057e+00
4.071830953737350711e+01,3.248493626890434638e-01,8.218415453827534467e-01,4.720191655741436065e+00,-1.861794897439967844e+00,1.174849411899976825e+00,1.957681387933327244e+00,5.342544535048927845e-02,4.863163846073130792e+00
4.087614577598559862e+01,3.960048165515009377e-01,8.310198873640083361e-01,4.681139309868149745e+00,-1.874648188378406521e+00,1.155102841606071573e+00,1.958434224203074114e+00,6.729624467688383183e-02,4.969866063453334704e+00
4.103398418101494372e+01,4.651132145635808457e-01,8.333509208911823452e-01,4.636140992939834504e+00,-1.881871654412468731e+00,1.171770871642654477e+00,1.958779578323710080e+00,6.767290312396900820e-02,5.137624725887082633e+00
4.119180438870479577e+01,5.303419482995912482e-01,8.278353413830279450e-01,4.585640235826765831e+00,-1.887794494314258387e+00,1.185958866673628931e+00,1.958674726454526782e+00,6.864366413361790153e-02,5.378506944451207694e+00
4.134957200271388444e+01,5.899390072017042241e-01,8.133738240975318945e-01,4.530503356032711260e+00,-1.891866625404674318e+00,1.198453504472030584e+00,1.958141560597532749e+00,5.773115001790805195e-02,5.693453051850850599e+00
4.150735191220248055e+01,6.425552275563185534e-01,7.892333843990952946e-01,4.473832564053574323e+00,-1.893835946176073426e+00,1.185947602069035378e+00,1.957272351205600724e+00,5.834448866819204327e-02,6.075867818616941030e+00
4.166512217822483422e+01,6.874208275224479303e-01,7.554544076142593045e-01,4.416547578725976919e+00,-1.891448000385961725e+00,1.174611760284116180e+00,1.956226462795388255e+00,5.707107717686883686e-02,6.505965538846890439e+00
4.182288239341205838e+01,7.243239645864368859e-01,7.128721997976411595e-01,4.359991301388233431e+00,-1.885581900059634997e+00,1.161752426119352810e+00,1.955174828498932316e+00,6.665761391644381417e-02,6.961414349500263832e+00
4.198063410362274084e+01,7.534424182119721092e-01,6.626936629639176290e-01,4.303801267380221951e+00,-1.876549932749237204e+00,1.166024445418238242e+00,1.954267167605208799e+00,6.249386175775049901e-02,7.416718570489553741e+00
4.213837586130885171e+01,7.751436075105951895e-01,6.059720162078858774e-01,4.249106412528247390e+00,-1.866519396781885387e+00,1.161821602805316767e+00,1.953615697103857851e+00,5.934808313653288508e-02,7.851642742296583322e+00
4.229612467833690204e+01,7.898362298790213565e-01,5.433872806052311155e-01,4.196102649960823605e+00,-1.854982663140427812e+00,1.152356902452478016e+00,1.953321919318391720e+00,6.046337171807131955e-02,8.241282326242943768e+00
4.245384495039488115e+01,7.978977490965745156e-01,4.756223288929730675e-01,4.144373125000528013e+00,-1.841621217720774029e+00,1.144514801197834775e+00,1.953450248003298695e+00,5.783833114917682344e-02,8.554518989740200752e+00
4.261155897139318682e+01,7.996159578740343887e-01,4.033457090797951117e-01,4.093813319862377398e+00,-1.826759024499280848e+00,1.132848870230683147e+00,1.953770048192740694e+00,5.509357621078878747e-02,8.755533687081459959e+00
4.276926014939063947e+01,7.951349158305548448e-01,3.272395335978796616e-01,4.044041555286312928e+00,-1.810094138337888792e+00,1.117442263710758166e+00,1.954445445656757263e+00,4.644010129803660680e-02,8.806598673138019251e+00
4.292695876219145390e+01,7.843944135393396966e-01,2.480287117401561159e-01,3.995018544344128841e+00,-1.791377964920140009e+00,1.090064423431172047e+00,1.955949875392671400e+00,3.846321013860820592e-02,8.678213925265023221e+00
4.308464232237447078e+01,7.670634532836553277e-01,1.665033134364924117e-01,3.946399415889668028e+00,-1.769409468661139018e+00,1.051654211122728499e+00,1.958327819521243907e+00,3.151662930689542313e-02,8.356136913247283360e+00
4.324232721686769310e+01,7.424729017750395510e-01,8.358506814344603131e-02,3.897796532320619178e+00,-1.742759403720454570e+00,1.002961787894525614e+00,1.961496542017090228e+00,2.589338805628338749e-02,7.847958206384548774e+00
4.340004465082541429e+01,7.095433849943890703e-01,3.144962972154772109e-04,3.848867677463374548e+00,-1.709611480544436457e+00,9.446820392551065204e-01,1.965270945887023002e+00,2.202904997435429016e-02,7.182519360435164479e+00
4.355773031924396577e+01,6.667123689800437125e-01,-8.211241728715933108e-02,3.799427193840084982e+00,-1.667595529684851696e+00,8.781001857376821151e-01,1.969395598227243971e+00,2.059321368193480287e-02,6.405020997152436557e+00
4.371541879338523273e+01,6.118780222967311611e-01,-1.622048208573831918e-01,3.749617251216134317e+00,-1.613698564279662628e+00,8.063071785370776734e-01,1.973567472034131631e+00,2.252897912510872999e-02,5.573397537341603147e+00
4.387310885771274371e+01,5.424555114647173770e-01,-2.379142821303953104e-01,3.700187897212059873e+00,-1.544511637962540540e+00,7.362673019530822094e-01,1.977449429399829706e+00,2.891646024286841088e-02,4.757055065603737809e+00
4.403080930381170788e+01,4.558072710743973355e-01,-3.063017793740863692e-01,3.652861500703304731e+00,-1.457451573804078304e+00,6.815036825350117011e-01,1.980711828687568454e+00,4.033986232276130790e-02,4.029740903773908478e+00
4.418854864820593775e+01,3.503968043767914931e-01,-3.632488948645331561e-01,3.610557869120615049e+00,-1.353750908551529353e+00,6.624813724253264535e-01,1.983111149858804545e+00,4.697125529482726325e-02,3.452272753725589283e+00
4.434627178253690971e+01,2.275276362589183088e-01,-4.043013487359078950e-01,3.579335606436000017e+00,-1.241618026316263057e+00,6.658895227049094201e-01,1.984537256695559693e+00,4.904024112022710435e-02,3.057183872656843882e+00
4.450400056463237064e+01,9.252573818392600957e-02,-4.265171660971792122e-01,3.567203949267354623e+00,-1.131816264009986694e+00,6.731995309301190833e-01,1.984993069631882046e+00,4.182809737948627732e-02,2.847219700977452472e+00
4.466177317375168343e+01,-4.611776342944559626e-02,-4.303402584537001085e-01,3.582372881020338351e+00,-1.032687938764589974e+00,6.434660311105148134e-01,1.984535210494956070e+00,5.268658417153498918e-02,2.806275213804126700e+00
4.481963137675251829e+01,-1.792872675933820936e-01,-4.163301391643691174e-01,3.622282062593217944e+00,-9.484293127029811421e-01,6.717373831872142098e-01,1.983256053196657653e+00,4.399650977071824232e-02,2.910057227918316336e+00
4.497745050443770509e+01,-3.000814530877082831e-01,-3.870055121797203457e-01,3.684392690688873540e+00,-8.870360846641996977e-01,6.522143095906287602e-01,1.981275803790146783e+00,5.226377198809679242e-02,3.128757519780590357e+00
4.513527520258062964e+01,-4.050048329963657490e-01,-3.456866964979878887e-01,3.759189568401156478e+00,-8.416503696692370085e-01,6.761927782928326414e-01,1.978771653215728898e+00,4.224370649736126221e-02,3.426252011330463532e+00
4.529311812007652804e+01,-4.935431386197912662e-01,-2.961016039658050936e-01,3.841475089937164800e+00,-8.127562938483492427e-01,6.539529077107067989e-01,1.975967307999487499e+00,5.277948038243190920e-02,3.760707376265272739e+00
4.545094584046410091e+01,-5.669610405208019843e-01,-2.412613092271378434e-01,3.924409932725351879e+00,-7.921555102785040603e-01,6.834905189619092658e-01,1.973099078783898452e+00,4.203041781561463186e-02,4.092358726648521738e+00
4.560877041567643175e+01,-6.271772451049669739e-01,-1.838029208498780931e-01,4.006497542956259927e+00,-7.822662143401687418e-01,6.681002771047753752e-01,1.970338821908840021e+00,4.089959593290275891e-02,4.392171621772058998e+00
4.576659394116041568e+01,-6.760836497888679242e-01,-1.263184720766055980e-01,4.086396246037476310e+00,-7.758239838350314832e-01,6.567071494536615983e-01,1.967776348053234647e+00,4.007065900272842318e-02,4.645330235177627998e+00
4.592441806658268888e+01,-7.151762983794838213e-01,-6.988028756713228484e-02,4.163496635323453710e+00,-7.722335848652879253e-01,6.469097605095914805e-01,1.965469969447731113e+00,4.233850338945676500e-02,4.844175246470860507e+00
4.608223975709957188e+01,-7.455974780636269728e-01,-1.507369861463958224e-02,4.237622458461530073e+00,-7.709832608716944424e-01,6.490878592334441421e-01,1.963489372306229219e+00,4.274986155425868073e-02,4.980869896439931388e+00
4.624006351811809168e+01,-7.682391754040666099e-01,3.752233761591951960e-02,4.308768315590738140e+00,-7.728345474995980124e-01,6.543460266816351067e-01,1.961895690370141221e+00,4.638569976159866853e-02,5.049153661947348937e+00
4.639789873615240623e+01,-7.838108135013956979e-01,8.722073312624474550e-02,4.376466954346999394e+00,-7.777347308707531770e-01,6.715193810579559441e-01,1.960649127772043254e+00,4.778458420437683291e-02,5.056676671098150777e+00
4.655572939129378085e+01,-7.928563101871329843e-01,1.334883847997367645e-01,4.440427060591817465e+00,-7.866949129816833697e-01,6.913035231202975250e-01,1.959552379854667681e+00,4.525497700030176734e-02,5.032943221355964170e+00
4.671355895641995915e+01,-7.957935310139196972e-01,1.761483034125916058e-01,4.500891844565280131e+00,-7.995920099015597637e-01,7.010609564464416188e-01,1.958328170748695030e+00,5.981855892555693749e-02,5.019126165492040492e+00
4.687139634013718847e+01,-7.928994314203129390e-01,2.167752803661883720e-01,4.557047658495922526e+00,-8.153761429480769207e-01,7.561932152851689182e-01,1.956717093860864898e+00,7.552783575136116923e-02,5.049684314309715205e+00
4.702923202947481229e+01,-7.843051142887428329e-01,2.586627587369112469e-01,4.608859590375487869e+00,-8.392493098516534689e-01,8.504298213423476804e-01,1.954549681486665635e+00,8.805842804298120996e-02,5.144475632109417162e+00
4.718707987257568703e+01,-7.700109924059447275e-01,3.051795510291680502e-01,4.657236909028693361e+00,-8.748327728450210339e-01,9.647312423001266346e-01,1.951881089623054955e+00,9.461152967943119163e-02,5.297759360247548344e+00
