0.000000000000000000e+00,-7.479390742575497963e-01,3.983125837241469624e-01,4.367791191474003298e+00,-1.009697513303084548e+00,1.245180474424185890e+00,1.946788999466658288e+00,9.641377090693593888e-02,5.107110204864389935e+00
1.578398441577653633e-01,-7.206181210159535722e-01,4.664410081229515836e-01,4.406964108412370074e+00,-1.100887012873156712e+00,1.302016366748248499e+00,1.944169611282743126e+00,8.323299978779073738e-02,5.224281593308395699e+00
3.156732289512507172e-01,-6.862551863262623675e-01,5.396361625968191245e-01,4.445303008667073286e+00,-1.193552489270357064e+00,1.316055589821708782e+00,1.942807456665551991e+00,7.798042207062964859e-02,5.236390937009780089e+00
4.735007700749602755e-01,-6.436115002583066014e-01,6.154424664663117328e-01,4.482063876649308831e+00,-1.285078740595351210e+00,1.318101931699072527e+00,1.942931423529912660e+00,7.157856870447087960e-02,5.126418736698231449e+00
6.313359408601937339e-01,-5.911834288891022471e-01,6.911980682776290852e-01,4.515855148579273504e+00,-1.376025353702680309e+00,1.306138099156402443e+00,1.944308919563313198e+00,7.765845920498280763e-02,4.921337445124891907e+00
7.891656251032345137e-01,-5.274902162730149557e-01,7.646933384217060592e-01,4.543227061152789403e+00,-1.466988780045847429e+00,1.315980661955977515e+00,1.946474154279274060e+00,7.341831916154903381e-02,4.667433515204561623e+00
9.470004133077283281e-01,-4.514873506588340524e-01,8.339733028495880385e-01,4.561345107211876027e+00,-1.560536264859191391e+00,1.314975720444348628e+00,1.948956279023456695e+00,7.229797847853901283e-02,4.412745289527550518e+00
1.104840621716450366e+00,-3.630032155132494887e-01,8.970194645689152368e-01,4.566905697182066071e+00,-1.654803888933393141e+00,1.313457262025128802e+00,1.951398485263069249e+00,4.972674109981745083e-02,4.190532771341611173e+00
1.262681461522275228e+00,-2.631116571842381791e-01,9.507652330281552988e-01,4.560702982554733609e+00,-1.745246456373760191e+00,1.244550841128461371e+00,1.953507315001033806e+00,2.945565311687389429e-02,4.026855036738636429e+00
1.420518228414948236e+00,-1.543876741023932353e-01,9.909306885767052986e-01,4.545264220197230642e+00,-1.818938179478458261e+00,1.122744995940242241e+00,1.955045347443611581e+00,2.540127972566712244e-02,3.939736488149063298e+00
1.578359492907691175e+00,-4.085316124866877202e-02,1.014812710799077200e+00,4.521532174646943680e+00,-1.868062037220913796e+00,1.009891931120740161e+00,1.955888095607949184e+00,4.048062757871060541e-02,3.941375008543203329e+00
1.736119677055532495e+00,7.255725613708294275e-02,1.022969476789154841e+00,4.487082861804820411e+00,-1.896702263649208575e+00,9.669418082542332593e-01,1.956073796221734939e+00,5.193166577317804428e-02,4.034837729683256491e+00
1.893929269320524078e+00,1.810133034404813601e-01,1.017766488945058612e+00,4.441260565395218407e+00,-1.915573093639500790e+00,9.671715120790853604e-01,1.955751907206108475e+00,4.546785421802290728e-02,4.213715579374045284e+00
2.051709477387540836e+00,2.808385189419805861e-01,1.000918217704788171e+00,4.388902281122002869e+00,-1.929151657307321077e+00,9.487721849641556071e-01,1.955147811005234493e+00,5.667454094438962447e-02,4.460722751160473898e+00
2.209509697694257646e+00,3.701072469764754569e-01,9.748233156697569957e-01,4.332256690301154123e+00,-1.936858765699219553e+00,9.630880950809768137e-01,1.954544942072245384e+00,5.281924061916018487e-02,4.744456982700939740e+00
2.367281937511195533e+00,4.484506512588348204e-01,9.421645847524104944e-01,4.275046634892674113e+00,-1.942318940978251085e+00,9.633758307450430713e-01,1.954145033191667435e+00,5.372910370651527018e-02,5.038895264081921788e+00
2.525053648535680040e+00,5.164305892932076203e-01,9.048752389393256435e-01,4.219220158782412078e+00,-1.944532467037567658e+00,9.644904978356872993e-01,1.954050515809031996e+00,6.279568429154790132e-02,5.322293030457047713e+00
2.682826593173742058e+00,5.749922870654199381e-01,8.648674873225666859e-01,4.164517019132691900e+00,-1.944404546924945354e+00,9.841934204768065797e-01,1.954294304745023636e+00,6.830156943232837397e-02,5.581664173150044483e+00
2.840598310788523317e+00,6.251041883290692214e-01,8.235377895161901662e-01,4.110720476817718350e+00,-1.944007396062371162e+00,1.010955317135069365e+00,1.954873412620613760e+00,6.996584487563389798e-02,5.811589094906890018e+00
2.998365782695653792e+00,6.676170410784932896e-01,7.815812339284697874e-01,4.057872305386583278e+00,-1.943938333778862493e+00,1.035824040808875912e+00,1.955770629575251274e+00,7.261365873417237327e-02,6.008455874967571830e+00
3.156136732688610280e+00,7.032506720318623117e-01,7.394078077279256922e-01,4.005737455541772185e+00,-1.943963534304672613e+00,1.061090726545466101e+00,1.956948470718144595e+00,6.857068210772124250e-02,6.168213053489299824e+00
3.313922521897811890e+00,7.326053410893511586e-01,6.972190625342248316e-01,3.954755621378811536e+00,-1.943999372905648171e+00,1.074459239968916346e+00,1.958365354473404096e+00,6.342558160527647648e-02,6.288626879389602742e+00
3.471693240198370223e+00,7.561739947703324249e-01,6.550389133676820519e-01,3.905295686530363852e+00,-1.942974991927532313e+00,1.075789833383555383e+00,1.959989153865177913e+00,6.277755549629496223e-02,6.368302041203684816e+00
3.629467839254204797e+00,7.743586955340847622e-01,6.129925702870422377e-01,3.857175150211824111e+00,-1.939955008707383799e+00,1.074896802820189956e+00,1.961775039951823674e+00,6.299202577617554755e-02,6.407586344624301766e+00
3.787241177560768168e+00,7.874790832702318610e-01,5.712927722210816572e-01,3.810172615548519826e+00,-1.934866536003713833e+00,1.073610009476341887e+00,1.963664095139036503e+00,6.240651421244055447e-02,6.410152440201357216e+00
3.945015394690555510e+00,7.957772710238225633e-01,5.300652898312131489e-01,3.764165178980087845e+00,-1.927752733268072394e+00,1.070450811578069095e+00,1.965573803066725134e+00,6.694556781677243884e-02,6.381769005699339914e+00
4.102807214907126188e+00,7.994301786067228299e-01,4.894273476754230634e-01,3.718495443160992675e+00,-1.918516106126773701e+00,1.074596998928745162e+00,1.967200207570254156e+00,6.664032637116615310e-02,6.326997965226327736e+00
4.260585671994953749e+00,7.985588641728456061e-01,4.494048958769162883e-01,3.673108283668270246e+00,-1.907772291735184478e+00,1.076549861655646367e+00,1.968473864029372189e+00,6.594258824483099912e-02,6.248644401555602634e+00
4.418364913718290765e+00,7.932345570378271926e-01,4.098919328006625507e-01,3.627932677067167155e+00,-1.895298017234375410e+00,1.075731199688713557e+00,1.969659357062299998e+00,5.579078243308107504e-02,6.144204395124346796e+00
4.576147343322695349e+00,7.834793846778983495e-01,3.706495878454545978e-01,3.583961885920136314e+00,-1.880773616103273982e+00,1.054859430170922652e+00,1.970873656505635951e+00,4.384435066021584448e-02,6.008611534981558755e+00
4.733928721278660490e+00,7.692634439787968681e-01,3.313821403308955249e-01,3.542318622932273176e+00,-1.862401478833352719e+00,1.011572188242503501e+00,1.972154896993775663e+00,3.354263784205240018e-02,5.835606856251166263e+00
4.891682709510733140e+00,7.505129930171768882e-01,2.920517877205991986e-01,3.504086569180611122e+00,-1.838160445374683816e+00,9.500901640524633818e-01,1.973508940964278313e+00,2.556484401570534998e-02,5.623482974776777610e+00
5.049455387880246171e+00,7.271327304870828234e-01,2.529285470468811137e-01,3.470340664781334183e+00,-1.806324005968561686e+00,8.757704414640358204e-01,1.974903814512290356e+00,2.047286885319132832e-02,5.378935688691457884e+00
5.207254444022550999e+00,6.990525950318257076e-01,2.144886632870688647e-01,3.442085414879052063e+00,-1.765580598651370403e+00,7.952139968688535232e-01,1.976277540023405388e+00,1.865584456775502831e-02,5.116297991379658683e+00
5.365044117906551335e+00,6.662938568982935683e-01,1.772962022090541212e-01,3.420111249864448144e+00,-1.715273417918256271e+00,7.162830335256148429e-01,1.977559685505894782e+00,2.021599781848054667e-02,4.853074756171473325e+00
5.522840649826602721e+00,6.290311696763664084e-01,1.419358910381053329e-01,3.404792027855869208e+00,-1.655727534712086113e+00,6.476048357835794134e-01,1.978692930310643971e+00,2.483050735646587584e-02,4.604847879463830118e+00
5.680641818473985971e+00,5.876234729397937784e-01,1.090135966290529945e-01,3.395921564233334689e+00,-1.588525059677916795e+00,5.972546986543086911e-01,1.979644266884470927e+00,3.164742671007884922e-02,4.382149586820657916e+00
5.838445955779847374e+00,5.425998010748966927e-01,7.917988429580788412e-02,3.392718934782227080e+00,-1.516527850749204154e+00,5.707079327723826312e-01,1.980404267227574122e+00,3.725927311038688267e-02,4.189938759198379437e+00
5.996258817961015453e+00,4.946035806900364595e-01,5.298649341691005765e-02,3.394399044519768704e+00,-1.443385989860266339e+00,5.627749211799012441e-01,1.980978339346291195e+00,3.945947300922917483e-02,4.029067947476643319e+00
6.154077893517587938e+00,4.443177264348433519e-01,3.060991175078569063e-02,3.400653249985886806e+00,-1.372127844130764718e+00,5.612825613514869083e-01,1.981377871649947497e+00,4.030692026565790148e-02,3.897918447343665882e+00
6.311904830467372385e+00,3.924043014453647560e-01,1.187153530279564523e-02,3.411333544737036760e+00,-1.304377667214714487e+00,5.611899741350397930e-01,1.981615405749712622e+00,4.030782609537005012e-02,3.793476387797468430e+00
6.469725159625647315e+00,3.394681802145447236e-01,-3.568778704392889384e-03,3.426353272512461245e+00,-1.241012823908895779e+00,5.598811432288031131e-01,1.981702518234821131e+00,4.055137589760603178e-02,3.712430472652883839e+00
6.627547880113612955e+00,2.860383696157503541e-01,-1.606585946474866494e-02,3.445480777989930132e+00,-1.182482802041012970e+00,5.588015582262401137e-01,1.981649040770985470e+00,3.974203100395557603e-02,3.651528399378043854e+00
6.785377436475526380e+00,2.325579601015070885e-01,-2.600807894406442083e-02,3.468570810612807254e+00,-1.129086881892946259e+00,5.544240541471646688e-01,1.981462079289832534e+00,3.825184754195835174e-02,3.607909983268748011e+00
6.943207810967632732e+00,1.793806619154377502e-01,-3.386939801476514939e-02,3.495519064315293356e+00,-1.080526141528266759e+00,5.454148976651670422e-01,1.981146371532614303e+00,3.943532035615427561e-02,3.579013763837413542e+00
7.101042299022537918e+00,1.267880338279219754e-01,-3.986908973070222434e-02,3.525695872910489026e+00,-1.036575592234685983e+00,5.429348012405631474e-01,1.980705292264393735e+00,3.845808135083468582e-02,3.562393254590475511e+00
7.258876298019341533e+00,7.499489965184055751e-02,-4.417964767192594788e-02,3.558805086400362416e+00,-9.977576075158510749e-01,5.377113445089096722e-01,1.980138729206639248e+00,3.705261362203460945e-02,3.556246443035623983e+00
7.416713222380853843e+00,2.415072232788834788e-02,-4.716087046977616992e-02,3.594638053446076675e+00,-9.634530520191730840e-01,5.289964668307038931e-01,1.979443612183188206e+00,3.664163209376747332e-02,3.558910541659815685e+00
7.574545562948100219e+00,-2.563996369866828468e-02,-4.904772395344483837e-02,3.632814482131168088e+00,-9.330882893143361834e-01,5.217545236995869695e-01,1.978614402509812242e+00,3.520397005340616253e-02,3.568906721367756329e+00
7.732380267658629514e+00,-7.431064265110107203e-02,-5.004272896241528101e-02,3.673102175275458237e+00,-9.064550755255416092e-01,5.119189815661949750e-01,1.977641694534593819e+00,3.071584343175550250e-02,3.585089043260585751e+00
7.890221187521259338e+00,-1.218406213714097325e-01,-5.066092255970971320e-02,3.715716127283966497e+00,-8.825105917688987889e-01,4.887536383886231239e-01,1.976512399263938180e+00,3.332893330581690461e-02,3.606587899513105988e+00
8.048057892213485331e+00,-1.682213069798212945e-01,-5.090702776677144548e-02,3.759820415563217111e+00,-8.602071045357415624e-01,4.829636541647092107e-01,1.975212291088329852e+00,3.315811108998509282e-02,3.632168075507655303e+00
8.205895025926608355e+00,-2.134487660078528137e-01,-5.048403218268365800e-02,3.805031294519339191e+00,-8.412953787664008143e-01,4.794471599407757467e-01,1.973721185314747384e+00,3.275487674404178873e-02,3.661286303690509669e+00
8.363735305195326930e+00,-2.575410450563098697e-01,-4.943900217090272525e-02,3.851061665892367092e+00,-8.256752548173168504e-01,4.764442696268110788e-01,1.972011682057497772e+00,3.186912796466555980e-02,3.693281254699269045e+00
8.521576089830388057e+00,-3.005241223485132784e-01,-4.787894877649582354e-02,3.897776194421910034e+00,-8.129986220522710250e-01,4.723505806813571573e-01,1.970047794285726406e+00,2.483609143001982988e-02,3.727658542501930850e+00
8.679417451247477544e+00,-3.424533215063276792e-01,-4.646372957755576932e-02,3.945696276499778943e+00,-8.018874258390938925e-01,4.432414278742133340e-01,1.967781730427210274e+00,3.326514751573171613e-02,3.764155116213125485e+00
8.837259335114033831e+00,-3.833555617401872562e-01,-4.483666874307788708e-02,3.993655681456626194e+00,-7.909598235101479302e-01,4.553757878436491824e-01,1.965154631036524435e+00,2.129588216523552874e-02,3.802052926583086023e+00
8.995096956256858789e+00,-4.232762550800080459e-01,-4.325020494202987120e-02,4.042718383348540279e+00,-7.828340864952428868e-01,4.203158449755451387e-01,1.962077615630454686e+00,2.893889208479289918e-02,3.842468132632942179e+00
9.152936507953931766e+00,-4.622514431174259419e-01,-4.175857134958844974e-02,4.091937780900583910e+00,-7.735216735994427939e-01,4.242570511123016086e-01,1.958428636154114777e+00,2.781705241972437515e-02,3.886031872661441788e+00
9.310778981885945882e+00,-5.002453447078264448e-01,-3.953954088669289768e-02,4.141323281564742942e+00,-7.671755568188942664e-01,4.244766254498706926e-01,1.954020511706621832e+00,2.509163103996841712e-02,3.936351201605769567e+00
9.468622264040330805e+00,-5.371767919165618688e-01,-3.652531976359892768e-02,4.191303094030319976e+00,-7.627229209257636589e-01,4.153869840193580298e-01,1.948570451991455732e+00,2.515467577259414625e-02,3.998818881899330435e+00
9.626463299027795628e+00,-5.728282353792664150e-01,-3.221016808569395623e-02,4.242336024584117737e+00,-7.590846013712297946e-01,4.099045760325430443e-01,1.941668236283923488e+00,2.222302390408950265e-02,4.080591237700264884e+00
9.784304555741982767e+00,-6.068110643304451823e-01,-2.583030859078954897e-02,4.295254651913312571e+00,-7.562647289767909786e-01,3.961861632210073592e-01,1.932742864433661945e+00,1.808516880618165831e-02,4.189254280883635495e+00
9.942150251549977114e+00,-6.385762927487131924e-01,-1.673659290316370160e-02,4.350955533886919469e+00,-7.529180314362108328e-01,3.717465007147696676e-01,1.921024923357808278e+00,-3.241237677977207472e-03,4.330114989369507228e+00
1.009999350767617088e+01,-6.675112231936258800e-01,-5.440504448701692641e-03,4.411492363056520816e+00,-7.456505739613149553e-01,2.790659129109930858e-01,1.905486493636877832e+00,-5.279126009518435303e-02,4.504033162217848663e+00
1.025783606785904745e+01,-6.931200895321236732e-01,5.001427814728324865e-03,4.479854319237449367e+00,-7.229915449352872781e-01,3.765984219634373187e-02,1.884698869525132103e+00,-1.151177210630448394e-01,4.704706588950212875e+00
1.041566426524147460e+01,-7.151267342957091655e-01,1.016440943531001645e-02,4.557552478976425014e+00,-6.667389335628289837e-01,-3.579740479376449791e-01,1.856447542944958062e+00,-1.756138012568392026e-01,4.917997165090080891e+00
1.057350347943974711e+01,-7.334798408128970770e-01,6.400619180529523375e-03,4.642933317574619245e+00,-5.617284320319285706e-01,-8.602374848769731575e-01,1.816739535758445490e+00,-2.175304780693016748e-01,5.125876228344306007e+00
1.073133706317985769e+01,-7.483046295283963811e-01,-7.953234447644114483e-03,4.730822872679812718e+00,-4.009963207066388202e-01,-1.380677209147430862e+00,1.757461917960414288e+00,-2.271154629408338732e-01,5.312699280307072947e+00
1.088916931738454252e+01,-7.598187962523644812e-01,-3.210223847692066784e-02,4.813674313378609071e+00,-1.885698865569550575e-01,-1.818763163842171737e+00,1.660959503801116455e+00,-1.853692846486363621e-01,5.470368792006415681e+00
1.104700447191966362e+01,-7.682293865953541134e-01,-6.241642091545907683e-02,4.884290847413049974e+00,5.964256611646921030e-02,-2.052201473299124501e+00,1.489936532856029450e+00,-1.175616607508435940e-01,5.599798831755708584e+00
1.120483906410020936e+01,-7.736921159254516178e-01,-9.351732200402482209e-02,4.937310595891791110e+00,3.162816456399302201e-01,-2.056692157773824636e+00,1.206217505571986814e+00,-1.122319776862873153e-01,5.705447388180906465e+00
1.136267225895295852e+01,-7.764453746062118800e-01,-1.230113835964292829e-01,4.968490102170718181e+00,5.586212319654055847e-01,-2.058766142854810965e+00,1.005951629738087938e+00,-1.461056970239049124e-01,5.788601258695207363e+00
1.152050649146960382e+01,-7.768559016234963810e-01,-1.527520811487348140e-01,4.978744524674249661e+00,7.901731398879699997e-01,-2.164186536140558559e+00,1.148898491964610136e+00,-7.228690158320669190e-02,5.855095644742278616e+00
1.167833735174868970e+01,-7.751414925385827770e-01,-1.813099445172587088e-01,4.982054403441267709e+00,1.017359341750753154e+00,-2.065270171862465531e+00,1.392153448518671954e+00,-1.121643594867323956e-01,5.923439970398995058e+00
1.183617038070603300e+01,-7.714819212521307756e-01,-2.073994000973150009e-01,4.978029971273616461e+00,1.222408725447550637e+00,-2.068442361478227465e+00,1.455158637423455081e+00,-6.355800839596559282e-02,5.986342109833131531e+00
1.199400248571754801e+01,-7.660419953107429070e-01,-2.307987794364673717e-01,4.968876072692467893e+00,1.414482647551808192e+00,-1.955670378811494192e+00,1.415945447565940984e+00,1.154641483361090043e-02,6.040896224508962575e+00
1.215182945968079054e+01,-7.587901218641917023e-01,-2.480727244143115795e-01,4.959884535651435833e+00,1.579746323655454754e+00,-1.678500277713714572e+00,1.308209592262201681e+00,4.929009603213117124e-02,6.077387724447047113e+00
1.230965758393391951e+01,-7.496705374635380670e-01,-2.570646494636401602e-01,4.955447592583207772e+00,1.703031410797847034e+00,-1.349699646549925136e+00,1.140330362104945872e+00,5.799696542868933852e-02,6.081644383463839176e+00
1.246748573893937007e+01,-7.386914750190600731e-01,-2.583835996449900807e-01,4.956924374708949976e+00,1.782408965320335659e+00,-1.045285410339289012e+00,9.402634531501660176e-01,4.552177656278277862e-02,6.043186280135004473e+00
1.262531513582266918e+01,-7.259460032344288161e-01,-2.544155906572234116e-01,4.962518311072977362e+00,1.823782467280746999e+00,-8.108081477758467548e-01,7.783433919899539477e-01,7.952938650580379173e-03,5.959296805010414033e+00
1.278314656896915480e+01,-7.116732276329268414e-01,-2.488888670161643613e-01,4.968182197939875699e+00,1.837820455885106119e+00,-6.962835739647702527e-01,6.250235358575486622e-01,-3.308817686582355561e-02,5.837459738876387583e+00
1.294097618752468470e+01,-6.963024589407541542e-01,-2.460438048087932317e-01,4.967496220603148771e+00,1.839685339673169828e+00,-6.930563365492624639e-01,5.178602904353138969e-01,-1.142707602334599136e-02,5.692568822425591257e+00
1.309881001642328791e+01,-6.803938740091699522e-01,-2.475047142519870014e-01,4.962246020684496273e+00,1.839655794822090851e+00,-6.367265204716229254e-01,2.098935783353267637e-01,5.596436671164661120e-02,5.547995311258778983e+00
1.325665828207898045e+01,-6.645175806748809810e-01,-2.503535421641002179e-01,4.953847601362510567e+00,1.827153090648546030e+00,-4.079760731884614078e-01,-4.733649817892736644e-01,1.263765407795592877e-01,5.415529602234674833e+00
1.341450212660527619e+01,-6.491456069158416664e-01,-2.490009986012372001e-01,4.939810605302819013e+00,1.777931920536691690e+00,1.572602577472988683e-04,-1.093790371115322957e+00,2.150278590818967828e-01,5.292590605421890082e+00
1.357234801495493137e+01,-6.345608095413668437e-01,-2.361100590637599528e-01,4.930682512934762229e+00,1.665391704082823887e+00,6.368166513313627819e-01,-1.409833226224222802e+00,3.174050263619941359e-01,5.183080975580478089e+00
1.373019021600012124e+01,-6.207843645613532191e-01,-2.026620259189434170e-01,4.940441113298930098e+00,1.457299112213925163e+00,1.519499784207321680e+00,-1.568317636163971240e+00,3.514759358742094442e-01,5.091063158557163071e+00
1.388803479915067740e+01,-6.076765402348639489e-01,-1.433350532101912989e-01,4.966462780636192953e+00,1.128769556494609860e+00,2.381151103395694246e+00,-1.624133101313732341e+00,2.962563407462732168e-01,5.013819850407523759e+00
1.404588209699039858e+01,-5.951172649693219352e-01,-6.194395012440694764e-02,4.988499490817956961e+00,6.971095933187833049e-01,2.932079832779825423e+00,-1.390490514061993199e+00,1.809009923112743778e-01,4.950455612250508786e+00
1.420372758606998786e+01,-5.830441523757098343e-01,2.968426633704893819e-02,4.987909764603622342e+00,2.212103501473880185e-01,3.010810269797798533e+00,2.636559981793105689e-01,1.452409573937228360e-01,4.905114888153068620e+00
1.436157186520450324e+01,-5.711466535087975638e-01,1.217123936380122423e-01,4.992325018761428979e+00,-2.346234053850734247e-01,2.951743766678589065e+00,1.686197259676467830e+00,1.589394259032362589e-01,4.908436810451328292e+00
1.451941480371977100e+01,-5.586318582670495303e-01,2.119331225320242040e-01,4.995822049752060678e+00,-6.550996116535932057e-01,2.931807998675011628e+00,1.888324321899887526e+00,-5.585777170376981376e-02,4.942552192635350394e+00
1.467725981667522639e+01,-5.450989728057549222e-01,2.894112307176603394e-01,4.982787301796643753e+00,-1.021996116588920867e+00,2.241107483956559676e+00,1.892237330701867615e+00,-7.484725599698156817e-02,4.978684248583993721e+00
1.483510419219275711e+01,-5.304039263663263837e-01,3.452512778161150875e-01,4.968720362235892196e+00,-1.268581390663140240e+00,1.633198293442485571e+00,1.886857339062655958e+00,-5.454863221203656160e-02,4.998910863875528854e+00
1.499294903194657458e+01,-5.141822626692919007e-01,3.835308169313388915e-01,4.963415025416005655e+00,-1.419291678490350428e+00,1.206796900749252943e+00,1.879788808726285954e+00,-2.265583504312389598e-02,5.000820699451226758e+00
1.515079552526056084e+01,-4.962630851598763826e-01,4.093363280448578667e-01,4.965667015730087286e+00,-1.506459481488555907e+00,9.542737503116415221e-01,1.873557838747901050e+00,4.541470652507650051e-03,4.985734224462125219e+00
1.530863941851100662e+01,-4.767174073184840544e-01,4.266297863458530237e-01,4.970966206624689576e+00,-1.557129661206698712e+00,8.245157583572348958e-01,1.870145030864449609e+00,2.109830227201171457e-02,4.958772559809675684e+00
1.546648138364089142e+01,-4.558519128887134619e-01,4.377744710421588303e-01,4.975690982964949605e+00,-1.589100224829566033e+00,7.634311720857421824e-01,1.870317382143562135e+00,1.632150040501626279e-02,4.927364107172151897e+00
1.562431973508963345e+01,-4.341853766742909682e-01,4.433596178226174578e-01,4.979513716110359312e+00,-1.610654438040931780e+00,6.979490882711810729e-01,1.874571105604758481e+00,2.627286800014809465e-02,4.900009965377786436e+00
1.578214310980001045e+01,-4.123391043760920582e-01,4.439169386181958110e-01,4.981225796124457261e+00,-1.622983167337829213e+00,6.712837460211460439e-01,1.880555003228451039e+00,2.989884643667309327e-02,4.880213827029207252e+00
1.593997106120957774e+01,-3.909282473265648927e-01,4.406591084755074328e-01,4.980407902356493999e+00,-1.631339536820967995e+00,6.600545114220638387e-01,1.884430621983112175e+00,2.717543511076813204e-02,4.870956768458615471e+00
1.609780420846664839e+01,-3.705140564830937122e-01,4.343964470701152658e-01,4.977864044063869287e+00,-1.637365178123367349e+00,6.435101979008225337e-01,1.886064787173308721e+00,3.024460885051548364e-02,4.872818027978180311e+00
1.625563363660890204e+01,-3.515189069245034936e-01,4.260953379788391948e-01,4.973970573679089568e+00,-1.640946439485245989e+00,6.392947683670788805e-01,1.884690986713700500e+00,3.971704121025720902e-02,4.883879740944166770e+00
1.641346420708794795e+01,-3.341694254667210706e-01,4.173445107512815944e-01,4.968245262970044429e+00,-1.644577836872826770e+00,6.633810364036630824e-01,1.880514609807356408e+00,3.031287533513095378e-02,4.901748156495212783e+00
1.657129241472300407e+01,-3.185317329469528058e-01,4.089758719916471441e-01,4.962521874206206718e+00,-1.650288225131352204e+00,6.560399441023940792e-01,1.874031863859398461e+00,3.410870024356708191e-02,4.926257779307242402e+00
1.672912063245719949e+01,-3.045120915349373014e-01,4.014993228169201900e-01,4.957425738193201425e+00,-1.654773611089480845e+00,6.588971077211270844e-01,1.865747884880278873e+00,3.663982457281222960e-02,4.954476063606669811e+00
1.688695025496055635e+01,-2.918516450044625343e-01,3.958814965274445319e-01,4.953319808155112192e+00,-1.659505982280988112e+00,6.681722915259598050e-01,1.855576962210937486e+00,4.397911930179952689e-02,4.984888106803748720e+00
1.704478292046537291e+01,-2.801758778452022036e-01,3.930421697065974440e-01,4.949717033305343072e+00,-1.665905494129028774e+00,6.972001226631123760e-01,1.843428592730068205e+00,5.048431040887483429e-02,5.015142924044774020e+00
1.720262938423008592e+01,-2.690410608535763193e-01,3.937132842664012866e-01,4.945770332774713118e+00,-1.676497815160870486e+00,7.386829915205220809e-01,1.828906281266843958e+00,4.921662736947334665e-02,5.043120464778636958e+00
1.736046998658444451e+01,-2.580002229496962118e-01,3.978922605099065590e-01,4.941701692373025701e+00,-1.692156844480151801e+00,7.721230078518080964e-01,1.811539772221828271e+00,5.418099165396204897e-02,5.067791586893833689e+00
1.751831324383365285e+01,-2.466379469108773426e-01,4.052795193743811142e-01,4.936468024353288797e+00,-1.711956762106690011e+00,8.133529545170439246e-01,1.790291653397982241e+00,4.394537705384893300e-02,5.087294154064230689e+00
1.767615416437362796e+01,-2.346146740290334654e-01,4.150334108260144705e-01,4.930989200671219486e+00,-1.735450613796700514e+00,8.219394703096952748e-01,1.764414508260404579e+00,3.377944736003564430e-02,5.102824206713362010e+00
1.783399548897952513e+01,-2.216885624027325197e-01,4.257745842070543296e-01,4.926225066601661595e+00,-1.758004887888024781e+00,8.036572469244668282e-01,1.732105983713700947e+00,5.765112461141845557e-02,5.114846382094357047e+00
1.799183935235225462e+01,-2.076383735825008403e-01,4.378951123609067797e-01,4.918649302879684271e+00,-1.779080464087388735e+00,8.594036271988656495e-01,1.691685066368419754e+00,2.223236709888790422e-02,5.120915160970921143e+00
1.814968180758339855e+01,-1.923451410604474221e-01,4.505577928992792747e-01,4.911475698786111010e+00,-1.803477349612558012e+00,8.095121189828864416e-01,1.638627334450506234e+00,5.248593217029963454e-02,5.127218103372429781e+00
1.830752232617233233e+01,-1.757291671282601442e-01,4.634078859463790501e-01,4.901097844201489195e+00,-1.822174951545361132e+00,8.478307926044592602e-01,1.565703482628004739e+00,5.329445233861603015e-02,5.127519539226775613e+00
1.846536496035796659e+01,-1.576739392697709408e-01,4.777994981732093249e-01,4.886320989918311319e+00,-1.845224993155601512e+00,8.925406584821532485e-01,1.460062610691018170e+00,2.062206177241496241e-04,5.124699146568454822e+00
1.862320750393788771e+01,-1.381853810976877706e-01,4.917284476533151927e-01,4.872700709290681331e+00,-1.868984018070508402e+00,8.080011444964914080e-01,1.307925218426318370e+00,6.666938455115643813e-02,5.123334560145662131e+00
1.878105137692154614e+01,-1.172266614396841461e-01,5.058261453191934542e-01,4.849357314026711663e+00,-1.884186677710004476e+00,8.883291188775531699e-01,1.074594835563932982e+00,1.816665874486492194e-03,5.109205437140006190e+00
1.893889511915230273e+01,-9.479453857236044834e-02,5.200349313901283521e-01,4.823365755068686589e+00,-1.904151462000793549e+00,8.096447435750212529e-01,6.944846066471214163e-01,5.615867179988949520e-02,5.094793731367003531e+00
1.909673845965695094e+01,-7.092540870248063845e-02,5.344550908864738048e-01,4.781971213405562970e+00,-1.915885026428112203e+00,8.934237855702507058e-01,1.244213944969846386e-01,8.044838032725994126e-03,5.062788551115184887e+00
1.925457844417674380e+01,-4.572565598225735578e-02,5.492757322733182734e-01,4.723938050799210586e+00,-1.932670147808048799e+00,8.432572466420256152e-01,-4.150619276135921187e-01,1.813040559150024683e-02,5.019117441291435000e+00
1.941241843242822540e+01,-1.941379461419521363e-02,5.630317249948276759e-01,4.649346817035810986e+00,-1.940532282154085575e+00,8.452803175717820139e-01,-7.169337709019789617e-01,3.036794792692548012e-02,4.958834845487375631e+00
1.957026488964968536e+01,7.852061404718869986e-03,5.765543022312098476e-01,4.560899695846235780e+00,-1.945521420202804608e+00,8.739804606607208814e-01,-8.786296375527646862e-01,3.810132446849238963e-03,4.888020029807914391e+00
1.972810929973897132e+01,3.585988100091981601e-02,5.890130343621233777e-01,4.467035013254698761e+00,-1.948704151722910005e+00,8.560402635120916148e-01,-9.236437993756162479e-01,8.164247246616763987e-02,4.816461790727886161e+00
1.988594961520657378e+01,6.442901549069120215e-02,6.022375958721306599e-01,4.357173947872291286e+00,-1.949585864012653325e+00,1.017701212887248019e+00,-8.762731699267876095e-01,3.110867920639856163e-02,4.734451926627659013e+00
2.004378797962834469e+01,9.328378086741154207e-02,6.158896621992756559e-01,4.242503783877114465e+00,-1.961541395044959835e+00,1.003746668188815194e+00,-6.454806993011262817e-01,5.898476263354018867e-02,4.659408990265195172e+00
2.020161358680221042e+01,1.221133597497094381e-01,6.276751989051664316e-01,4.127556112438473868e+00,-1.965759571098594449e+00,1.026902323352704371e+00,-2.976373535095341166e-02,8.021759375293212313e-02,4.585125549380033583e+00
2.035944544404977563e+01,1.508888470160542894e-01,6.390359192128551857e-01,4.025488311580139644e+00,-1.967522652115099469e+00,1.084597641225418574e+00,8.991372774622736763e-01,7.153936067770423624e-02,4.522398377927372870e+00
2.051727480689138616e+01,1.798300977043994497e-01,6.502936758113017079e-01,3.951480469987735056e+00,-1.970522775305025620e+00,1.107680137156986433e+00,1.399268568931919754e+00,7.665849564729923515e-02,4.484011639133762550e+00
2.067510665892076460e+01,2.092007965459307950e-01,6.614390954314550708e-01,3.891433858000622248e+00,-1.972348476979896459e+00,1.138047645710435152e+00,1.620517460755427797e+00,7.704097023988196180e-02,4.455731542658514677e+00
2.083293757923996736e+01,2.391680159868368460e-01,6.730124509860198057e-01,3.836503223796336126e+00,-1.974136459670323918e+00,1.163257291112097080e+00,1.735385724867588131e+00,7.880423682536553953e-02,4.430081286094794457e+00
2.099076626665013734e+01,2.698669552476406497e-01,6.853415132286729827e-01,3.783411107181527733e+00,-1.975435045271545009e+00,1.187486554713573117e+00,1.804221651246292080e+00,8.144250372297548446e-02,4.404011875002180609e+00
2.114859806048661284e+01,3.014504872883896347e-01,6.987266975208306086e-01,3.730664151298433318e+00,-1.976153794183043599e+00,1.212944097168788815e+00,1.849447309940271955e+00,8.517303912495903517e-02,4.376582945958934268e+00
2.130643164556465408e+01,3.340864038874731268e-01,7.134135850751537333e-01,3.677240145146481787e+00,-1.976397846555358884e+00,1.241941033026440655e+00,1.880992634414336839e+00,8.980993876536179366e-02,4.347504712514224323e+00
2.146426099727144532e+01,3.679465609124937808e-01,7.296183651439656082e-01,3.622244148406915887e+00,-1.976451715433329648e+00,1.275891924706548330e+00,1.903933196074087952e+00,9.370025109401922125e-02,4.316769166133885172e+00
2.162209263772422929e+01,4.031956138454725336e-01,7.474635784856401566e-01,3.565089569901205291e+00,-1.976588186433111405e+00,1.312028099910863554e+00,1.921131744639388739e+00,9.776955684111957035e-02,4.285101308143012488e+00
2.177992429830322507e+01,4.399762371041529563e-01,7.669348723470542639e-01,3.505241228088849414e+00,-1.976716177809060504e+00,1.350160792439808244e+00,1.934340554357645514e+00,1.061061996117458328e-01,4.254437859158467283e+00
2.193775497726101875e+01,4.783803402129760962e-01,7.880176641768747992e-01,3.441378273851480873e+00,-1.976817302693240963e+00,1.399341020291668958e+00,1.944630257341118496e+00,1.131075388290917472e-01,4.228782874730652175e+00
2.209558625880726623e+01,5.183782796766418510e-01,8.104133049766186758e-01,3.372476935121794028e+00,-1.977495468924300948e+00,1.454096426735465686e+00,1.952630633891287992e+00,1.141887882384744340e-01,4.217156372998931424e+00
2.225341623487963005e+01,5.596931165394841701e-01,8.328614413012466189e-01,3.298635274346276791e+00,-1.978379512123385808e+00,1.499830950059902523e+00,1.958679495965482520e+00,9.896198703895232873e-02,4.234423478193913404e+00
2.241124771946251926e+01,6.016415224744594559e-01,8.523869920927794608e-01,3.222986970849328614e+00,-1.977226586105890638e+00,1.501820247015260401e+00,1.963045761737432393e+00,1.025835446152874170e-01,4.302447063164022367e+00
2.256907806326205801e+01,6.430369273560354593e-01,8.656128782433382129e-01,3.144788378398683193e+00,-1.969858422582793533e+00,1.508559992656983706e+00,1.966012426712640204e+00,1.019189831499072579e-01,4.441040346903254665e+00
2.272690868338902703e+01,6.822364038545241094e-01,8.694518589024393673e-01,3.064909785353160387e+00,-1.957073241203636016e+00,1.509367975611984658e+00,1.967772060435104775e+00,1.016704946325579090e-01,4.673736535910519407e+00
2.288472357994913509e+01,7.173939993671113458e-01,8.608498596426198413e-01,2.984721215489873902e+00,-1.939129812270222741e+00,1.505844138891411443e+00,1.968513280793672715e+00,8.275701279280472944e-02,5.015255089660114685e+00
2.304244539610289877e+01,7.469032001222500883e-01,8.371969251102525655e-01,2.908764889652707630e+00,-1.916905800599103094e+00,1.464924929226152805e+00,1.968489359832881869e+00,6.582338976831610122e-02,5.462224401505367588e+00
2.320007915100308082e+01,7.698099277527824524e-01,7.973534000421429457e-01,2.839689920793122990e+00,-1.889412246079612334e+00,1.399600088501392170e+00,1.968108444568236637e+00,5.279067022506654661e-02,5.968628428873239855e+00
2.335776240379344415e+01,7.859446163267231888e-01,7.425643304864871785e-01,2.778363080730406498e+00,-1.856942027539623785e+00,1.322630257848749658e+00,1.967919761632681785e+00,4.355669169499028215e-02,6.440858408912120581e+00
2.351543549955964707e+01,7.956874340464316075e-01,6.758774785422867470e-01,2.724294226531941643e+00,-1.820009624229316891e+00,1.241957126454714677e+00,1.968434402778972858e+00,3.761075794581122261e-02,6.761330894156848181e+00
2.367310658013312974e+01,7.995572313035868017e-01,6.011866640857377320e-01,2.676316628772842154e+00,-1.778561120303191023e+00,1.161293451883960159e+00,1.969619297062427776e+00,3.309391081995216588e-02,6.844219063189481034e+00
2.383078259157212742e+01,7.978811121261860650e-01,5.223069110991380715e-01,2.633333641763246913e+00,-1.731839634616793244e+00,1.079914852515916124e+00,1.971390836188151585e+00,3.004394924944608219e-02,6.679182590496460570e+00
2.398846182048627540e+01,7.906760893694287917e-01,4.423717729512703922e-01,2.594646202105872490e+00,-1.678453230512666261e+00,9.972107443466912136e-01,1.973750961915424540e+00,3.039198140423855776e-02,6.320255871457837848e+00
2.414615288732226261e+01,7.777092456057305148e-01,3.637080303589789732e-01,2.559909731639488761e+00,-1.616687589371214706e+00,9.166405356460300968e-01,1.976405459292871036e+00,3.488966854690422198e-02,5.841720412366866455e+00
2.430388086077191190e+01,7.586298355373293223e-01,2.880889151500166112e-01,2.529025333565903200e+00,-1.545029187115085412e+00,8.445869197838904441e-01,1.979094376458343074e+00,4.405245803213340278e-02,5.307521531007730609e+00
2.446158990947670731e+01,7.331065107278036397e-01,2.171722469768524455e-01,2.501924446333267493e+00,-1.462631170417344695e+00,7.905184224545881433e-01,1.981641248083558571e+00,5.808229554880524337e-02,4.765451538563183043e+00
2.461931191699610011e+01,7.009781618086063926e-01,1.529657567719397149e-01,2.478363057765401223e+00,-1.369974004349958197e+00,7.664093067434019080e-01,1.983927520683048673e+00,6.893864792510774608e-02,4.252113842692925694e+00
2.477704546314851441e+01,6.624455866628884415e-01,9.779065307644824179e-02,2.459022449337230576e+00,-1.269754097529994130e+00,7.655382938828574346e-01,1.985872295250148190e+00,7.323793637681479118e-02,3.797304670217955369e+00
2.493479114948413056e+01,6.182804045146179650e-01,5.360019715368027904e-02,2.446042655923405640e+00,-1.165770806789356406e+00,7.697221421365511018e-01,1.987430907489895038e+00,7.427104460547889753e-02,3.421884628168575748e+00
2.509255352199869904e+01,5.699516372989965607e-01,2.141724397861004270e-02,2.442263454970010628e+00,-1.061845185730249996e+00,7.684895107387759161e-01,1.988598806080195791e+00,7.680565809538644761e-02,3.134900010220713185e+00
2.525032557084151819e+01,5.195437006075318553e-01,1.450418540316324861e-03,2.449748900437663135e+00,-9.620540824308507766e-01,7.688587252834718777e-01,1.989407010354892424e+00,8.282617143135458104e-02,2.934128531219436731e+00
2.540817478931076678e+01,4.694372656279342526e-01,-6.398275612280049721e-03,2.468718085977353649e+00,-8.714579346121711367e-01,7.856991387706696583e-01,1.989908693066027467e+00,8.209180620579173415e-02,2.809339307795486462e+00
2.556602607299809549e+01,4.218353319832535142e-01,-3.510452283809845260e-03,2.499489012469772398e+00,-7.947759730393392230e-01,7.901802418386822957e-01,1.990161745801610316e+00,8.049111996860697227e-02,2.747111180961714805e+00
2.572386043152399893e+01,3.783900682787278980e-01,7.462668335969980561e-03,2.540884115271248245e+00,-7.322644725466851412e-01,7.856002000010406938e-01,1.990222467033620601e+00,7.830519382928460836e-02,2.731969075034667682e+00
2.588169951821300785e+01,3.400901039648432378e-01,2.386149603187962681e-02,2.590722373005421630e+00,-6.829807145257976719e-01,7.756372222584854148e-01,1.990140385895301955e+00,8.049201505463142448e-02,2.749616447352237536e+00
2.603954017059215431e+01,3.073550707797074177e-01,4.401891626604562124e-02,2.645665573480724397e+00,-6.457914054652892366e-01,7.827267581708250432e-01,1.989955486819877883e+00,7.554337273544006748e-02,2.787715375587751065e+00
2.619737851638404180e+01,2.801710410760352987e-01,6.612512147621414649e-02,2.704193711904965269e+00,-6.200180611536255659e-01,7.705610698230029865e-01,1.989694134487148824e+00,7.247037942630805973e-02,2.838100291882649007e+00
2.635521658650501919e+01,2.582555878418147377e-01,8.849298589368950751e-02,2.764758213546119947e+00,-6.019550159971602810e-01,7.560705771907330064e-01,1.989372563342058919e+00,6.197336462563422799e-02,2.894644967162974147e+00
2.651305429342887621e+01,2.411817667268744969e-01,1.094295777057849584e-01,2.827416212132923157e+00,-5.890134425495134884e-01,7.086486445303946669e-01,1.988997695701601787e+00,5.230267331351736576e-02,2.954731247503486369e+00
2.667089543531610119e+01,2.284464951580734149e-01,1.273793485305272644e-01,2.892110854541525278e+00,-5.766697674188027145e-01,6.452524818147776786e-01,1.988572455321037102e+00,4.454901730826023309e-02,3.016836495726806344e+00
2.682873911648224663e+01,2.195436792777250012e-01,1.418018818418308180e-01,2.958520440613619851e+00,-5.629395015954394843e-01,5.797666651946556948e-01,1.988097692313898657e+00,3.888755982573351144e-02,3.080612652269302476e+00
2.698657884944075391e+01,2.139722875459268148e-01,1.527332815335096794e-01,3.026044695615330848e+00,-5.475916152001790715e-01,5.208849087846980641e-01,1.987572604112651131e+00,3.503616351116901201e-02,3.146362962057741353e+00
2.714441982942778608e+01,2.112241521583228532e-01,1.603710225214323160e-01,3.093831381430948824e+00,-5.313184192891635682e-01,4.726437353516295681e-01,1.986995065866774102e+00,3.253225156339261542e-02,3.214671782865252680e+00
2.730226373804595497e+01,2.107573150017506558e-01,1.647805228665358002e-01,3.160821911861111833e+00,-5.151099382509286562e-01,4.357083416893549610e-01,1.986362396688892584e+00,3.081388417637463337e-02,3.286051557345090579e+00
2.746010359966692960e+01,2.119642059150928792e-01,1.657567301515587010e-01,3.225842781675392956e+00,-4.998515035101596671e-01,4.083418384003606461e-01,1.985672589543549416e+00,2.723283678921634490e-02,3.360529932993757019e+00
2.761794303881044854e+01,2.141395471126743277e-01,1.626326948306610620e-01,3.287960607812479008e+00,-4.858320533888215720e-01,3.786849722004355656e-01,1.984926498633933667e+00,2.483570973067356080e-02,3.437355458116445384e+00
2.777578333402070143e+01,2.164898020307827464e-01,1.547161242757661148e-01,3.346330077769732902e+00,-4.723496399734209983e-01,3.519260574523342955e-01,1.984130846746031240e+00,2.313367361019461055e-02,3.514197728232448803e+00
2.793362027273680681e+01,2.181841312171940994e-01,1.417943037949258300e-01,3.400460739803813137e+00,-4.593518981925518441e-01,3.293307155786160956e-01,1.983298412802655175e+00,2.201926605617684704e-02,3.587451297273369200e+00
2.809142046652110380e+01,2.184203178099575482e-01,1.242050943440101557e-01,3.450426128457800168e+00,-4.469666902842783784e-01,3.114299151160432322e-01,1.982445049779519408e+00,2.140614170834703386e-02,3.652925289555744470e+00
2.824923585368508583e+01,2.164994396423708944e-01,1.028427129599915335e-01,3.496874689004519698e+00,-4.354096129046546304e-01,2.982845954341826200e-01,1.981583292276664299e+00,2.065314298837876358e-02,3.707187267266643271e+00
2.840706856414562509e+01,2.118798738112962765e-01,7.894879492913826902e-02,3.540888949686409326e+00,-4.248665830743159622e-01,2.874134037391251062e-01,1.980715427414784235e+00,1.917053026451560546e-02,3.748855191862731751e+00
2.856489107469202793e+01,2.041977061123007031e-01,5.378048612382622246e-02,3.583760931927892024e+00,-4.152207106594625330e-01,2.751416125753422537e-01,1.979830913337283560e+00,1.973374630201469790e-02,3.779030253244046733e+00
2.872271485097639854e+01,1.932688702994471153e-01,2.859213146490069066e-02,3.626523980306653350e+00,-4.063076750365056111e-01,2.698187697335093227e-01,1.978908257651172065e+00,1.862562391436143813e-02,3.800535988454946779e+00
2.888053977336812750e+01,1.790561724325291926e-01,4.309020349989573125e-03,3.670041396596587013e+00,-3.986111374353576431e-01,2.627134000700159233e-01,1.977922120561662833e+00,2.001106409290091467e-02,3.816949747408008076e+00
2.903836672366645288e+01,1.616307630723833322e-01,-1.844780252656425673e-02,3.714643405633315520e+00,-3.920312932353420265e-01,2.639316913726351133e-01,1.976845580048446127e+00,2.071240434126167540e-02,3.831126847327756657e+00
2.919619899487317127e+01,1.411343044272519442e-01,-3.927087294408804219e-02,3.760464425262334931e+00,-3.873773224626423928e-01,2.684838193098867953e-01,1.975653675841805512e+00,1.108542723540928247e-02,3.845050994491453711e+00
2.935403202994575622e+01,1.176958948790049059e-01,-5.893722625008950000e-02,3.808039337716256689e+00,-3.836004988493320056e-01,2.350919885337492687e-01,1.974321649448935956e+00,1.578785690249109516e-02,3.859844338385037155e+00
2.951186846244221584e+01,9.146220298821879091e-02,-7.765537693356565352e-02,3.856963110766567837e+00,-3.776051593442635301e-01,2.306075407315390513e-01,1.972824943724686975e+00,1.608443930850911308e-02,3.875685291822144940e+00
2.966970253199122354e+01,6.260267791456144981e-02,-9.492949488858488938e-02,3.906965990943186640e+00,-3.726471515045916560e-01,2.293025096100620441e-01,1.971137528129434990e+00,1.572039640334643371e-02,3.892801378580277305e+00
2.982753759913666158e+01,3.125654823216847400e-02,-1.108385139896518462e-01,3.957882417170938361e+00,-3.689269367381860509e-01,2.277650827226467556e-01,1.969224240328661502e+00,1.562844718901857874e-02,3.911192318524527423e+00
2.998537262562769357e+01,-2.446846950910687782e-03,-1.254986796783978120e-01,4.009559230741016833e+00,-3.663090270375536361e-01,2.269829702153421669e-01,1.967042028998995828e+00,1.527295233486159441e-02,3.930801176380472217e+00
3.014320706128485838e+01,-3.838614353218366276e-02,-1.390173312154597551e-01,4.061892932865133865e+00,-3.647459374538237764e-01,2.259651064361799799e-01,1.964536124636870440e+00,1.265605623779589989e-02,3.951575443163732881e+00
3.030104821502489898e+01,-7.645691067367337002e-02,-1.516909768736250663e-01,4.114902010289936740e+00,-3.637755395690914217e-01,2.159263734197544582e-01,1.961634553559871375e+00,1.489801291346926938e-02,3.973457261689174125e+00
3.045888816004092448e+01,-1.165517017223301893e-01,-1.635112028903233650e-01,4.168322436598995928e+00,-3.627846196586609340e-01,2.179873586729392798e-01,1.958240022070833586e+00,1.456505938783321172e-02,3.996570069097456823e+00
3.061672655840354906e+01,-1.585532088438202647e-01,-1.742905517040335139e-01,4.222115432200926222e+00,-3.630190802979765263e-01,2.188949194710504420e-01,1.954214077433025443e+00,1.520469361442257708e-02,4.021654179109403593e+00
3.077456716890862509e+01,-2.023236715950768871e-01,-1.838821239139289965e-01,4.276307825623794301e+00,-3.643438108459437497e-01,2.227711720519927052e-01,1.949349875925265874e+00,1.381827380712054298e-04,4.050765242561816137e+00
3.093240901672077925e+01,-2.477095044850332883e-01,-1.930911952418513100e-01,4.331870915104780728e+00,-3.647480139081809014e-01,1.682966714819454923e-01,1.943332754680765051e+00,5.764370440014258967e-03,4.087806588221251758e+00
3.109024762592622437e+01,-2.944081470031159609e-01,-2.016075999363269589e-01,4.389100188892026466e+00,-3.591891005190526731e-01,1.495225142369313864e-01,1.935678833556841338e+00,-9.467758533196635878e-03,4.139785452897327467e+00
3.124808739612432973e+01,-3.419172693160221765e-01,-2.088323523864738795e-01,4.449240723518897767e+00,-3.500265321950092878e-01,7.817877751918046736e-02,1.925670218021146018e+00,-3.334098888947358008e-02,4.214941351314057449e+00
3.140593040923509704e+01,-3.895844028816637938e-01,-2.158491467969031186e-01,4.513800846445257697e+00,-3.289800283032741079e-01,-6.476090994098512854e-02,1.912250947275830448e+00,-8.499828444001422678e-02,4.321593121430010953e+00
3.156377087412647242e+01,-4.366552439100317429e-01,-2.254434596768246368e-01,4.583968011289984545e+00,-2.834754732607516758e-01,-3.623158840253125068e-01,1.893837003528204166e+00,-1.408279948578924079e-01,4.464265810055437989e+00
3.172161405417166691e+01,-4.823720456171862181e-01,-2.410505509909320332e-01,4.658717504937375686e+00,-1.947490499124474306e-01,-7.844761540482315665e-01,1.867911647140292564e+00,-1.828026722715357932e-01,4.642029382321680941e+00
3.187945000792729289e+01,-5.260177179270164594e-01,-2.639520466696516632e-01,4.734001537472218857e+00,-5.300632541003846843e-02,-1.244079245183095317e+00,1.830231878275889068e+00,-1.949433273706482617e-01,4.848066279518680410e+00
3.203727919109874023e+01,-5.669879989732242720e-01,-2.924937406409809371e-01,4.803919815067981602e+00,1.372443088002472111e-01,-1.632803594230324506e+00,1.773286092929526436e+00,-1.603917929278731724e-01,5.072101232775634294e+00
3.219511426296599410e+01,-6.048023301567320154e-01,-3.221881576831830407e-01,4.863972157179282441e+00,3.573609798835204465e-01,-1.832797696254204078e+00,1.683715711635566104e+00,-1.413929119825792502e-01,5.305538038007190593e+00
3.235294305054934938e+01,-6.391765420688316768e-01,-3.492658715709117678e-01,4.909996769808995687e+00,5.823780995922708259e-01,-1.940339073074001108e+00,1.540680369266980598e+00,-1.016378990819012534e-01,5.539055249453987528e+00
3.251077062110528715e+01,-6.699598308957568360e-01,-3.713639936121904128e-01,4.942397492329801523e+00,7.996923905764294904e-01,-1.927185046520502487e+00,1.341606508533419451e+00,-9.174714949938575503e-02,5.773012056976476458e+00
3.266859622459273282e+01,-6.970460865582918109e-01,-3.873904327938330616e-01,4.961155732765647919e+00,9.982363303430483725e-01,-1.905480003423123181e+00,1.190079318619431170e+00,-7.036874066980293441e-02,6.004777254494301886e+00
3.282642444395244041e+01,-7.203418977391801148e-01,-3.971574548895406842e-01,4.970443451992533568e+00,1.178348790878372743e+00,-1.844418723848202379e+00,1.136213660630137845e+00,-9.843960730382847468e-02,6.231374225458303329e+00
3.298424709565355784e+01,-7.398071497539486785e-01,-4.016965023945359148e-01,4.971126030550541586e+00,1.339751525640985985e+00,-1.857064159498809541e+00,1.119879091291083650e+00,-8.312226350803471331e-02,6.430556037473685649e+00
3.314206048630258294e+01,-7.554777200328300912e-01,-4.023894521891634435e-01,4.966142963663359389e+00,1.491089421665961368e+00,-1.829872716577878311e+00,1.083720403854880443e+00,-2.565173077686618702e-02,6.575394562689617750e+00
3.329982419201258637e+01,-7.674168603247022435e-01,-3.989592771091267087e-01,4.959813284951764878e+00,1.628772389963187850e+00,-1.679065445864425854e+00,9.869104934591622635e-01,4.234809634251578830e-02,6.637788911611617770e+00
3.345760730243782177e+01,-7.757538758961273206e-01,-3.907495654768215476e-01,4.956127743960542453e+00,1.741834773919395341e+00,-1.396656255254289603e+00,8.522451210543950939e-01,6.510640711357540411e-02,6.604202168885825230e+00
3.361539132028904930e+01,-7.807381965903402721e-01,-3.784493323331895587e-01,4.956775502659418464e+00,1.819960178683925456e+00,-1.095947046001249703e+00,7.208617013362876857e-01,4.999961877431766816e-02,6.485248251558993537e+00
3.377324524756173929e+01,-7.827780853835609731e-01,-3.645031294381436693e-01,4.960863455859986892e+00,1.863726356129470796e+00,-8.627038378049480816e-01,6.550357853117045881e-01,7.158150563077713205e-03,6.313030827013707658e+00
3.393108025480361079e+01,-7.824482313367950859e-01,-3.522197611171251075e-01,4.965223094594161779e+00,1.881994004648102514e+00,-7.517440706715847742e-01,6.700866373351640481e-01,-1.783635572580010917e-02,6.123232472512246893e+00
3.408891473863642574e+01,-7.804522186397360173e-01,-3.442121772548227820e-01,4.968082180372768164e+00,1.888127941908115170e+00,-7.096880432253225290e-01,6.245871272541454466e-01,-9.953093599660949031e-03,5.944096608985907082e+00
3.424675311238344477e+01,-7.775210021192718868e-01,-3.408640941242878641e-01,4.968187867819915837e+00,1.888681767361141794e+00,-6.548544148642203577e-01,6.207456242456024231e-01,-2.990377870879315156e-02,5.787531410583549807e+00
3.440459406562189315e+01,-7.743976028980391613e-01,-3.420442942814238552e-01,4.964458044945379456e+00,1.883260087436741337e+00,-6.493606458091604194e-01,4.338550783687197265e-01,2.041673337928765278e-02,5.653159809995577767e+00
3.456244068825660065e+01,-7.717218227180637768e-01,-3.459099472826457355e-01,4.957736772071478448e+00,1.873785139634168706e+00,-5.183632585432336182e-01,-9.405151676481221523e-02,8.481055586492419751e-02,5.538651980315578705e+00
3.472028354675438777e+01,-7.698770823189242662e-01,-3.476102174727899174e-01,4.946336407002507762e+00,1.842188107438379463e+00,-2.256612883998972419e-01,-8.531151135138446140e-01,1.563787873031019793e-01,5.431342501624768282e+00
3.487812822665672741e+01,-7.690039805599971912e-01,-3.413526199589739796e-01,4.931675575071878370e+00,1.765802486129822713e+00,2.456734754609244953e-01,-1.310944985202920243e+00,2.220770358526631683e-01,5.322087165028366762e+00
3.503597252300145470e+01,-7.690900526321661212e-01,-3.212550206261490238e-01,4.928031619157480669e+00,1.621068696261658726e+00,8.667789699083080501e-01,-1.532793228947248121e+00,3.558930580385573084e-01,5.217050142268314872e+00
3.519381709499616306e+01,-7.698574817466081743e-01,-2.785885381401593808e-01,4.943697297146779412e+00,1.381941111169061154e+00,1.827944074509386452e+00,-1.645992937199109107e+00,3.973735071448741274e-01,5.121248895429416415e+00
3.535166130172920163e+01,-7.708702568445163772e-01,-2.071450404361461772e-01,4.972743230204829779e+00,1.012670300066818241e+00,2.766883280047005567e+00,-1.677738740911548065e+00,2.529314263575244692e-01,5.033458832298681074e+00
3.550950690676879162e+01,-7.720480994881215864e-01,-1.155414448662219346e-01,4.992261157187400045e+00,5.400071807954311964e-01,3.118904919401420006e+00,-1.142396542405170301e+00,2.017947472561053002e-01,4.960451200876310196e+00
3.566735194450732394e+01,-7.733078209799918445e-01,-1.633216122114286920e-02,4.985215341229525698e+00,4.621948860525177533e-02,3.226561771398015477e+00,1.051969688277225590e+00,1.673283819589929389e-01,4.912636725072036192e+00
3.582519464284396093e+01,-7.741341664373617704e-01,8.383372303342029319e-02,4.994378732986201719e+00,-4.305338724663830829e-01,3.195999540563760455e+00,1.814332685746242513e+00,9.814842390654664184e-02,4.933214104198498262e+00
3.598303981118935724e+01,-7.738556038488109134e-01,1.785141041624166702e-01,4.982417261707084322e+00,-8.651026579900635838e-01,2.948724050384568418e+00,1.836385124288335335e+00,-2.104082778268976175e-02,4.973900396470533281e+00
3.614088518068047762e+01,-7.720285830668518479e-01,2.593523826778302843e-01,4.949023614927867243e+00,-1.224268249695946276e+00,2.389725358345983430e+00,1.821007405352724762e+00,-5.820789603431615611e-02,5.013751996815100753e+00
3.629873065422975031e+01,-7.683282301444911422e-01,3.220574560472737602e-01,4.914717245556606606e+00,-1.479798882684967953e+00,1.833307035104567939e+00,1.796521234824566271e+00,-5.684315080492177014e-02,5.047286901472789467e+00
3.645657469768858050e+01,-7.623785000427862890e-01,3.688465261314615162e-01,4.890986069377200707e+00,-1.644040223543349555e+00,1.389001975288175261e+00,1.764962670238437781e+00,-3.001717248411625225e-02,5.072820192795930438e+00
3.661441941855960636e+01,-7.538579781119940648e-01,4.041876872118322916e-01,4.878427976044434899e+00,-1.741125745317206874e+00,1.103179473961381607e+00,1.725473098970524921e+00,1.022466436435245929e-02,5.089260477860887200e+00
3.677226448978874629e+01,-7.425078685629544761e-01,4.331521919520890385e-01,4.871224324899799285e+00,-1.797841513201354324e+00,9.781539636602676335e-01,1.675576905911066339e+00,2.454849288441060193e-02,5.095542040587174526e+00
3.693010890316880079e+01,-7.281677917815577716e-01,4.591302902868349411e-01,4.865564161124777520e+00,-1.835942098962513924e+00,9.124517066233680529e-01,1.611103515801423303e+00,4.572819061290352843e-02,5.093279710891159162e+00
3.708795221871891812e+01,-7.107474839042537962e-01,4.840422654427617988e-01,4.857482710867902398e+00,-1.864985181285992999e+00,9.144333816994484332e-01,1.525850602660698607e+00,7.521840115738906429e-03,5.080150050339931056e+00
3.724579615911209629e+01,-6.902556398803798565e-01,5.072140004763171506e-01,4.850742517337190307e+00,-1.889725997014962910e+00,8.189829980288301225e-01,1.411292163167531921e+00,4.999605676705919100e-02,5.060399998912591180e+00
3.740364118990326858e+01,-6.667041475558616037e-01,5.290026328940847788e-01,4.838823629866746856e+00,-1.903647281695843407e+00,8.527137200198917633e-01,1.260529202378508851e+00,3.367948770400506359e-02,5.024557190917205318e+00
3.756148533004500933e+01,-6.401177061959493209e-01,5.504462779808541040e-01,4.821311552975927839e+00,-1.919985444187144008e+00,8.454032628493242107e-01,1.050718827034121894e+00,4.881884503072954351e-02,4.979121849260288890e+00
3.771933008549329713e+01,-6.106198754829740283e-01,5.714024481148715084e-01,4.793634052088865616e+00,-1.935312003696523675e+00,8.861571437256622330e-01,7.603814457396464999e-01,1.004794192398033095e-02,4.921852469944888675e+00
3.787717488991119552e+01,-5.784505705932699859e-01,5.906653931527828805e-01,4.757684141686038259e+00,-1.951150780508543292e+00,8.211454024939426333e-01,4.963019915634120371e-01,1.001030945200016842e-02,4.860603831344948667e+00
3.803501794845048067e+01,-5.439484453784456663e-01,6.065797447286053190e-01,4.714557229926993998e+00,-1.955477582859216579e+00,7.647217995358728260e-01,2.871645744857692639e-01,6.991847113544139014e-02,4.795714392725905384e+00
3.819285850063162258e+01,-5.073338632821755567e-01,6.222340374990670275e-01,4.656354977242807891e+00,-1.954918622616144130e+00,8.788538562323807701e-01,2.498010855166815369e-01,3.271384224690843806e-02,4.724180946985712559e+00
3.835069919423160201e+01,-4.688410242228295277e-01,6.384157094726646831e-01,4.593291705182079632e+00,-1.963802847423394615e+00,8.620738923282080801e-01,3.971443281149477089e-01,2.310788244558915211e-02,4.662084973411770861e+00
3.850854007321307648e+01,-4.286498074468551578e-01,6.536131475582594996e-01,4.535417309808068786e+00,-1.967588238313854099e+00,8.635292910254501741e-01,7.441436566367359839e-01,4.516116115050427399e-02,4.609724897556378487e+00
3.866638242883720977e+01,-3.867256985514629375e-01,6.687387693362613073e-01,4.485157929964905144e+00,-1.969349783161952638e+00,8.830450029558448710e-01,1.101844022102418386e+00,3.680343825378461220e-02,4.567626434793903734e+00
3.882422067511659947e+01,-3.429412703348008185e-01,6.842267693136585560e-01,4.446488130575324327e+00,-1.971397424807400656e+00,8.957790497534650065e-01,1.373579650001248931e+00,4.236682705979122332e-02,4.537469440781978669e+00
3.898206298985405738e+01,-2.971443637943451122e-01,7.000648369025433970e-01,4.415453670458689750e+00,-1.973305773815798192e+00,9.059640415957463944e-01,1.558215260488293064e+00,3.983969053877020605e-02,4.514292525999785255e+00
3.913990446834989001e+01,-2.492076521357432239e-01,7.161432765920421328e-01,4.390221088490672940e+00,-1.974853337613690751e+00,9.083334279986796655e-01,1.669415807088179715e+00,5.120129387123990156e-02,4.495667177433757544e+00
3.929774418720808882e+01,-1.990269703863621897e-01,7.326304837892536614e-01,4.366633950370494510e+00,-1.975873421911171102e+00,9.265037241524322065e-01,1.746245188939060222e+00,4.732111457058907344e-02,4.477713767815503232e+00
3.945558651328734356e+01,-1.465281162518678182e-01,7.494969502405981476e-01,4.345061729500100611e+00,-1.977707107032392164e+00,9.286027695581857699e-01,1.798944465566560291e+00,4.986908775486158241e-02,4.461508641446721768e+00
3.961342727882070136e+01,-9.166107844385155967e-02,7.664889936570663531e-01,4.324583915280093116e+00,-1.978711849346475704e+00,9.339733983828475417e-01,1.837449071678243451e+00,5.021532410355861176e-02,4.445731524254574296e+00
3.977126888224721313e+01,-3.439057356621318812e-02,7.835833216133855084e-01,4.304853350594900263e+00,-1.979270644612106445e+00,9.375961357804165619e-01,1.866183502321718590e+00,5.264025159135449911e-02,4.430603255448996691e+00
3.992910852816475398e+01,2.529439769820874748e-02,8.007224543283120166e-01,4.285218678748878851e+00,-1.979311059280226548e+00,9.439855989835603811e-01,1.888139845465696798e+00,5.447512625609685771e-02,4.416133788402200722e+00
4.008694747790385549e+01,8.737207884068196040e-02,8.178530506429066982e-01,4.265257602034863815e+00,-1.979229863535620915e+00,9.528665741811684908e-01,1.905222946448708266e+00,5.512846581476056607e-02,4.403545534777898673e+00
4.024478829820817793e+01,1.517524158495598130e-01,8.347075641736357854e-01,4.244577484983399707e+00,-1.979251391781438940e+00,9.613020101861718958e-01,1.918699910017666266e+00,5.562005430480142926e-02,4.395905164670725007e+00
4.040262780474477466e+01,2.182079102125947245e-01,8.506897813607787739e-01,4.222636215009606175e+00,-1.979217537123342696e+00,9.687663838252811299e-01,1.929381563563728808e+00,5.780889340489788614e-02,4.399040768834631798e+00
4.056046869375885677e+01,2.862727245141555854e-01,8.649205504997131699e-01,4.198377909145515119e+00,-1.979035672045074801e+00,9.803018398882198392e-01,1.937799824734366405e+00,5.798295786596940199e-02,4.422081803843275871e+00
4.071830953737347869e+01,3.551222167392499851e-01,8.760946926184841610e-01,4.170897778558866342e+00,-1.978905846683516323e+00,9.896819747875450490e-01,1.944308251449447189e+00,5.719052484611751586e-02,4.477923471851949166e+00
4.087614577598557020e+01,4.234949295930192092e-01,8.824507082804353697e-01,4.139530132941616536e+00,-1.978237484822752412e+00,9.947350347620934619e-01,1.949170124097643786e+00,6.006683405911537182e-02,4.580885342304357621e+00
4.103398418101491529e+01,4.897438338365696087e-01,8.822893641756449634e-01,4.103277060780580854e+00,-1.976514192367767153e+00,1.005390506985284427e+00,1.952640284877271704e+00,6.373251580720083742e-02,4.743282462724161874e+00
4.119180438870476735e+01,5.520404359386927862e-01,8.743033757197913314e-01,4.061637413180100076e+00,-1.974253594248102317e+00,1.022092754066919351e+00,1.954970213369027654e+00,6.844084480931286740e-02,4.972968395028297905e+00
4.134957200271385602e+01,6.086870223469125207e-01,8.576936266335841719e-01,4.014795866256565482e+00,-1.971923969869252113e+00,1.045445951897080228e+00,1.956419938452738760e+00,7.324230956103204571e-02,5.269670594903484329e+00
4.150735191220245213e+01,6.584135724415127733e-01,8.322826165390391218e-01,3.963637818369092347e+00,-1.969918759429625021e+00,1.073577540969061550e+00,1.957253245492347471e+00,7.664118448592886768e-02,5.623762408590147643e+00
4.166512217822480579e+01,7.005203585799828492e-01,7.984137817065647402e-01,3.909550407317701648e+00,-1.968351147960135217e+00,1.102109716702088793e+00,1.957718651655424802e+00,7.742664539956152503e-02,6.017645160573965590e+00
4.182288239341202996e+01,7.348308695969473225e-01,7.567423124810890300e-01,3.854068535804673790e+00,-1.966964203109325737e+00,1.125875037103152732e+00,1.958026481133112284e+00,7.508511169183708367e-02,6.429455373100558369e+00
4.198063410362271242e+01,7.615246102403693262e-01,7.080160220111400005e-01,3.798555815950338310e+00,-1.965215027469662479e+00,1.140516119367316561e+00,1.958336186084230102e+00,7.133459482279329300e-02,6.837085524750675880e+00
4.213837586130882329e+01,7.809529088127844521e-01,6.529431256846713882e-01,3.743896603945834567e+00,-1.962418124754660820e+00,1.145721539990347315e+00,1.958765699261861393e+00,6.915981229921573659e-02,7.219226822820953515e+00
4.229612467833687361e+01,7.935033769219196342e-01,5.921872003991116573e-01,3.690341791260928872e+00,-1.958015810215274266e+00,1.145814252031019720e+00,1.959407596812535512e+00,7.081651797462300280e-02,7.552717234675574431e+00
4.245384495039485273e+01,7.995194167244502603e-01,5.264404901409205362e-01,3.637556186377703504e+00,-1.951793053633775976e+00,1.147413120697831079e+00,1.960057687346478561e+00,6.943353387353090600e-02,7.809261876890868592e+00
4.261155897139315840e+01,7.992442294579373829e-01,4.563968295957216981e-01,3.585347866576639841e+00,-1.943994131533567815e+00,1.145827875612615010e+00,1.960681343224407014e+00,7.185434520032238370e-02,7.956656029838239164e+00
4.276926014939061105e+01,7.927683024410434598e-01,3.828383944964405816e-01,3.533003754564071119e+00,-1.934350853524192226e+00,1.146735534902839415e+00,1.961716230131737460e+00,7.022360595955556839e-02,7.961616892775104759e+00
4.292695876219142548e+01,7.799687239120437487e-01,3.066807951633232499e-01,3.480078558601142458e+00,-1.922933272427817641e+00,1.144106173078842215e+00,1.963430192209453695e+00,6.542374378035779869e-02,7.799940293047538553e+00
4.308464232237444236e+01,7.604396218098912197e-01,2.289007781986619472e-01,3.426159124491663821e+00,-1.909228031345562515e+00,1.133472529780176430e+00,1.965830772637090940e+00,5.153166947083463040e-02,7.463165506766991086e+00
4.324232721686766467e+01,7.334192198414457575e-01,1.504399179824358335e-01,3.371462854802765197e+00,-1.892255756850923953e+00,1.100640335835757933e+00,1.968817037176671114e+00,3.771740331552869696e-02,6.963737516372895620e+00
4.340004465082538587e+01,6.977175755369851018e-01,7.218995431466136703e-02,3.316185690850927070e+00,-1.869514805055314755e+00,1.043898820875105660e+00,1.972207678624060323e+00,2.478438656474972468e-02,6.331706204810537919e+00
4.355773031924393734e+01,6.516505969736006154e-01,-4.909812346300070594e-03,3.260974691811866943e+00,-1.837602048715881731e+00,9.615983783898403026e-01,1.975773051059667607e+00,1.403458027928130604e-02,5.611007035916710350e+00
4.371541879338520431e+01,5.930025382320949223e-01,-7.984068405845798355e-02,3.207295655087654129e+00,-1.791835521731852454e+00,8.540535721779816125e-01,1.979257378021947344e+00,7.480455134804446689e-03,4.855669347621859089e+00
4.387310885771271529e+01,5.191355302426128304e-01,-1.513670004719337991e-01,3.157846659015703494e+00,-1.726218078376432041e+00,7.276095979446730588e-01,1.982393400995232202e+00,7.830590937360784598e-03,4.127966041213248616e+00
4.403080930381167946e+01,4.275340416899689466e-01,-2.177248059413889880e-01,3.116649027855983523e+00,-1.634757497320849851e+00,6.014306993815725644e-01,1.984936918966491826e+00,1.764602897203204970e-02,3.491580658170405194e+00
4.418854864820590933e+01,3.171181751656765857e-01,-2.759243642362911864e-01,3.088001275498601927e+00,-1.515827812122891194e+00,5.128394189728807673e-01,1.986722573444562157e+00,3.605594068091015625e-02,2.996863773057198976e+00
4.434627178253688129e+01,1.900866959685654223e-01,-3.208148901236937411e-01,3.074533158089710838e+00,-1.379056226131248897e+00,5.028407060669438655e-01,1.987691273062550223e+00,3.854476096397607687e-02,2.668646713892355304e+00
4.450400056463234222e+01,5.278553632178670935e-02,-3.481673582517317844e-01,3.082468813226865834e+00,-1.243221320991055867e+00,5.004022530809988378e-01,1.987853096254820873e+00,3.960238232427195498e-02,2.507440738668208269e+00
4.466177317375165501e+01,-8.572572114147260225e-02,-3.571119476685496452e-01,3.116234030406351163e+00,-1.120557981722092089e+00,4.997955059868968708e-01,1.987250896495220021e+00,4.131073234190914961e-02,2.497064462960711495e+00
4.481963137675244724e+01,-2.166230593016476857e-01,-3.484174055381049628e-01,3.174586231924587665e+00,-1.019423797128387710e+00,5.055095936722187044e-01,1.985941735531596475e+00,4.213655653352769981e-02,2.614891023753738608e+00
4.497745050443763404e+01,-3.337860722337369634e-01,-3.241783248163959130e-01,3.251747698943618925e+00,-9.425279012537354228e-01,5.133071631604263496e-01,1.984009808770274885e+00,4.335669102154507404e-02,2.834174258810229663e+00
4.513527520258060122e+01,-4.345100927897159737e-01,-2.873979022220816137e-01,3.339963078545325370e+00,-8.875038707535882754e-01,5.250847073904795215e-01,1.981591004505754761e+00,3.603145833303110501e-02,3.122127755214279432e+00
4.529311812007650673e+01,-5.188561330461739507e-01,-2.423055277060689461e-01,3.433776768789945866e+00,-8.489683223368621467e-01,5.052359413775555641e-01,1.978866633902588212e+00,3.458286541555715549e-02,3.441007843203362615e+00
4.545094584046407959e+01,-5.884103411841293818e-01,-1.926151871497773782e-01,3.528480561772904256e+00,-8.198466928237414519e-01,4.901774913097000641e-01,1.976030481513883830e+00,3.409826283357249993e-02,3.754652635612441447e+00
4.560877041567641044e+01,-6.451937062827246550e-01,-1.406552354606273869e-01,3.621281960645488684e+00,-7.979721126860050973e-01,4.814681027782405920e-01,1.973231010130667595e+00,4.081044236556118088e-02,4.037370795558637759e+00
4.576659394116039437e+01,-6.910394775459735017e-01,-8.764831530745559318e-02,3.710293270915977271e+00,-7.824793057244822103e-01,5.009192400230237929e-01,1.970547338604749843e+00,4.227928607545229645e-02,4.276029716920348278e+00
4.592441806658266756e+01,-7.273902286134062978e-01,-3.439541805375113254e-02,3.795293432924309318e+00,-7.743952299605404432e-01,5.222434283491548257e-01,1.968021158048808728e+00,3.615516584700164543e-02,4.464533339610361473e+00
4.608223975709955056e+01,-7.553635975041429473e-01,1.776177654545812307e-02,3.877098027928064905e+00,-7.720470307362122808e-01,5.207912844576845224e-01,1.965706285180232049e+00,3.559444128851906725e-02,4.596369139475343424e+00
4.624006351811807036e+01,-7.758329619506599828e-01,6.759477612397062074e-02,3.955903204710762289e+00,-7.724245179505191405e-01,5.201633954436402085e-01,1.963661141910404861e+00,3.491700584379115596e-02,4.665743040814836817e+00
4.639789873615238491e+01,-7.894907072054253572e-01,1.141527441740156079e-01,4.031676282127722999e+00,-7.751630712411878843e-01,5.192661898546711008e-01,1.961847529497969145e+00,4.309311932603231837e-02,4.680212872322858431e+00
4.655572939129375953e+01,-7.968683216688948745e-01,1.571268773985817768e-01,4.103610366733603243e+00,-7.805708361472261103e-01,5.461545223814300298e-01,1.960102219243873956e+00,6.098914874906798816e-02,4.666611544641603437e+00
4.671355895641993783e+01,-7.983364362625262611e-01,1.978057778242994502e-01,4.170188456444145153e+00,-7.924851649627649985e-01,6.255191416658463233e-01,1.958240895005791682e+00,8.588557613189863604e-02,4.661823618381726320e+00
4.687139634013716716e+01,-7.941320774878461997e-01,2.391397896658420952e-01,4.229736578726248197e+00,-8.174726960720236635e-01,7.674848229157129609e-01,1.956030691455552084e+00,1.074768923147871591e-01,4.698006461402981060e+00
4.702923202947480519e+01,-7.843723223248663112e-01,2.847459106442801202e-01,4.281612030024866122e+00,-8.619339259258530506e-01,9.466005580346861237e-01,1.953256387859846122e+00,1.174535982139571361e-01,4.793262644956929996e+00
4.718707987257567993e+01,-7.690400118108793315e-01,3.374387028270776079e-01,4.326873423127203466e+00,-9.274675787670501048e-01,1.118510861419232061e+00,1.949979251614737397e+00,1.135422406153131919e-01,4.942308299649338821e+00
