0.000000000000000000e+00,-7.518779270638090706e-01,3.806905694971696175e-01,4.383706361147410746e+00,-9.608672898091487058e-01,1.341351732799527907e+00,1.999999725589951760e+00,1.449034052302830000e-01,5.122187935884364052e+00
1.578398441577653633e-01,-7.254862042013104917e-01,4.534845891615067459e-01,4.418706221662064948e+00,-1.073209942126946537e+00,1.511805611976409169e+00,1.999999712464404222e+00,1.377617203638580867e-01,5.243584126309296600e+00
3.156732289512507172e-01,-6.920735245227291887e-01,5.345825140305008327e-01,4.447148648754482458e+00,-1.199239613480665545e+00,1.633956871070154415e+00,1.999999706781585562e+00,1.237629261383269286e-01,5.257313668228412062e+00
4.735007700749602755e-01,-6.503712668124386198e-01,6.209384343102389847e-01,4.468331707664755292e+00,-1.334787599409853476e+00,1.703652609557527287e+00,1.999999709673873083e+00,1.037864939723286278e-01,5.146070134719994194e+00
6.313359408601937339e-01,-5.988450211002407375e-01,7.089360295044718763e-01,4.481293366258935151e+00,-1.475888271147744124e+00,1.716242489405066740e+00,1.999999719591276426e+00,7.880113667516684683e-02,4.936227281739621553e+00
7.891656251032345137e-01,-5.359796126949267769e-01,7.946286835695905992e-01,4.485549999420060274e+00,-1.616931663943684594e+00,1.665499243184133560e+00,1.999999733588731843e+00,5.068449008837559722e-02,4.676382513510376704e+00
9.470004133077283281e-01,-4.606867484648665689e-01,8.737572267895168387e-01,4.482029833682859454e+00,-1.749284097660909199e+00,1.546942482756481274e+00,1.999999748707074421e+00,2.331911465594248278e-02,4.414548845620644535e+00
1.104840621716450366e+00,-3.727502327995355635e-01,9.418599499743397496e-01,4.473596581394466476e+00,-1.861534499928899855e+00,1.366033840955035439e+00,1.999999762693372096e+00,3.378724866595698463e-03,4.186188812898260281e+00
1.262681461522275228e+00,-2.731931096901362710e-01,9.947863940648685732e-01,4.463920953214570275e+00,-1.942422923864993045e+00,1.149907668651477755e+00,1.999999773991066654e+00,-4.953622658553238174e-04,4.015300287532709511e+00
1.420518228414948236e+00,-1.645138111391856173e-01,1.029876391831925586e+00,4.454167438634063281e+00,-1.986493587320022236e+00,9.548646833288800817e-01,1.999999781599730353e+00,1.844199881190142568e-02,3.919828605640875985e+00
1.578359492907691175e+00,-5.068183549606342098e-02,1.047487553754899992e+00,4.439565870533684233e+00,-1.999999097526675262e+00,8.535687963976743564e-01,1.999999785159674914e+00,4.884591723793930973e-02,3.911983669135720376e+00
1.736119677055532495e+00,6.335125616611811394e-02,1.050803066575294986e+00,4.412178104061802664e+00,-1.999999804089400257e+00,8.639658190894922152e-01,1.999999784794763036e+00,5.142605998024783048e-02,3.995977938506646510e+00
1.893929269320524078e+00,1.726362622634756150e-01,1.042260136743330401e+00,4.372263557818758528e+00,-1.999991556658648584e+00,8.792331493654075292e-01,1.999999781412147515e+00,5.403213246193046271e-02,4.168545248780703538e+00
2.051709477387540836e+00,2.733761864119519380e-01,1.023238725621754330e+00,4.323456595286526039e+00,-1.999999551578793167e+00,8.977562909303650196e-01,1.999999776550307473e+00,5.677628207975232016e-02,4.409184701975758180e+00
2.209509697694257646e+00,3.635600772895142274e-01,9.958580252187437809e-01,4.269649104671001894e+00,-1.999999382717326579e+00,9.186220897423009735e-01,1.999999771684527916e+00,5.943960399492455998e-02,4.689303471182068250e+00
2.367281937511195533e+00,4.427657782049793100e-01,9.624704744108510956e-01,4.213926902136091890e+00,-1.999999475311535990e+00,9.407447677785585327e-01,1.999999768098893016e+00,6.202196108621547271e-02,4.980413436456462506e+00
2.525053648535680040e+00,5.115466411905490451e-01,9.251664340370313599e-01,4.158186900843372946e+00,-1.999999460480760938e+00,9.634969254553448215e-01,1.999999766460492712e+00,6.454855432910854007e-02,5.261409192151425884e+00
2.682826593173742058e+00,5.708401648922747373e-01,8.855013830096922778e-01,4.103305573286713859e+00,-1.999999464572145502e+00,9.865879088152466059e-01,1.999999766922999189e+00,6.706635402626633102e-02,5.520325263448325970e+00
2.840598310788523317e+00,6.216124531367658301e-01,8.444902882520861631e-01,4.049508158932995983e+00,-1.999999457285430271e+00,1.009954284071848063e+00,1.999999769382291515e+00,6.961586195310620617e-02,5.750976231479141276e+00
2.998365782695653792e+00,6.647223074120168773e-01,8.027716322921700787e-01,3.996690482538395983e+00,-1.999999446331929942e+00,1.033650382873456230e+00,1.999999773693038607e+00,7.222713586485066117e-02,5.949052559212705482e+00
3.156136732688610280e+00,7.008996197867430888e-01,7.607905265002150585e-01,3.944611375386436247e+00,-1.999999429354276215e+00,1.057788054166623581e+00,1.999999779727261062e+00,7.492487184423864133e-02,6.110565944721200182e+00
3.313922521897811890e+00,7.307572366114521989e-01,7.189161864611549602e-01,3.892978467947712407e+00,-1.999999405004133202e+00,1.082513171134049434e+00,1.999999787347917390e+00,7.773559622287497251e-02,6.232213063098626549e+00
3.471693240198370223e+00,7.548045807013846753e-01,6.774900760714879233e-01,3.841476288169393349e+00,-1.999999369954153394e+00,1.108001941357814601e+00,1.999999796371712879e+00,8.069329871874857119e-02,6.312329029927538748e+00
3.629467839254204797e+00,7.734579060658682836e-01,6.368304770342240184e-01,3.789770670182780243e+00,-1.999999317330949822e+00,1.134465431874672081e+00,1.999999806549094483e+00,8.384521634203043194e-02,6.351721887688459134e+00
3.787241177560768168e+00,7.870487642223975566e-01,5.972131091040980833e-01,3.737504403502948769e+00,-1.999999222938430021e+00,1.162159770217565447e+00,1.999999817571319394e+00,8.729646102009303021e-02,6.353952599020681546e+00
3.945015394690555510e+00,7.958328064818439573e-01,5.588429177308329443e-01,3.684285475232334850e+00,-1.999999389389384374e+00,1.191464626046372599e+00,1.999999829100806537e+00,8.983297540032990358e-02,6.324448892518861776e+00
4.102807214907126188e+00,8.000000081184669432e-01,5.218112485768803266e-01,3.629814578810170111e+00,-1.999999902558184273e+00,1.220732592684124596e+00,1.999999837848005502e+00,7.158902971682874761e-02,6.268444993670088117e+00
4.260585671994953749e+00,7.996778146808054544e-01,4.856627667410010618e-01,3.575950573821208067e+00,-1.999750648184064561e+00,1.215715153419583805e+00,1.999999843777695352e+00,5.071890925064411609e-02,6.190751607489191954e+00
4.418364913718290765e+00,7.949370809657956283e-01,4.494481347066957011e-01,3.524432988062550010e+00,-1.996292829785609069e+00,1.173752521293726980e+00,1.999999849821053610e+00,3.226155112684213344e-02,6.089150745739545734e+00
4.576147343322695349e+00,7.858023729194888451e-01,4.123284580486087925e-01,3.476802378587612985e+00,-1.986606424411537120e+00,1.100902823294102717e+00,1.999999856106263740e+00,1.705109860760905746e-02,5.957119107998360086e+00
4.733928721278660490e+00,7.722530436128363096e-01,3.738009918380749141e-01,3.434436727014800184e+00,-1.968230026451013748e+00,1.004370560179196348e+00,1.999999862784972215e+00,5.673726651694461012e-03,5.787966412629922175e+00
4.891682709510733140e+00,7.542268952806834292e-01,3.337679617085914097e-01,3.398531103850116697e+00,-1.939233086969709863e+00,8.921060481466236425e-01,1.999999869892333582e+00,-1.513231024166788877e-03,5.579878352476135284e+00
5.049455387880246171e+00,7.316401405595023277e-01,2.925071023749979404e-01,3.370080110928487471e+00,-1.898203450176317864e+00,7.726514074901036366e-01,1.999999877262370829e+00,-4.369694447429224235e-03,5.339405969603572721e+00
5.207254444022550999e+00,7.044319786953477935e-01,2.505675392041724070e-01,3.349810738758072226e+00,-1.844346651625566436e+00,6.551811300949746952e-01,1.999999884557047247e+00,-3.000473205384230485e-03,5.080760178255206760e+00
5.365044117906551335e+00,6.726270872040882587e-01,2.086588844385089403e-01,3.338035383583998872e+00,-1.777744992772488652e+00,5.493977062322644711e-01,1.999999891383781536e+00,2.177750073231968231e-03,4.821396777967522418e+00
5.522840649826602721e+00,6.363930837195067580e-01,1.675921814386714392e-01,3.334472425624101621e+00,-1.699706386001609504e+00,4.648415149442563510e-01,1.999999897418962336e+00,1.037098838593070518e-02,4.576924627378978094e+00
5.680641818473985971e+00,5.960667177145014817e-01,1.282746625925056394e-01,3.338158338039808992e+00,-1.613012463417713205e+00,4.094101669857894144e-01,1.999999902475317670e+00,2.040688444458802625e-02,4.357937761710270586e+00
5.838445955779847374e+00,5.521362451318861941e-01,9.170659920067943116e-02,3.347572601307073015e+00,-1.521836923380189610e+00,3.873894799467066941e-01,1.999999906502648805e+00,3.084605971813469266e-02,4.169433580810781415e+00
5.996258817961015453e+00,5.051893653843573251e-01,5.891764750790349364e-02,3.360985582307431052e+00,-1.431205161859745223e+00,3.977955088314523158e-01,1.999999909545331134e+00,4.020757990361060324e-02,4.012035335105643696e+00
6.154077893517587938e+00,4.558509338060207638e-01,3.081795518669139949e-02,3.376891863787054415e+00,-1.346078952238061177e+00,4.339456503002884769e-01,1.999999911688639109e+00,4.725571402217480788e-02,3.883789128787788592e+00
6.311904830467372385e+00,4.047324120947744519e-01,8.002183376801256381e-03,3.394334373108165881e+00,-1.270354292360962978e+00,4.847416263821995308e-01,1.999999913017141306e+00,5.125800967139868686e-02,3.781635401286034259e+00
6.469725159625647315e+00,3.524012178504178361e-01,-9.410358515295069379e-03,3.413004407901326420e+00,-1.206127939497784851e+00,5.373730708876705009e-01,1.999999913593194512e+00,5.212160714247580234e-02,3.702274737605732557e+00
6.627547880113612955e+00,2.993662959881068231e-01,-2.182191046270379881e-02,3.433135152131769452e+00,-1.153481009615403785e+00,5.804902141604454391e-01,1.999999913452333633e+00,5.035226553070056704e-02,3.642564996955632850e+00
6.785377436475526380e+00,2.460727112488926560e-01,-3.006316380569660704e-02,3.455284010999498445e+00,-1.110812426689713472e+00,6.067081183614556616e-01,1.999999912608349861e+00,4.684892457229391377e-02,3.599668885958617448e+00
6.943207810967632732e+00,1.929000116478127858e-01,-3.519781599730091581e-02,3.480097726451629736e+00,-1.075546739899776671e+00,6.136538892146407020e-01,1.999999911061308699e+00,4.261343552577209759e-02,3.571093268982532987e+00
7.101042299022537918e+00,1.401620742617602500e-01,-3.829907467803188303e-02,3.508118690120336058e+00,-1.044935250278491212e+00,6.034224037318735023e-01,1.999999908803986148e+00,3.848230596290528466e-02,3.554682688493622233e+00
7.258876298019341533e+00,8.810807998666372876e-02,-4.027086066396391717e-02,3.539662228042345316e+00,-1.016693735635709306e+00,5.809119885557904039e-01,1.999999905824770829e+00,3.496230855313180869e-02,3.548591707868037126e+00
7.416713222380853843e+00,3.692499457742153685e-02,-4.175596814560166709e-02,3.574776787879791584e+00,-9.893339790020611035e-01,5.518039847464912828e-01,1.999999902107145289e+00,3.219718103535697956e-02,3.551247873817227951e+00
7.574545562948100219e+00,-1.325815861001843760e-02,-4.313469939918680718e-02,3.613280258955683610e+00,-9.621803800778128135e-01,5.208810054604745554e-01,1.999999897626869361e+00,3.004337415110785656e-02,3.561312616286925081e+00
7.732380267658629514e+00,-6.236441111911388002e-02,-4.458805390424119830e-02,3.654845508932090592e+00,-9.351613679803871815e-01,4.910869503126414348e-01,1.999999892348079955e+00,2.820883854993602377e-02,3.577644383875448586e+00
7.890221187521259338e+00,-1.103619446005429106e-01,-4.618682960888192968e-02,3.699096902660935271e+00,-9.085065020307973027e-01,4.634073373324696932e-01,1.999999886219117951e+00,2.640863131592443083e-02,3.599266062576596870e+00
8.048057892213485331e+00,-1.572568654458872117e-01,-4.797034109356944354e-02,3.745683326240119904e+00,-8.824718053749255331e-01,4.374162237754571914e-01,1.999999879168424588e+00,2.450225119286957368e-02,3.625337003922246559e+00
8.205895025926608355e+00,-2.030860869236617017e-01,-4.998984997380176432e-02,3.794308000045889084e+00,-8.571788006013918437e-01,4.122258980515424720e-01,1.999999871100444526e+00,2.258845248899151587e-02,3.655128902453935513e+00
8.363735305195326930e+00,-2.479102669869027442e-01,-5.230621804719811502e-02,3.844712522205426808e+00,-8.326064988404567879e-01,3.875526108716262352e-01,1.999999861891108344e+00,2.103840296092207227e-02,3.688005373919422514e+00
8.521576089830388057e+00,-2.918062945309245482e-01,-5.494503644489274335e-02,3.896626450919149054e+00,-8.087316630352257008e-01,3.646214389716833093e-01,1.999999851381945248e+00,2.044886070180005483e-02,3.723409243599664187e+00
8.679417451247477544e+00,-3.348585695897912107e-01,-5.782420991425135659e-02,3.949703209387076086e+00,-7.857738963244288444e-01,3.466410502327741949e-01,1.999999839370581123e+00,2.150017605218709077e-02,3.760877808145615564e+00
8.837259335114033831e+00,-3.771481724695222026e-01,-6.067744642928581122e-02,4.003469329004511579e+00,-7.644672142405167792e-01,3.385922260716969223e-01,1.999999825592118752e+00,2.471751468038675334e-02,3.800145730463951654e+00
8.995096956256858789e+00,-4.187384624382624043e-01,-6.300040342912667513e-02,4.057316895028419523e+00,-7.462497919648065636e-01,3.461390764410732790e-01,1.999999809680004903e+00,3.016209789461416282e-02,3.841448335391298041e+00
9.152936507953931766e+00,-4.596542278095651080e-01,-6.404302176128923163e-02,4.110566871794822497e+00,-7.332463367094554929e-01,3.736409663025618277e-01,1.999999791090611323e+00,3.711857382798840893e-02,3.886117537133995548e+00
9.310778981885945882e+00,-4.998504394721267063e-01,-6.286663555431316885e-02,4.162620038969167879e+00,-7.279267737842579633e-01,4.215296160945101733e-01,1.999999768982783310e+00,4.388010572741810750e-02,3.937347352820595781e+00
9.468622264040330805e+00,-5.391698320529236810e-01,-5.848490689002487641e-02,4.213190022793486200e+00,-7.323783346480933210e-01,4.836656283861827665e-01,1.999999742066348896e+00,4.773590083966898490e-02,4.000666140361479606e+00
9.626463299027795628e+00,-5.772992052516142669e-01,-5.010583209773196434e-02,4.262582989913076936e+00,-7.472455280870849981e-01,5.455434517281176898e-01,1.999999708455434178e+00,4.520460574343044408e-02,4.083555971664746487e+00
9.784304555741982767e+00,-6.137481769760012584e-01,-3.746232274571218573e-02,4.311959697563597871e+00,-7.705683966816820885e-01,5.840851891024789744e-01,1.999999665564152540e+00,3.245054742136847109e-02,4.193969661858449882e+00
9.942150251549977114e+00,-6.478790552273863135e-01,-2.116175375188271771e-02,4.363484030612029052e+00,-7.968922381710179526e-01,5.690955845088346843e-01,1.999999610065890110e+00,5.801326293008855772e-03,4.337889117644976089e+00
1.009999350767617088e+01,-6.790022826779249510e-01,-2.947438696586370324e-03,4.420215171464417558e+00,-8.169746795085544022e-01,4.658404070269015484e-01,1.999999537891335555e+00,-3.747622987441483894e-02,4.516384441819456086e+00
1.025783606785904745e+01,-7.065193417295294598e-01,1.422795939464177248e-02,4.485554810840265638e+00,-8.181597047844868520e-01,2.390818042859325920e-01,1.999999444088275347e+00,-9.759949957546930344e-02,4.723198039113304603e+00
1.041566426524147460e+01,-7.300597401657384911e-01,2.641660185910844200e-02,4.562089592222536183e+00,-7.853186159221579032e-01,-1.381485262759389321e-01,1.999999322016788872e+00,-1.697480321545675741e-01,4.944479724496475548e+00
1.057350347943974711e+01,-7.495490967831861528e-01,2.929793651232665344e-02,4.649925717581066209e+00,-7.025310196041817390e-01,-6.672871750856375073e-01,1.999999160775348894e+00,-2.428827668216689828e-01,5.161899540808697395e+00
1.073133706317985769e+01,-7.651812061206534343e-01,1.919111417659602470e-02,4.745169951269706310e+00,-5.560340062505967351e-01,-1.307289383683738482e+00,1.999998938752259647e+00,-3.033984072436500812e-01,5.358543896148770358e+00
1.088916931738454252e+01,-7.773272608015103780e-01,-5.949619691654065359e-03,4.839468431862908204e+00,-3.381704884950117451e-01,-1.981191039251999797e+00,1.999998608061189120e+00,-3.408564227857139306e-01,5.524683935501918164e+00
1.104700447191966362e+01,-7.864421256130021964e-01,-4.608055825738439221e-02,4.921058134689533681e+00,-5.036503539374876520e-02,-2.605988435116740831e+00,1.999998050307619346e+00,-3.480979410084669712e-01,5.659828867526267793e+00
1.120483906410020936e+01,-7.929963309311405251e-01,-9.917941164760672723e-02,4.977431994589040620e+00,2.964432990844705351e-01,-3.113590064368480625e+00,1.999996902273041721e+00,-3.082349878151061651e-01,5.770327595560535094e+00
1.136267225895295852e+01,-7.974127351128917907e-01,-1.612418711764248835e-01,4.999999819927102074e+00,6.825341608659364345e-01,-3.430386997915812586e+00,1.999996257649682141e+00,-5.188850374267953841e-02,5.865972923898575608e+00
1.152050649146960382e+01,-7.997760588710720597e-01,-2.203497547868566719e-01,4.999999997623041814e+00,1.068524842783970863e+00,-3.069551761702922210e+00,1.999998391145380250e+00,8.276643980590374372e-02,5.966745910132686959e+00
1.167833735174868970e+01,-7.999999990478454670e-01,-2.641075592671164318e-01,4.988725417526592487e+00,1.381244269316382001e+00,-2.420931710166626782e+00,1.999997840182540010e+00,5.102179464659796493e-02,6.063303975674649848e+00
1.183617038070603300e+01,-7.982661969787753220e-01,-2.921434596040566878e-01,4.980329787155064913e+00,1.603505915080564392e+00,-1.980392550576363320e+00,1.999996764555022510e+00,3.372245739678667725e-02,6.148585431733775586e+00
1.199400248571754801e+01,-7.948204578279894905e-01,-3.091152107620080414e-01,4.977944911573566777e+00,1.764890687484152565e+00,-1.660950967444821957e+00,1.999993977074326468e+00,2.038088960679427034e-02,6.219131510206612923e+00
1.215182945968079054e+01,-7.897726426344520156e-01,-3.180639794376358132e-01,4.982086609372652575e+00,1.883195424390496697e+00,-1.424803106806637576e+00,1.999969061543635851e+00,1.003793760606576380e-01,6.267229449436142019e+00
1.230965758393391951e+01,-7.830757467159787932e-01,-3.185289148985108731e-01,4.999999785147523745e+00,1.965865192387876270e+00,-1.025292783241242622e+00,6.422369793853254238e-01,9.519533931230658719e-02,6.288783726645350569e+00
1.246748573893937007e+01,-7.745243036703043371e-01,-3.102817654218449905e-01,4.999999849711768363e+00,1.999999500310397860e+00,-6.880046839037905482e-01,5.391775874778479416e-01,-3.259074678552565524e-02,6.231887312972019366e+00
1.262531513582266918e+01,-7.641753853758767034e-01,-2.995510598816116254e-01,4.999999851183847710e+00,1.999999500236347316e+00,-6.861091850583845853e-01,6.386907747822186954e-01,-3.714961894016349103e-02,6.121790174343558100e+00
1.278314656896915480e+01,-7.523631364318935644e-01,-2.919000599278714358e-01,4.999999853942703965e+00,1.999999505179271164e+00,-6.942791400680827785e-01,7.004382369604722491e-01,-1.886283833181383665e-02,5.981084415990757464e+00
1.294097618752468470e+01,-7.394645826759279617e-01,-2.881354048945097279e-01,4.999999857226158362e+00,1.999999512792896006e+00,-6.607030913797200533e-01,1.094599540883306465e+00,-9.291015938349342362e-02,5.825841503926842968e+00
1.309881001642328791e+01,-7.261550092150568236e-01,-2.908835442143155592e-01,4.999999860385822892e+00,1.999999522739177582e+00,-7.920398864596966959e-01,5.622119861197854007e-01,1.466923278372607164e-01,5.676138534473977870e+00
1.325665828207898045e+01,-7.129392514865894315e-01,-2.940391173761109922e-01,4.999999863000416767e+00,1.999999695605156225e+00,-3.055098328676998931e-01,-8.260731539967105519e-01,5.235955663563698348e-01,5.544582592774657925e+00
1.341450212660527619e+01,-6.993648678582242706e-01,-2.733276449208573711e-01,4.999998938337429699e+00,1.902552197660753119e+00,1.214971977564547556e+00,-1.999992659629941105e+00,-1.766147914618655668e-01,5.401608466266945463e+00
1.357234801495493137e+01,-6.861297674261840340e-01,-2.424828641268968743e-01,4.981831114837509844e+00,1.658029352661531286e+00,6.673655999012146900e-01,-1.999996847418731960e+00,5.235981808717488084e-01,5.233794213837383857e+00
1.373019021600012124e+01,-6.735174409211147628e-01,-1.992572752047588325e-01,4.974625611274418269e+00,1.428556839578526638e+00,2.130065628630438468e+00,-1.999998072500752899e+00,5.235984187092411757e-01,5.113644716587658401e+00
1.388803479915067740e+01,-6.605319781103569099e-01,-1.148646767317975104e-01,4.999999990920331427e+00,9.992526659042725301e-01,3.369033610316046978e+00,-1.999994847918319607e+00,5.235981780298161192e-01,5.013160448272657277e+00
1.404588209699039858e+01,-6.469476564067787594e-01,5.489244549254363240e-03,4.999999973130779374e+00,4.099344387071700568e-01,4.347253044643227149e+00,-1.881680070774153779e-01,1.537432875201842630e-01,4.920280098383332579e+00
1.420372758606998786e+01,-6.329809848648546566e-01,1.367298641645964541e-01,5.000000029856525252e+00,-2.478181804861815107e-01,4.051796650425050217e+00,1.999999288755016424e+00,-1.542617814723572511e-01,4.906714911394343126e+00
1.436157186520450324e+01,-6.191064061310190825e-01,2.419315964110951567e-01,5.000000027131481062e+00,-7.861085512943276621e-01,2.805642825710624066e+00,1.999999622861085236e+00,-1.364783939670816959e-01,4.960082332840056729e+00
1.451941480371977100e+01,-6.049042283232646255e-01,3.113905930681481471e-01,4.988671231902519487e+00,-1.119066668224958372e+00,1.871480959752066298e+00,1.999999580061566418e+00,-7.874601931007142730e-02,5.004679315960353314e+00
1.467725981667522639e+01,-5.895402193120123924e-01,3.567267088637016137e-01,4.987840989323178320e+00,-1.310320529042551696e+00,1.314854390170952181e+00,1.999999530134440651e+00,-6.005696717755403327e-03,5.034568051806879829e+00
1.483510419219275711e+01,-5.724327844835803702e-01,3.891771181825848247e-01,4.994168428701952323e+00,-1.423018566525776629e+00,1.092229085116442455e+00,1.999999470729668216e+00,4.588673900384260262e-02,5.045252631819897360e+00
1.499294903194657458e+01,-5.532725650079286517e-01,4.165427815853718907e-01,4.999242238490395174e+00,-1.505229340797622495e+00,1.061111964807471830e+00,1.999999397336946316e+00,5.483204831883446706e-02,5.036555998674498547e+00
1.515079552526056084e+01,-5.320357196986329473e-01,4.416374264653228354e-01,4.999999958121196464e+00,-1.580695401989600901e+00,1.061225505329757679e+00,1.999999444499768408e+00,1.899105049736325018e-02,5.013410824686484801e+00
1.530863941851100662e+01,-5.089827803068305290e-01,4.626282689693225203e-01,4.999999886430671836e+00,-1.649526196774623976e+00,9.614404258997243380e-01,1.999999440053390698e+00,1.584381202080470744e-02,4.984193465552152702e+00
1.546648138364089142e+01,-4.845462040823160232e-01,4.774560313356467356e-01,4.999999886132502347e+00,-1.701167699315683901e+00,8.684231912186100022e-01,1.999999436546381792e+00,1.345151461387621844e-02,4.952509545050004292e+00
1.562431973508963345e+01,-4.592573944830797283e-01,4.859319831164646830e-01,4.999999881835313964e+00,-1.737225522465249972e+00,7.826500698281384505e-01,1.999999431782249371e+00,1.290681346488891518e-02,4.925281248889932684e+00
1.578214310980001045e+01,-4.337484701258599307e-01,4.882923525134627019e-01,4.999999876285908584e+00,-1.759406977405955974e+00,7.079452902458656105e-01,1.999999424868578179e+00,1.425916799135299243e-02,4.907566997200950354e+00
1.593997106120957774e+01,-4.086695776589493456e-01,4.852783188288721239e-01,4.999999869569705879e+00,-1.769967514127155139e+00,6.479263340156820039e-01,1.999999415240957923e+00,1.724718029272092820e-02,4.901706099785079651e+00
1.609780420846664839e+01,-3.846008038752195546e-01,4.780468247675589977e-01,4.999999862086442093e+00,-1.771652942423420862e+00,6.050362486944388385e-01,1.999999402728441122e+00,2.143533154172238067e-02,4.907612380528454388e+00
1.625563363660890204e+01,-3.619827716750393387e-01,4.680068286959667700e-01,4.999999853390549198e+00,-1.767466799125777754e+00,5.801265221271213468e-01,1.999999387155403596e+00,2.642999720306726807e-02,4.923729292717953676e+00
1.641346420708794795e+01,-3.410782344561722468e-01,4.566547501843930545e-01,4.999999842529091687e+00,-1.760388322534691019e+00,5.727672213250175615e-01,1.999999368115024989e+00,3.188587248460332535e-02,4.947943501073400974e+00
1.657129241472300407e+01,-3.219626132591083545e-01,4.454460058906001829e-01,4.999999828012801295e+00,-1.753153639576774614e+00,5.815703331898818274e-01,1.999999344816604019e+00,3.743614294897763817e-02,4.978123994812429842e+00
1.672912063245719949e+01,-3.045354743283030241e-01,4.356965394808454128e-01,4.999999807426307896e+00,-1.748103778968821409e+00,6.042979041534395357e-01,1.999999315937141642e+00,4.259856772590491641e-02,5.012256589729892298e+00
1.688695025496055635e+01,-2.885463146140925250e-01,4.284913553500683814e-01,4.999999779803761868e+00,-1.747064716029109288e+00,6.377217668399984829e-01,1.999999280188518025e+00,4.673818830019375176e-02,5.048320274954766873e+00
1.704478292046537291e+01,-2.736318218673574609e-01,4.245838839059311032e-01,4.999999729526305892e+00,-1.751226531803949493e+00,6.774307802931737177e-01,1.999999233495506568e+00,4.921221944886316341e-02,5.084196651526147193e+00
1.720262938423008592e+01,-2.593630837180978532e-01,4.243042178449470403e-01,4.999999749812177541e+00,-1.761028668316565238e+00,7.180604691981621324e-01,1.999999190339191824e+00,4.969439731794656617e-02,5.117856921052972297e+00
1.736046998658444451e+01,-2.452977289853013609e-01,4.275296951077048324e-01,4.999999769263954619e+00,-1.776118419382578528e+00,7.542980271118261415e-01,1.999999153833185384e+00,5.763183133638358907e-02,5.147764965468377696e+00
1.751831324383365285e+01,-2.310146610219488694e-01,4.341363389900689818e-01,4.998807376913249279e+00,-1.796283702159565676e+00,8.060972730494663230e-01,1.999999023419406052e+00,7.965052823908300161e-02,5.172313675573144032e+00
1.767615416437362796e+01,-2.161256628831409177e-01,4.446717491803724442e-01,4.993142609229418660e+00,-1.824559970479506799e+00,9.058704808978038647e-01,1.999998860407852685e+00,7.993684129148910522e-02,5.190010924817292981e+00
1.783399548897952513e+01,-2.003208738486412510e-01,4.591877148521812946e-01,4.982492346432498387e+00,-1.865182151604646510e+00,9.928745139735380976e-01,1.999998653677007798e+00,5.863850839468369436e-02,5.203280669487921450e+00
1.799183935235225462e+01,-1.834049182041631310e-01,4.761006545297820636e-01,4.969484394630356405e+00,-1.913879954097777780e+00,1.016172432845370288e+00,1.999998386137892048e+00,2.059015504790247600e-02,5.214802585491423947e+00
1.814968180758339855e+01,-1.652837320246901831e-01,4.926302104737445564e-01,4.959242566622279469e+00,-1.960041530830144207e+00,9.399928668595993742e-01,1.999998027007947377e+00,-1.412337637287219665e-02,5.226923530899674653e+00
1.830752232617233233e+01,-1.459325549159094515e-01,5.058702406325980006e-01,4.956922813414138318e+00,-1.990545812582995122e+00,7.823737187340435995e-01,1.999997515805013837e+00,5.162247154668166312e-03,5.240220368912482662e+00
1.846536496035796659e+01,-1.252984971527040525e-01,5.156658024920404149e-01,4.960693062973699163e+00,-1.999999254403570514e+00,6.973505655369608425e-01,1.999996730320992233e+00,3.349678944861165381e-02,5.250658162039866461e+00
1.862320750393788771e+01,-1.032837991181444204e-01,5.243357947023017385e-01,4.965598910287076784e+00,-1.999999367972733033e+00,6.957920889330814207e-01,1.999995391063526640e+00,3.388249265015270961e-02,5.257989150372258003e+00
1.878105137692154614e+01,-7.983582889257906379e-02,5.330852571832273012e-01,4.970651939188572399e+00,-1.999999319718172019e+00,6.954533255747790133e-01,1.999992664545540366e+00,3.216558330951354433e-02,5.265158410326946203e+00
1.893889511915230273e+01,-5.495113053540727488e-02,5.417987053083357374e-01,4.975993644216948120e+00,-1.999999464913046365e+00,6.909318233610602933e-01,1.999984369759749914e+00,3.744194670374012546e-02,5.272428933589467626e+00
1.909673845965695094e+01,-2.863752974156362138e-02,5.505047852220743554e-01,4.980825593959691489e+00,-1.999999486473988064e+00,7.001657318224047133e-01,-1.961959679960135761e+00,4.724237502233252783e-02,5.279315248249571546e+00
1.925457844417674380e+01,-1.572797521778001792e-03,5.597476533384105890e-01,4.863805747671190893e+00,-1.999999207113910549e+00,7.317119321172469437e-01,-1.999982041803706645e+00,5.097849900379129717e-02,5.182808040425601170e+00
1.941241843242822540e+01,2.558931601620498264e-02,5.698249538057531538e-01,4.740731192826456386e+00,-1.999999327526758464e+00,7.670769041965026513e-01,-1.999990082859492757e+00,5.533174434169140649e-02,5.082269296401843661e+00
1.957026488964968536e+01,5.281592937161549983e-02,5.804678832924319298e-01,4.611754604330319474e+00,-1.999999421234542218e+00,8.069896664052053081e-01,-1.999992451305826924e+00,6.043535927472486191e-02,4.979447331153371792e+00
1.972810929973897132e+01,7.999909844207384046e-02,5.913703652743390604e-01,4.475746423348287095e+00,-1.999999491315235911e+00,8.523042967232264955e-01,-1.999993184323687334e+00,6.699721630763606772e-02,4.874884307923441185e+00
1.988594961520657378e+01,1.069494833624391600e-01,6.023297844608720419e-01,4.331429872202539499e+00,-1.999999540104741014e+00,9.053157409353183027e-01,-1.999992783738749669e+00,7.376212610330636077e-02,4.768202450626682243e+00
2.004378797962834469e+01,1.334205745387322117e-01,6.133512102724708592e-01,4.177673447835233311e+00,-1.999999581999856169e+00,9.647519907817316831e-01,-1.999990150604963990e+00,8.724441061142045040e-02,4.657868023742653740e+00
2.020161358680221042e+01,1.591626557437611778e-01,6.249811364191182328e-01,4.012484954021363848e+00,-1.999999588497149317e+00,1.044564019835128699e+00,-1.999962648482253691e+00,8.528087225291555717e-02,4.540188474382113704e+00
2.035944544404977563e+01,1.839683333674335675e-01,6.376537348631442503e-01,3.836685763033286012e+00,-1.999999728982304381e+00,1.104588372734102819e+00,1.999988919037863466e+00,7.291700063897064987e-02,4.413526186506261162e+00
2.051727480689138616e+01,2.088795115203853359e-01,6.504033285798029862e-01,3.799130766121697089e+00,-1.999999870531462998e+00,1.123841900659101611e+00,1.999995831163055016e+00,7.531822775873264764e-02,4.400969281422421275e+00
2.067510665892076460e+01,2.349213015412221217e-01,6.626564816251729884e-01,3.758863864497264284e+00,-1.999999875958966333e+00,1.144943627350086812e+00,1.999997609978769963e+00,7.788343990647882131e-02,4.385464587680977466e+00
2.083293757923996736e+01,2.620052407183234844e-01,6.750651321700499308e-01,3.716196182870526776e+00,-1.999999878465996916e+00,1.167867544076236941e+00,1.999998409247239595e+00,8.064673821760071082e-02,4.366493929580310684e+00
2.099076626665013734e+01,2.901407971329699742e-01,6.881696914238674134e-01,3.671309252878581120e+00,-1.999999880927642470e+00,1.192666706429008405e+00,1.999998855662816100e+00,8.366044986149168139e-02,4.344149448448394679e+00
2.114859806048661284e+01,3.194065073880444916e-01,7.023572477823217808e-01,3.624221938460903569e+00,-1.999999882430144149e+00,1.219493192540002768e+00,1.999999136306734426e+00,8.699064967072744903e-02,4.318843556685753704e+00
2.130643164556465408e+01,3.499207784250794595e-01,7.178778728636938666e-01,3.574801935230452976e+00,-1.999999882914482274e+00,1.248601812523157939e+00,1.999999326465905503e+00,9.071680966820698522e-02,4.291005350986145217e+00
2.146426099727144532e+01,3.818198499170925020e-01,7.348909632211144682e-01,3.522795305923773768e+00,-1.999999882031840759e+00,1.280350698404146170e+00,1.999999462185021448e+00,9.494070531494269716e-02,4.261029811924029964e+00
2.162209263772422929e+01,4.152426246435922952e-01,7.535020536783986200e-01,3.467843352291569037e+00,-1.999999879291938676e+00,1.315217858554272201e+00,1.999999562784138041e+00,9.980693511783848837e-02,4.229654436321565569e+00
2.177992429830322507e+01,4.503138205991739085e-01,7.737539936836427268e-01,3.409464454991611326e+00,-1.999999873696851838e+00,1.353849072491145611e+00,1.999999639413353680e+00,1.055476972489657883e-01,4.198862476567918556e+00
2.193775497726101875e+01,4.871096863180855441e-01,7.955457322362008421e-01,3.346991045619488681e+00,-1.999999863146242340e+00,1.397167441817078526e+00,1.999999698795585701e+00,1.125174521751400036e-01,4.173251586691568704e+00
2.209558625880726623e+01,5.255872457955821364e-01,8.184708642892571939e-01,3.279481613098181647e+00,-1.999999841221498098e+00,1.446476335272031566e+00,1.999999745080825120e+00,1.214176896698093977e-01,4.161445555952495212e+00
2.225341623487963005e+01,5.654670589919320589e-01,8.416190677400395836e-01,3.205636457544802198e+00,-1.999999796777065075e+00,1.503885620015289915e+00,1.999999780868794153e+00,1.326045862205860459e-01,4.176839175075781618e+00
2.241124771946251926e+01,6.060887784945997447e-01,8.634046810465445532e-01,3.123961826204057157e+00,-1.999998694568764668e+00,1.571038692960514460e+00,1.999999808017143943e+00,1.521965298052329330e-01,4.237352847651106202e+00
2.256907806326205801e+01,6.463059423180572693e-01,8.817251095985951803e-01,3.032164959136696147e+00,-1.999999953744680425e+00,1.658825792950835210e+00,1.999999826769883970e+00,1.398236913334409415e-01,4.362839300210609395e+00
2.272690868338902703e+01,6.845159268463434366e-01,8.929449394110368088e-01,2.935076914763607547e+00,-1.999999915993128541e+00,1.705996431546575876e+00,1.999999837628661181e+00,1.060120095554268477e-01,4.579056000601270604e+00
2.288472357994913509e+01,7.189006941424586072e-01,8.919077574858783608e-01,2.840317902093098201e+00,-1.995476722746486686e+00,1.682897358656529230e+00,1.999999842384566184e+00,7.433190173363722619e-02,4.903340281316840077e+00
2.304244539610289877e+01,7.478574686303118835e-01,8.744961671849191820e-01,2.753402335267165935e+00,-1.982033817988126723e+00,1.606821206815661096e+00,1.999999842814567330e+00,4.860256237915556304e-02,5.329167403016972671e+00
2.320007915100308082e+01,7.704141417864746044e-01,8.392967063133084382e-01,2.677327811613187780e+00,-1.958744147422632809e+00,1.499846529933002381e+00,1.999999841187789285e+00,2.915929930382946469e-02,5.811827468927755369e+00
2.335776240379344415e+01,7.863672535140487918e-01,7.876266174480682780e-01,2.612647071831269319e+00,-1.926751313835407098e+00,1.379130433290270297e+00,1.999999840625775960e+00,1.540122037437556025e-02,6.261126019797041309e+00
2.351543549955964707e+01,7.960633034556717780e-01,7.227335330683134496e-01,2.558278610482003224e+00,-1.887418207139646587e+00,1.254841826758464229e+00,1.999999844149537687e+00,6.476357682005660574e-03,6.564073622509944528e+00
2.367310658013312974e+01,8.000000081832523424e-01,6.486929270460273234e-01,2.512539123749766290e+00,-1.841243198767175571e+00,1.131496203670584677e+00,1.999999850490333575e+00,-2.419195785382226716e-04,6.638554057501655947e+00
2.383078259157212742e+01,7.985013151359908745e-01,5.693942689290633075e-01,2.474105917015435807e+00,-1.787688398383426192e+00,1.007672781939572770e+00,1.999999859427273652e+00,-4.850996475960948386e-03,6.475361745293518823e+00
2.398846182048627540e+01,7.915994945066766597e-01,4.879099076252130240e-01,2.442321117828174959e+00,-1.725284165205961173e+00,8.821244032782337152e-01,1.999999872050874039e+00,-5.234180401974035390e-03,6.127151856420744558e+00
2.414615288732226261e+01,7.790935056383870849e-01,4.063928126664287932e-01,2.417025554013615629e+00,-1.652064504497775088e+00,7.586724411417413716e-01,1.999999886408239114e+00,-1.156935387355494463e-03,5.665756129648337414e+00
2.430388086077191190e+01,7.606779088437289893e-01,3.263574339522457568e-01,2.398382535372479474e+00,-1.566253841651848999e+00,6.440453123236354882e-01,1.999999900996363600e+00,7.673392892383627296e-03,5.152861784701741499e+00
2.446158990947670731e+01,7.360732428519101145e-01,2.491418190065339822e-01,2.386558664553593445e+00,-1.466821460660120868e+00,5.486841534832431755e-01,1.999999914822929048e+00,2.132437513884996583e-02,4.634392370071894085e+00
2.461931191699610011e+01,7.051603672670281320e-01,1.764211159733238554e-01,2.381419321838272651e+00,-1.354308929020544561e+00,4.864172699198617278e-01,1.999999927238784059e+00,3.925758400941505716e-02,4.145337966949940167e+00
2.477704546314851441e+01,6.681470854493676281e-01,1.106333774500925099e-01,2.382351701358689677e+00,-1.231937498706176415e+00,4.718319852133944781e-01,1.999999937829478380e+00,5.988576241815689316e-02,3.712939168399131518e+00
2.493479114948413056e+01,6.257534455121066541e-01,5.512150999283642328e-02,2.388406102312554236e+00,-1.106475972761428839e+00,5.139601645780670358e-01,1.999999946395909944e+00,8.031905560256318022e-02,3.355797844410390418e+00
2.509255352199869904e+01,5.793284956900518479e-01,1.367416864410917268e-02,2.398886685171651489e+00,-9.876944769844091532e-01,6.074800180659706283e-01,1.999999952941021730e+00,9.677456657075740598e-02,3.082198163828670623e+00
2.525032557084151819e+01,5.307900037409546412e-01,-1.072225586442131576e-02,2.414066292626132704e+00,-8.855235651449336887e-01,7.279958902736758386e-01,1.999999957615384183e+00,1.059050514652879332e-01,2.890545140040267302e+00
2.540817478931076678e+01,4.823590714748074992e-01,-1.743740505256528850e-02,2.435283778175044933e+00,-8.060247430898289656e-01,8.390332597060493613e-01,1.999999960646436037e+00,1.064323255945408414e-01,2.771895793721133039e+00
2.556602607299809549e+01,4.361813652981056944e-01,-8.921092892980103314e-03,2.464179799541625027e+00,-7.490850317445587603e-01,9.087998621005286548e-01,1.999999962288564026e+00,9.979924009588983513e-02,2.713141449200851874e+00
2.572386043152399893e+01,3.939850581734253288e-01,1.009639900655799269e-02,2.501745148656358886e+00,-7.095717444937436058e-01,9.241989626576622152e-01,1.999999962797861963e+00,8.920459135215512425e-02,2.699852946458064729e+00
2.588169951821300785e+01,3.568915029381013460e-01,3.434971493694195799e-02,2.547882428966569801e+00,-6.806432443656387221e-01,8.922948237324771492e-01,1.999999962415567989e+00,7.785265779740743741e-02,2.718468184684673883e+00
2.603954017059215431e+01,3.254062383992747942e-01,5.954811000298598084e-02,2.601545383148138768e+00,-6.566577566843687652e-01,8.312533831832537023e-01,1.999999961351952349e+00,6.776311162624065743e-02,2.757708622806656962e+00
2.619737851638404180e+01,2.995386232657055725e-01,8.300219380276478709e-02,2.661168913071036091e+00,-6.343473362065414900e-01,7.596058924992091788e-01,1.999999959773713476e+00,5.962046841794541724e-02,2.809203799685040082e+00
2.635521658650501919e+01,2.789708045468287656e-01,1.034872467683205927e-01,2.725117644770006287e+00,-6.125335166528480535e-01,6.901008484603130544e-01,1.999999957799204919e+00,5.324021266592836310e-02,2.867451338761377144e+00
2.651305429342887621e+01,2.632137498853538982e-01,1.207601027167426039e-01,2.791985630819103115e+00,-5.912606197858717438e-01,6.287181361388775036e-01,1.999999955501998938e+00,4.810695953067991443e-02,2.929329241775582737e+00
2.667089543531610119e+01,2.517190237244955608e-01,1.350554248100345189e-01,2.860695547300335040e+00,-5.709976284854212381e-01,5.765017419958997635e-01,1.999999952919773838e+00,4.372708134577019817e-02,2.993416923396920115e+00
2.682873911648224663e+01,2.439401745405663235e-01,1.467084921502665451e-01,2.930442144256244053e+00,-5.521531432970991915e-01,5.319744529042641501e-01,1.999999950063954701e+00,3.977510681869009246e-02,3.059378955199544503e+00
2.698657884944075391e+01,2.393512730494728735e-01,1.559236324479337243e-01,3.000557381531666401e+00,-5.348888191868361730e-01,4.929937517616918563e-01,1.999999946927161432e+00,3.610330979279456620e-02,3.127538596865613751e+00
2.714441982942778608e+01,2.374339409573464621e-01,1.626517371080542229e-01,3.070360366300999733e+00,-5.191239058684635754e-01,4.577767640013325479e-01,1.999999943489375376e+00,3.268900229519321188e-02,3.198563628368945366e+00
2.730226373804595497e+01,2.376446313934569565e-01,1.665486763647154034e-01,3.139045316721486678e+00,-5.046237357373245525e-01,4.252474974447819078e-01,1.999999939726087694e+00,2.957077334085287182e-02,3.273101998614238450e+00
2.746010359966692960e+01,2.393767011105691622e-01,1.670186831649754788e-01,3.205660902650955713e+00,-4.910995539895112727e-01,3.949791897515647077e-01,1.999999935620603297e+00,2.679925454953484276e-02,3.351292918001774090e+00
2.761794303881044854e+01,2.419355891422814986e-01,1.633534202015985148e-01,3.269212480400083276e+00,-4.782843115101906295e-01,3.669712299682132972e-01,1.999999931179762491e+00,2.440896292978154622e-02,3.432210203779097579e+00
2.777578333402070143e+01,2.445439375756047473e-01,1.549495163259638764e-01,3.328868288161319189e+00,-4.659754209618962029e-01,3.414140519457432021e-01,1.999999926448437382e+00,2.240724791240223876e-02,3.513416572510128510e+00
2.793362027273680681e+01,2.463832276875484451e-01,1.415489635890576914e-01,3.384197378799278511e+00,-4.540491718917779584e-01,3.185118177130338291e-01,1.999999921512690682e+00,2.077313959510017696e-02,3.590969995860266106e+00
2.809142046652110380e+01,2.466624101121109858e-01,1.234161833414354759e-01,3.435335223598774856e+00,-4.424562590037134369e-01,2.983754975832936251e-01,1.999999916480178275e+00,1.946020437983257342e-02,3.660233164743133205e+00
2.824923585368508583e+01,2.446908062710022036e-01,1.013655777870915015e-01,3.482988162991490277e+00,-4.312075156269546961e-01,2.809703736215173886e-01,1.999999911438628208e+00,1.840008068490172483e-02,3.717376393131833101e+00
2.840706856414562509e+01,2.399317195802455893e-01,7.661118981945755357e-02,3.528264029679253788e+00,-4.203554672439126505e-01,2.660929110679627896e-01,1.999999906412850859e+00,1.750532027191268811e-02,3.760802044012995893e+00
2.856489107469202793e+01,2.320248844824095158e-01,5.049977284275090211e-02,3.572405776546324851e+00,-4.099725490566162867e-01,2.533548203088647477e-01,1.999999901345713482e+00,1.667198756776377272e-02,3.791626591007662306e+00
2.872271485097639854e+01,2.207793392294543633e-01,2.423723441506352161e-02,3.616535779331137235e+00,-4.001237224356285482e-01,2.421656408708855457e-01,1.999999896112173881e+00,1.578491883586196839e-02,3.812989578082323749e+00
2.888053977336812750e+01,2.061449119370905858e-01,-1.299997388517031482e-03,3.661487648563633623e+00,-3.908322778995119151e-01,2.317267753209841519e-01,1.999999890554474469e+00,1.473057300548319924e-02,3.828685878961670674e+00
2.903836672366645288e+01,1.881717566448036782e-01,-2.562733528995602555e-02,3.707755861561243371e+00,-3.820429157630534922e-01,2.210707722412021681e-01,1.999999884516218795e+00,1.342204006551833174e-02,3.841922610675820415e+00
2.919619899487317127e+01,1.669678071923954010e-01,-4.859998663092956334e-02,3.755549040230661717e+00,-3.735932801967550843e-01,2.091881651114612939e-01,1.999999877857944197e+00,1.183707018061070336e-02,3.854764170365935883e+00
2.935403202994575622e+01,1.426634432807770692e-01,-7.029935954865842995e-02,3.804893546257609671e+00,-3.652102230321247478e-01,1.952724136978574720e-01,1.999999870452501716e+00,1.006380013016248791e-02,3.868254326436790347e+00
2.951186846244221584e+01,1.153886807847757795e-01,-9.091580251590382356e-02,3.855725323050050335e+00,-3.565476905406762542e-01,1.790815262694164800e-01,1.999999862170729559e+00,8.341852223136502625e-03,3.882809335431879560e+00
2.966970253199122354e+01,8.526243804808401883e-02,-1.106546841444292356e-01,3.907937833354087065e+00,-3.472790127296503382e-01,1.613674591572250294e-01,1.999999852867170969e+00,7.079986319873781027e-03,3.898538734318170995e+00
2.982753759913666158e+01,5.239018924052487453e-02,-1.296612232593162828e-01,3.961390843411419560e+00,-3.372470437576827740e-01,1.442657920631668367e-01,1.999999842368088032e+00,6.827056425078257065e-03,3.915413900308583717e+00
2.998537262562769357e+01,1.686670531949698709e-02,-1.479531413395030193e-01,4.015900379576939905e+00,-3.266590078656836926e-01,1.314766028756791383e-01,1.999999830459255001e+00,8.173585353819106530e-03,3.933347068997957052e+00
3.014320706128485838e+01,-2.121778568711829224e-02,-1.653623682791322547e-01,4.071227855265230566e+00,-3.162878624558032037e-01,1.280224004751596145e-01,1.999999816869992397e+00,1.157048734885848459e-02,3.952245304717901586e+00
3.030104821502489898e+01,-6.176871262433688420e-02,-1.815004069221741179e-01,4.127080512311631644e+00,-3.076112358643517952e-01,1.393711084566846559e-01,1.999999801248323106e+00,1.707190909939703891e-02,3.972086431291536268e+00
3.045888816004092448e+01,-1.046756595000256085e-01,-1.957672512659373587e-01,4.183132981881385604e+00,-3.027906075621679127e-01,1.697946500067995523e-01,1.999999783116590768e+00,2.404081583708388148e-02,3.993094806750520309e+00
3.061672655840354906e+01,-1.497967965384004729e-01,-2.074191689554768792e-01,4.239082934416082082e+00,-3.043804201448755964e-01,2.200207741758433699e-01,1.999999761787764729e+00,3.089331043891989370e-02,4.016150634332898761e+00
3.077456716890862509e+01,-1.969347772542159869e-01,-2.157014515957730860e-01,4.294760314316480532e+00,-3.146749030742574949e-01,2.845226893205903274e-01,1.999999736218308621e+00,3.498324051062744189e-02,4.043518842458655449e+00
3.093240901672077925e+01,-2.457982154113979301e-01,-2.200492875975496032e-01,4.350308627546297657e+00,-3.346645840386225923e-01,3.491022876599051417e-01,1.999999704787393862e+00,3.271582867466420880e-02,4.079697658499858548e+00
3.109024762592622437e+01,-2.959497642621790603e-01,-2.203632403029537612e-01,4.406430349414292458e+00,-3.626969320772970851e-01,3.895905183454522747e-01,1.999999665021465756e+00,1.993353226487293642e-02,4.131810853808731032e+00
3.124808739612432973e+01,-3.467598303802127968e-01,-2.173458336216889386e-01,4.464619288256658436e+00,-3.931156397008086500e-01,3.724139055754561722e-01,1.999999613294284995e+00,-7.359248582825278148e-03,4.208916152164046132e+00
3.140593040923509704e+01,-3.974029586710554618e-01,-2.128113225017132237e-01,4.527170561089780776e+00,-4.153534425942586039e-01,2.578713182494287159e-01,1.999999544486823710e+00,-5.164006944854484388e-02,4.319976634184805597e+00
3.156377087412647242e+01,-4.469305224124526243e-01,-2.097680512905460426e-01,4.596592922493957900e+00,-4.141152386250734341e-01,8.253682330477320889e-03,1.999999451443962739e+00,-1.114681218732397894e-01,4.470754860519373430e+00
3.172161405417166691e+01,-4.944156077879981459e-01,-2.119969970655641855e-01,4.674108748236256439e+00,-3.713711153573102663e-01,-3.955197272413453757e-01,1.999999323692688291e+00,-1.789898634730308358e-01,4.660605631333679000e+00
3.187945000792729289e+01,-5.391114732772350759e-01,-2.229972077832296784e-01,4.757670741214639953e+00,-2.706034594925891268e-01,-9.319274409117195290e-01,1.999999144079494418e+00,-2.410607712996918894e-01,4.881178065356457374e+00
3.203727919109874023e+01,-5.805458994259395933e-01,-2.447202868263856079e-01,4.840951301352928837e+00,-1.023466888281388681e-01,-1.533775555343718677e+00,1.999998880224497455e+00,-2.851588671748617188e-01,5.119001576873914772e+00
3.219511426296599410e+01,-6.185170447290478934e-01,-2.769340235749992440e-01,4.914433640988490559e+00,1.320365648416887971e-01,-2.115788278423770929e+00,1.999998461969012986e+00,-3.032312153395137488e-01,5.361315653342918708e+00
3.235294305054934938e+01,-6.530108867009812856e-01,-3.174803793716197142e-01,4.968259097869267116e+00,4.208194952312621084e-01,-2.606865601615608874e+00,1.999997710013995400e+00,-2.865975609867224549e-01,5.601650547927324197e+00
3.251077062110528715e+01,-6.840790501174019989e-01,-3.627433578639172040e-01,4.995898649541288705e+00,7.450206991024170833e-01,-2.951029375947876066e+00,1.999996016495320550e+00,-1.939270742127358615e-01,5.841623391464009885e+00
3.266859622459273282e+01,-7.116870635289487268e-01,-4.068171511947287211e-01,4.999999982736513360e+00,1.078974541212084137e+00,-3.023554879129428663e+00,1.999997908325213292e+00,3.558557867903757582e-02,6.089653646629229478e+00
3.282642444395244041e+01,-7.355292682730391052e-01,-4.387092831286419359e-01,4.996089423620454717e+00,1.382116157539819090e+00,-2.526713362180554867e+00,1.999996941126844563e+00,2.969921463590652691e-02,6.350465945884838703e+00
3.298424709565355784e+01,-7.554430460652878931e-01,-4.541402930478017907e-01,4.992717968569841069e+00,1.608341691634876280e+00,-2.149145952435235873e+00,1.999995016868177489e+00,2.289146998382423845e-02,6.584137453981988131e+00
3.314206048630258294e+01,-7.715620734072243803e-01,-4.574416439099658893e-01,4.993505879411165971e+00,1.779472891018903491e+00,-1.859003495854136601e+00,1.999989349841074349e+00,2.232409926875599665e-02,6.758753394598463693e+00
3.329982419201258637e+01,-7.840605016600140642e-01,-4.524239204129245073e-01,4.999418352672456933e+00,1.910861459147078500e+00,-1.618226953219266351e+00,8.236821149975448453e-01,3.241288435804637325e-01,6.842960848275313701e+00
3.345760730243782177e+01,-7.927514944452399570e-01,-4.341239791624222355e-01,4.999999792194447679e+00,1.999997717684658172e+00,-6.876754021726861899e-01,1.073131314375183887e-01,-3.345052708268620584e-02,6.808293235994871573e+00
3.361539132028904930e+01,-7.978300091294663332e-01,-4.081145014856967790e-01,4.999999790487382967e+00,1.999999495652051484e+00,-6.876570277088625005e-01,2.411353289107200648e-01,-3.345317728874488972e-02,6.647087196291625588e+00
3.377324524756173929e+01,-8.000000005110909918e-01,-3.867457854720096067e-01,4.999999821428758651e+00,1.999999288546657095e+00,-6.876453557985104936e-01,4.073190446959192856e-01,-3.349545147689103608e-02,6.442271520706470689e+00
3.393108025480361079e+01,-7.997948003771518932e-01,-3.711664727855316648e-01,4.999999849818266284e+00,1.999999471447688526e+00,-6.877220373802160891e-01,5.832937699636958628e-01,-3.329870539041816097e-02,6.231203883869484095e+00
3.408891473863642574e+01,-7.978721211625420251e-01,-3.617536862320634983e-01,4.999999857109033385e+00,1.999999604174324208e+00,-6.873726034682465791e-01,7.556630653525098218e-01,-3.411207968579151040e-02,6.038830446929265960e+00
3.424675311238344477e+01,-7.949788646062386777e-01,-3.582884070679016597e-01,4.999999863637103914e+00,1.999999585725217077e+00,-6.888403876838069539e-01,8.982583180149734670e-01,-3.093778150861375628e-02,5.875641884406830329e+00
3.440459406562189315e+01,-7.918858068829109920e-01,-3.601029778071127563e-01,4.999999868975035788e+00,1.999999591522913622e+00,-6.830015281874739497e-01,1.070067466966853731e+00,-4.291248881929899534e-02,5.741979825294351691e+00
3.456244068825660065e+01,-7.893520235297157850e-01,-3.667859034566385845e-01,4.999999873251980809e+00,1.999999589716827009e+00,-7.051737638635399152e-01,1.049562314686901532e+00,-7.267082988874792827e-04,5.633581222126711197e+00
3.472028354675438777e+01,-7.880165070762298329e-01,-3.765801963555289733e-01,4.999999876718274727e+00,1.999999587819583313e+00,-6.241514362033421248e-01,1.646286220200280370e+00,-1.686627617140423474e-01,5.545332473005069929e+00
3.487812822665672741e+01,-7.886492453266338298e-01,-3.928164332120758773e-01,4.997864799544051273e+00,1.999997465646923711e+00,-9.138923144814334876e-01,-1.999994131616468440e+00,2.912534592197403294e-01,5.471165409306613547e+00
3.503597252300145470e+01,-7.908226128281233835e-01,-4.018435306319726452e-01,4.921184648817375162e+00,1.999998723098955766e+00,4.820411094688397541e-02,-1.999997165484759032e+00,5.235978261324303329e-01,5.342223195593811980e+00
3.519381709499616306e+01,-7.932974560923596874e-01,-3.758604266970063668e-01,4.901415140717379160e+00,1.846829628359061282e+00,1.578865554832424634e+00,-1.999998186055579108e+00,5.235983089748327268e-01,5.224696256646896408e+00
3.535166130172920163e+01,-7.957708169084050098e-01,-3.071073623259841789e-01,4.945366730667583255e+00,1.485757967936724544e+00,2.918147485152533083e+00,-1.999998695363097045e+00,5.235985089068875276e-01,5.119818283176488904e+00
3.550950690676879162e+01,-7.980688537619375911e-01,-1.998358964221967349e-01,5.000000012840668084e+00,9.460916199215549938e-01,4.031550138970131592e+00,-1.999991254682434993e+00,5.235981559429218057e-01,5.024662758254180517e+00
3.566735194450732394e+01,-7.996800940360416776e-01,-6.002707116361400558e-02,4.999999945384340450e+00,2.685533252355262746e-01,4.881412428351178612e+00,1.288455059278676984e+00,4.454183997565538400e-01,4.931667395845200197e+00
3.582519464284396093e+01,-7.999999930772034862e-01,1.008113295114911045e-01,5.000000027471621422e+00,-4.868884420341352270e-01,5.316116597066696592e+00,1.999999213134652010e+00,-1.317504553171784110e-01,4.941145048047084209e+00
3.598303981118935724e+01,-7.991676038951233130e-01,2.443886778472218468e-01,4.935053768458860901e+00,-1.188580904573482755e+00,3.956274108368972531e+00,1.999999083132329325e+00,-2.150681762059934998e-01,4.990058461402835377e+00
3.614088518068047762e+01,-7.972202014292992800e-01,3.442357842099313392e-01,4.847644879240514015e+00,-1.645287159180119030e+00,2.631731036409442392e+00,1.999998928039044443e+00,-2.253163156286967783e-01,5.031729264511651145e+00
3.629873065422975031e+01,-7.934842062563994824e-01,4.056483507913832276e-01,4.794655507769513214e+00,-1.891988221642130430e+00,1.540284382469397029e+00,1.999998739788390711e+00,-1.545598837795341962e-01,5.065989428540007111e+00
3.645657469768858050e+01,-7.873763870980678981e-01,4.395069486400116077e-01,4.785878645817365218e+00,-1.986024450238458749e+00,8.687342878831085802e-01,1.999998499877351454e+00,-5.200044656268095443e-03,5.091124731269421666e+00
3.661441941855960636e+01,-7.783411356756025912e-01,4.611126685556975469e-01,4.795348004595925140e+00,-1.999999701472229496e+00,7.410100047808496626e-01,1.999998178467957244e+00,3.594868211768103422e-02,5.100778019416540410e+00
3.677226448978874629e+01,-7.660549177459945458e-01,4.807233906513103117e-01,4.806403596738078932e+00,-1.999998115384339359e+00,7.379379988623503417e-01,1.999997732240411885e+00,3.572051741329317770e-02,5.103385057679349579e+00
3.693010890316880079e+01,-7.504690203221983102e-01,5.001994418707682577e-01,4.817626853297754863e+00,-1.999998759493193834e+00,7.348359770682008074e-01,1.999997095226303534e+00,3.548981444789926776e-02,5.101919263870100529e+00
3.708795221871891812e+01,-7.315918565903748449e-01,5.194523080459905184e-01,4.828928759368743329e+00,-1.999999196252684408e+00,7.316989049006065171e-01,1.999996132704630503e+00,3.535444280500981556e-02,5.094743161412563559e+00
3.724579615911209629e+01,-7.094401796426551554e-01,5.383240817993176774e-01,4.840134120423028818e+00,-1.999999387322991096e+00,7.287680061896495420e-01,1.999994551284511202e+00,3.502230166966784075e-02,5.080316188612056472e+00
3.740364118990326858e+01,-6.840500922270643658e-01,5.565671969912878714e-01,4.851008312469937245e+00,-1.999999506026240104e+00,7.255081409169168438e-01,1.999991580953792925e+00,3.548412820029737957e-02,5.058108764264066082e+00
3.756148533004500933e+01,-6.554921983475031633e-01,5.738908692065242123e-01,4.861137956045381792e+00,-1.999999588555714025e+00,7.239792534864959439e-01,1.999984401575159998e+00,3.362423783554245593e-02,5.029234142405883290e+00
3.771933008549329713e+01,-6.238927158879050694e-01,5.899182389514471270e-01,4.870403216020477544e+00,-1.999999642733064187e+00,7.179736935618755700e-01,1.999948790713353741e+00,3.928190640352887536e-02,4.997042050619795006e+00
3.787717488991119552e+01,-5.894389660808071474e-01,6.045568511073792228e-01,4.877706063287877924e+00,-1.999999648521820106e+00,7.274697144623395451e-01,-1.999927124195671313e+00,5.043071876445497786e-02,4.965073406592400929e+00
3.803501794845048067e+01,-5.531346774944135847e-01,6.186013696425726183e-01,4.752401932356652203e+00,-1.999999430272577428e+00,7.636886471153582212e-01,-1.999968666654132088e+00,5.414234587922186343e-02,4.834187342181087033e+00
3.819285850063162258e+01,-5.159484336196541454e-01,6.328841224887530315e-01,4.619435652223263133e+00,-1.999999521200109376e+00,8.031276427783038407e-01,-1.999965977379837279e+00,6.158356302416165967e-02,4.706203488611090613e+00
3.835069919423160201e+01,-4.780334622982090331e-01,6.479925973891910163e-01,4.477972686204984676e+00,-1.999999580725543513e+00,8.545041907757505717e-01,-1.778702074666574928e+00,5.864129719495671939e-02,4.580316006820196684e+00
3.850854007321307648e+01,-4.394352327868210062e-01,6.642598235396461881e-01,4.336816815757924104e+00,-1.999999720735244235e+00,8.888889963138698613e-01,1.999983119670086795e+00,4.943392017433411584e-02,4.461780557722598850e+00
3.866638242883720977e+01,-3.991423412255098446e-01,6.808981087417885769e-01,4.326587836315369806e+00,-1.999999853221638091e+00,8.926829104420370697e-01,1.999992979621971534e+00,4.982444279389131730e-02,4.447480707936720457e+00
3.882422067511659947e+01,-3.562353922367022530e-01,6.973310770379940182e-01,4.315612848796486212e+00,-1.999999860134031193e+00,8.967558054529041200e-01,1.999995947390684536e+00,5.021507565917420618e-02,4.435907649549884368e+00
3.898206298985405738e+01,-3.107776875667661032e-01,7.137619148747541553e-01,4.304085736679208019e+00,-1.999999867928575092e+00,9.010491842252430494e-01,1.999997318348308406e+00,5.061422562858610558e-02,4.425466568996837324e+00
3.913990446834989001e+01,-2.627925523055253954e-01,7.303039838253544414e-01,4.292102694688725073e+00,-1.999999874074060768e+00,9.055390656731242549e-01,1.999998083130073434e+00,5.102939643448869966e-02,4.415159665541344758e+00
3.929774418720808882e+01,-2.122815934618046685e-01,7.470013441693245104e-01,4.279683836229860816e+00,-1.999999879486735521e+00,9.102265649740647335e-01,1.999998559087973860e+00,5.146640173752070613e-02,4.404549291950710987e+00
3.945558651328734356e+01,-1.592396428159452149e-01,7.638564565857748345e-01,4.266803245919654763e+00,-1.999999884044709297e+00,9.151280207245994225e-01,1.999998877487256577e+00,5.192989858757131316e-02,4.393555905756588942e+00
3.961342727882070136e+01,-1.036642160161335008e-01,7.808504759498912096e-01,4.253410955251530012e+00,-1.999999887896313000e+00,9.202685599897999502e-01,1.999999101773469068e+00,5.242515447908480120e-02,4.382275608840666692e+00
3.977126888224721313e+01,-4.556123942427068446e-02,7.979490878017473365e-01,4.239439516312060618e+00,-1.999999891078210856e+00,9.256816932492838434e-01,1.999999266023732458e+00,5.296121061332046548e-02,4.370920617708689448e+00
3.992910852816475398e+01,1.504855237920895566e-02,8.150890989348728022e-01,4.224791047526372800e+00,-1.999999893617543600e+00,9.314172750115047306e-01,1.999999389976299780e+00,5.355628851722223777e-02,4.359967970529073256e+00
4.008694747790385549e+01,7.811501812777596476e-02,8.321365264692507369e-01,4.209297224939269277e+00,-1.999999895477146739e+00,9.375616907913064679e-01,1.999999485682589118e+00,5.424511705704705700e-02,4.350662517168974119e+00
4.024478829820817793e+01,1.435236305647481780e-01,8.488069803387130463e-01,4.192647003360975511e+00,-1.999999896531839072e+00,9.442719486084228953e-01,1.999999560734790460e+00,5.508504623343207784e-02,4.345961104109588469e+00
4.040262780474477466e+01,2.110262829849912369e-01,8.645571429932918939e-01,4.174297960460291890e+00,-1.999999896527648424e+00,9.518156287909703694e-01,1.999999619977730125e+00,5.615618334642611537e-02,4.351671285473858397e+00
4.056046869375885677e+01,2.801347802803171305e-01,8.784880342255630969e-01,4.153421394011044043e+00,-1.999999895055160071e+00,9.605957932429141088e-01,1.999999666528915476e+00,5.755266765623375663e-02,4.377162868069369495e+00
4.071830953737347869e+01,3.500014586679620066e-01,8.893198085755524840e-01,4.128949989746542926e+00,-1.999999891542454389e+00,9.711344522864649997e-01,1.999999702463323370e+00,5.936577059575848941e-02,4.435029983060642778e+00
4.087614577598557020e+01,4.193452039629022021e-01,8.954839326131164290e-01,4.099773315582615041e+00,-1.999999885271364297e+00,9.839965733047678631e-01,1.999999729302144535e+00,6.166219527273616996e-02,4.539434601022962035e+00
4.103398418101491529e+01,4.864964504416353086e-01,8.953391968901275311e-01,4.065055834673338531e+00,-1.999999875416969219e+00,9.996601997634619874e-01,1.999999748357879303e+00,6.446399839789204722e-02,4.703244065803755980e+00
4.119180438870476735e+01,5.496025247993242546e-01,8.874670661122394666e-01,4.024554906194473425e+00,-1.999999861110921540e+00,1.018375266444437433e+00,1.999999760954329409e+00,6.774016226848841860e-02,4.934486529931106702e+00
4.134957200271385602e+01,6.069477418889807074e-01,8.709506306276828536e-01,3.978758392395182142e+00,-1.999999841509429999e+00,1.040084079891897328e+00,1.999999768522909172e+00,7.141793368920328067e-02,5.233174758474191890e+00
4.150735191220245213e+01,6.572539005051071248e-01,8.455252104191617324e-01,3.928735114450051746e+00,-1.999999815798460201e+00,1.064459244670315607e+00,1.999999772579386992e+00,7.541140641828762703e-02,5.589842984157765038e+00
4.166512217822480579e+01,6.998248189130467090e-01,8.115422078906161518e-01,3.875776886781221009e+00,-1.999999783011991994e+00,1.091043659882205752e+00,1.999999774606761482e+00,7.965387445604071859e-02,5.986765609267994392e+00
4.182288239341202996e+01,7.344975180152649719e-01,7.697799922140656781e-01,3.821034761201725694e+00,-1.999999741519589147e+00,1.119414649806688367e+00,1.999999775901396104e+00,8.411866440215233498e-02,6.401645415357952729e+00
4.198063410362271242e+01,7.614708973578783180e-01,7.211964530077138447e-01,3.765304532433014995e+00,-1.999999688080509763e+00,1.149296630422231624e+00,1.999999777472790230e+00,8.882030011629146737e-02,6.811737178694205141e+00
4.213837586130882329e+01,7.811168589688006758e-01,6.667240376001245528e-01,3.708982776947608695e+00,-1.999999616817826897e+00,1.180597239024694156e+00,1.999999780077282630e+00,9.379100768990125681e-02,7.195284267728877303e+00
4.229612467833687361e+01,7.938409389912556291e-01,6.071762253390716735e-01,3.652123030208439758e+00,-1.999999512882093544e+00,1.213379605975855480e+00,1.999999784363248434e+00,9.909001846102968858e-02,7.529116063512619306e+00
4.245384495039485273e+01,8.000000084417239199e-01,5.432760198916292138e-01,3.594504084754110540e+00,-1.999998308154874005e+00,1.247867323016601304e+00,1.999999787382358285e+00,1.041005156275586901e-01,7.785276802892667547e+00
4.261155897139315840e+01,7.998488111412119794e-01,4.757481413084579391e-01,3.535715935524839093e+00,-1.999999733968759186e+00,1.283588126452001266e+00,1.999999789883407209e+00,1.037101377729136714e-01,7.931048941719263112e+00
4.276926014939061105e+01,7.934872620016224509e-01,4.053545569533161808e-01,3.475527165222498827e+00,-1.999999951494054073e+00,1.314073221293582172e+00,1.999999795867648977e+00,7.972041975484983611e-02,7.934387835060633165e+00
4.292695876219142548e+01,7.807955125541400365e-01,3.326707664928726937e-01,3.415122714304990481e+00,-1.999737377236800340e+00,1.310378577002969891e+00,1.999999805779059114e+00,5.863074814505465221e-02,7.773588277210783382e+00
4.308464232237444236e+01,7.613666625032423640e-01,2.582099757138237028e-01,3.354661797015960900e+00,-1.996797729698671420e+00,1.277047662986645626e+00,1.999999819808802703e+00,3.838880410354175016e-02,7.439035347244709051e+00
4.324232721686766467e+01,7.344389981276875368e-01,1.826584681272621080e-01,3.294399662419599029e+00,-1.988825579031054946e+00,1.214031154888308928e+00,1.999999837302306460e+00,1.950328021127580025e-02,6.941618890542383902e+00
4.340004465082538587e+01,6.988226516735296379e-01,1.067472640834017522e-01,3.234886408023143201e+00,-1.972848148058209405e+00,1.120286404714015305e+00,1.999999857162884531e+00,2.768603346781933587e-03,6.311178327085424478e+00
4.355773031924393734e+01,6.528303708758931290e-01,3.117475696947920663e-02,3.177313965778378879e+00,-1.944785921144854601e+00,9.946960922068004418e-01,1.999999878024266708e+00,-1.054747743164569616e-02,5.591563986056780955e+00
4.371541879338520431e+01,5.942388029538153704e-01,-4.341283129238453220e-02,3.123960775131583212e+00,-1.898965761068313274e+00,8.381740842068964303e-01,1.999999898378789887e+00,-1.854516803761107821e-02,4.836870692231209468e+00
4.387310885771271529e+01,5.203961179522313962e-01,-1.163442741143622949e-01,3.078638892808301719e+00,-1.827987217218056237e+00,6.579879338435498104e-01,1.999999916659825461e+00,-1.878117407120014765e-02,4.109569634737787247e+00
4.403080930381167946e+01,4.287623805746721972e-01,-1.866493612617444731e-01,3.046644535655244290e+00,-1.724064928275926167e+00,4.749922255812641936e-01,1.999999931440835210e+00,-9.120313392893332136e-03,3.473593143578231679e+00
4.418854864820590933e+01,3.182082623011468492e-01,-2.522618658080855170e-01,3.033180764280937414e+00,-1.583852505492597595e+00,3.298843389002508175e-01,1.999999941764579514e+00,1.021780709438061333e-02,2.979446632465228006e+00
4.434627178253688129e+01,1.908161441666283153e-01,-3.085488554560553709e-01,3.040264813487232765e+00,-1.416808079544155330e+00,2.738627389443397120e-01,1.999999947318639171e+00,3.450444520761719591e-02,2.651826893986204858e+00
4.450400056463234222e+01,5.281458511061388333e-02,-3.478443834937972601e-01,3.065680954263330538e+00,-1.249038037650187727e+00,3.309924745871156149e-01,1.999999948269805206e+00,5.530513695189701734e-02,2.490176510906016549e+00
4.466177317375165501e+01,-8.672054223647179816e-02,-3.628711358204350645e-01,3.106543077230544458e+00,-1.111108239277037946e+00,4.630725778573324125e-01,1.999999944942923991e+00,6.546681061610906682e-02,2.478866332874249956e+00
4.481963137675244724e+01,-2.187879957077358273e-01,-3.520500511330234561e-01,3.161962632822012509e+00,-1.017832105793492481e+00,5.930065550030196864e-01,1.999999937664256322e+00,6.384854087778718545e-02,2.596098058145568821e+00
4.497745050443763404e+01,-3.369871054916907527e-01,-3.203330477919635322e-01,3.231074528566014070e+00,-9.632414241925011389e-01,6.655866795479302711e-01,1.999999926872271461e+00,5.442962463364448000e-02,2.815582537679949038e+00
4.513527520258060122e+01,-4.384118126345940003e-01,-2.752641481346721486e-01,3.311127413605646996e+00,-9.321533308671228202e-01,6.717115223330085705e-01,1.999999913309622013e+00,4.199365321157585290e-02,3.104393209704512824e+00
4.529311812007650673e+01,-5.230514798891081618e-01,-2.234292942469364995e-01,3.398242945305042451e+00,-9.113277552940112214e-01,6.288121279917134876e-01,1.999999898037756019e+00,2.980717272827130768e-02,3.424061395397856700e+00
4.545094584046407959e+01,-5.925357578224338395e-01,-1.694247549569804501e-01,3.488932349242888975e+00,-8.927746905137796674e-01,5.584435342223904586e-01,1.999999882182312616e+00,1.974529522535384621e-02,3.737940502538765308e+00
4.560877041567641044e+01,-6.489962644274422932e-01,-1.161254737684236232e-01,3.580811489436111827e+00,-8.726597645816378535e-01,4.780463419795182300e-01,1.999999866587068853e+00,1.297829928914870021e-02,4.020218254459725138e+00
4.576659394116039437e+01,-6.943898442058610287e-01,-6.510481159449295341e-02,3.672487877823219726e+00,-8.496772781334687163e-01,4.010914170632449149e-01,1.999999851690422270e+00,1.036022715375235249e-02,4.258352896428602818e+00
4.592441806658266756e+01,-7.302653761478122840e-01,-1.698251800507173670e-02,3.763120424469608594e+00,-8.240938216532178728e-01,3.388700589201658619e-01,1.999999837738175579e+00,1.248097526405042221e-02,4.446650389501226819e+00
4.608223975709955056e+01,-7.577967309384332495e-01,2.819464842916146949e-02,3.852012359646352913e+00,-7.973325572121219285e-01,3.013717179289728820e-01,1.999999825061940406e+00,1.952874440122335034e-02,4.578677191899509502e+00
4.624006351811807036e+01,-7.778941902603078162e-01,7.056920862797783078e-02,3.938354662667423955e+00,-7.717951973032327606e-01,2.970699616288162703e-01,1.999999813986195640e+00,3.107041883131504353e-02,4.649053816284033580e+00
4.639789873615238491e+01,-7.912788025934573977e-01,1.103189830561556312e-01,4.021116387900833367e+00,-7.507904437192640668e-01,3.319594983757129802e-01,1.999999804271372250e+00,4.575757894756714295e-02,4.665262520316789896e+00
4.655572939129375953e+01,-7.985077660303199210e-01,1.479095379539565602e-01,4.099110327788347163e+00,-7.384427220162661509e-01,4.075455998031436988e-01,1.999999794699411471e+00,6.096460179072921842e-02,4.654299308819789260e+00
4.671355895641993783e+01,-8.000000057168114020e-01,1.844925182993901736e-01,4.171330691831138360e+00,-7.391724503572398852e-01,5.172533147066855630e-01,1.999999784778748957e+00,8.488957658955553764e-02,4.653476651958672328e+00
4.687139634013716716e+01,-7.960436740697790503e-01,2.225815590343396821e-01,4.236475668384310111e+00,-7.573586582850123650e-01,6.808979272210702316e-01,1.999999773617898047e+00,1.140182225314208264e-01,4.694842090955460456e+00
4.702923202947480519e+01,-7.867690007637295757e-01,2.659854990988203549e-01,4.293362381122897808e+00,-7.989388554122474062e-01,9.000117970857895999e-01,1.999999759373258801e+00,1.339626764961308891e-01,4.795915660903053102e+00
4.718707987257567993e+01,-7.721307298551526310e-01,3.181190278827760176e-01,4.342155831591033355e+00,-8.676054648138197267e-01,1.131076885102036522e+00,1.999999742557213356e+00,1.440431224288133971e-01,4.951274042401166753e+00
