8.831130525788410068e+00,-1.460348958931400709e+00,1.509343422305582827e+00,4.367791191474003298e+00
8.872951914390187156e+00,-1.314209825698333001e+00,1.565927944881263523e+00,4.406964108412370074e+00
8.907535669164021286e+00,-1.174194624374390594e+00,1.613787833902182500e+00,4.445303008667073286e+00
8.939847560416577466e+00,-1.029276992560318460e+00,1.666260193083489938e+00,4.482063876649308831e+00
8.967351211495346419e+00,-8.784504793033498515e-01,1.719545202408784501e+00,4.515855148579273504e+00
8.989503924128589674e+00,-7.219899949564450026e-01,1.769551811198567748e+00,4.543227061152789403e+00
9.005975308283701963e+00,-5.572236322447707835e-01,1.816833602086271870e+00,4.561345107211876027e+00
9.016978406348606256e+00,-3.842869731217994911e-01,1.858278872360453970e+00,4.566905697182066071e+00
9.023415443300024208e+00,-2.032732001448511738e-01,1.890218454049032548e+00,4.560702982554733609e+00
9.029164648867151755e+00,-1.429855964554960224e-02,1.918089969676767037e+00,4.545264220197230642e+00
9.034016005617520051e+00,1.812325482540231292e-01,1.978373623993018082e+00,4.521532174646943680e+00
9.023501435971493123e+00,3.748221959311131002e-01,2.052918653572701757e+00,4.487082861804820411e+00
9.002236966679161512e+00,5.583723741761656978e-01,2.110622540771953659e+00,4.441260565395218407e+00
8.973557749082850421e+00,7.302416020611187664e-01,2.159261318463552293e+00,4.388902281122002869e+00
8.941495515599546806e+00,8.902961869685639407e-01,2.198098198001305015e+00,4.332256690301154123e+00
8.907494428932999142e+00,1.038870208677832974e+00,2.231587114335310318e+00,4.275046634892674113e+00
8.872525344287051752e+00,1.177423147213009669e+00,2.260948952030041870e+00,4.219220158782412078e+00
8.836815075006144937e+00,1.307276284307820724e+00,2.287941916296939660e+00,4.164517019132691900e+00
8.800459219462149818e+00,1.429749572408045566e+00,2.313846610177636709e+00,4.110720476817718350e+00
8.763355518722033111e+00,1.545979095232385081e+00,2.339166399193513879e+00,4.057872305386583278e+00
8.725478544074016796e+00,1.657124781002510705e+00,2.364094912066370568e+00,4.005737455541772185e+00
8.686666958670869576e+00,1.763846416747197665e+00,2.389011660758962652e+00,3.954755621378811536e+00
8.646725389828516128e+00,1.867159140444215382e+00,2.413506423098614295e+00,3.905295686530363852e+00
8.605503335159614409e+00,1.967805939180024222e+00,2.437650735918875711e+00,3.857175150211824111e+00
8.562740275568042847e+00,2.066354306554623044e+00,2.461559485225696786e+00,3.810172615548519826e+00
8.518221273551295880e+00,2.163483704478228020e+00,2.485208900330189152e+00,3.764165178980087845e+00
8.471695796280052093e+00,2.259554722389968795e+00,2.508770252074326912e+00,3.718495443160992675e+00
8.422832408952871219e+00,2.355167569585897347e+00,2.531922914815801562e+00,3.673108283668270246e+00
8.371491868269322012e+00,2.450527829262833190e+00,2.554866178692461354e+00,3.627932677067167155e+00
8.317289484265234734e+00,2.545954324474274166e+00,2.577189805527237976e+00,3.583961885920136314e+00
8.262997746588906622e+00,2.638269544153283075e+00,2.604624472036023430e+00,3.542318622932273176e+00
8.207127783804379462e+00,2.727392870381446954e+00,2.636809467247923866e+00,3.504086569180611122e+00
8.144896852640716389e+00,2.818914514947426397e+00,2.664906003345167917e+00,3.470340664781334183e+00
8.075939782196970285e+00,2.913281231715627584e+00,2.688712200259330665e+00,3.442085414879052063e+00
8.000627627581385681e+00,3.009710285212680692e+00,2.710000423311988538e+00,3.420111249864448144e+00
7.918718424672507084e+00,3.107960765078948917e+00,2.729388034524246276e+00,3.404792027855869208e+00
7.830047340462156669e+00,3.207510575011250253e+00,2.747547654768637937e+00,3.395921564233334689e+00
7.734618306037518209e+00,3.307690588318119573e+00,2.765477331244410308e+00,3.392718934782227080e+00
7.632370840332896478e+00,3.407663737651712932e+00,2.783813536294730717e+00,3.394399044519768704e+00
7.523485766342384196e+00,3.506678670468807102e+00,2.802988156452708601e+00,3.400653249985886806e+00
7.408272927520782147e+00,3.603827647552474644e+00,2.823301083121861677e+00,3.411333544737036760e+00
7.286938481708759241e+00,3.698460325769339363e+00,2.844241980144008863e+00,3.426353272512461245e+00
7.159937250008190368e+00,3.789988330723154775e+00,2.865905158221343729e+00,3.445480777989930132e+00
7.027687291343923448e+00,3.877857547361967860e+00,2.887995520878753997e+00,3.468570810612807254e+00
6.890642035878150828e+00,3.961770927966050238e+00,2.910184376099995252e+00,3.495519064315293356e+00
6.749284514856933370e+00,4.041392284555281655e+00,2.932568799883737753e+00,3.525695872910489026e+00
6.604034973725479318e+00,4.116570587680024040e+00,2.954933585273736174e+00,3.558805086400362416e+00
6.455329145719375994e+00,4.187210794601019970e+00,2.977192864891799573e+00,3.594638053446076675e+00
6.303576918016890573e+00,4.253257300533008767e+00,2.999172238127114642e+00,3.632814482131168088e+00
6.149111964734253810e+00,4.314752621417779821e+00,3.020811570987065764e+00,3.673102175275458237e+00
5.992288101236245446e+00,4.371734308082446674e+00,3.041715423688123643e+00,3.715716127283966497e+00
5.833405072887710041e+00,4.424309597284993067e+00,3.061930815396507466e+00,3.759820415563217111e+00
5.672717722070916402e+00,4.472556821500529800e+00,3.081890746096972222e+00,3.805031294519339191e+00
5.510461379381464297e+00,4.516597180170680126e+00,3.101628171179249271e+00,3.851061665892367092e+00
5.346846849100976407e+00,4.556537483890520157e+00,3.121122444540974872e+00,3.897776194421910034e+00
5.182071594458671271e+00,4.592529212478475564e+00,3.139721082655656748e+00,3.945696276499778943e+00
5.016276914667226805e+00,4.624692410186370672e+00,-3.125257506584017797e+00,3.993655681456626194e+00
4.849629230790096557e+00,4.653135119865719815e+00,-3.107693192340983401e+00,4.042718383348540279e+00
4.682240862899951672e+00,4.677995571040013623e+00,-3.090776099160629897e+00,4.091937780900583910e+00
4.514208480695508285e+00,4.699288627180313149e+00,-3.073555893897067293e+00,4.141323281564742942e+00
4.345690247618671620e+00,4.717006792381548408e+00,-3.056028459654984264e+00,4.191303094030319976e+00
4.176867522619334139e+00,4.731020659331393929e+00,-3.037706226497972395e+00,4.242336024584117737e+00
4.007688309457758002e+00,4.740998219745353737e+00,-3.017458582552209112e+00,4.295254651913312571e+00
3.838304849479932557e+00,4.746352475495996259e+00,-2.994525565336731532e+00,4.350955533886919469e+00
3.671510257475032901e+00,4.746982508958758729e+00,-2.973314775749216210e+00,4.411492363056520816e+00
3.519967733357525663e+00,4.745846058179537863e+00,-2.974967715931966961e+00,4.479854319237449367e+00
3.380006818564153193e+00,4.747465672570104545e+00,-2.997714613215900936e+00,4.557552478976425014e+00
3.240376430332351454e+00,4.748966304218071421e+00,-3.028280505202358253e+00,4.642933317574619245e+00
3.101939368918273932e+00,4.750970372706098566e+00,-3.069895010435176985e+00,4.730822872679812718e+00
2.963788173899041034e+00,4.753312959067365284e+00,-3.120772449642845725e+00,4.813674313378609071e+00
2.826303963132664521e+00,4.756310339892377392e+00,3.105144277799371189e+00,4.884290847413049974e+00
2.689117120835083252e+00,4.760053368803458085e+00,3.047171865251498080e+00,4.937310595891791110e+00
2.552193692660428059e+00,4.764769781225425938e+00,2.990747235302238405e+00,4.968490102170718181e+00
2.415521673431272998e+00,4.770831033710883240e+00,2.933912490423170372e+00,4.978744524674249661e+00
2.278999120143484269e+00,4.778483051588674257e+00,2.878140968379784059e+00,4.982054403441267709e+00
2.142708377934680275e+00,4.787894120949364840e+00,2.824524230296907579e+00,4.978029971273616461e+00
2.007895808134781745e+00,4.799140123962855498e+00,2.771626318422655277e+00,4.968876072692467893e+00
1.875156625790673104e+00,4.812493887403296533e+00,2.722029242163077623e+00,4.959884535651435833e+00
1.742765238890990220e+00,4.828437802501092335e+00,2.680138933089127207e+00,4.955447592583207772e+00
1.609803527110779342e+00,4.846996841264641809e+00,2.646507237476416030e+00,4.956924374708949976e+00
1.476352726976372098e+00,4.868322138278869282e+00,2.618646203442051235e+00,4.962518311072977362e+00
1.342865033113225692e+00,4.892441292238978612e+00,2.592234288199203984e+00,4.968182197939875699e+00
1.209576385445632951e+00,4.919960352248812896e+00,2.562946941881824259e+00,4.967496220603148771e+00
1.066777318985201894e+00,4.955005848325567896e+00,2.544701923972376267e+00,4.962246020684496273e+00
9.116745488439770284e-01,4.994769647857378203e+00,2.544113459061472238e+00,4.953847601362510567e+00
7.547684190224934753e-01,5.034645531404564167e+00,2.550497954145948043e+00,4.939810605302819013e+00
5.985039057118228811e-01,5.074491214518275228e+00,2.567693625397991397e+00,4.930682512934762229e+00
4.422397667927810971e-01,5.114361282630099481e+00,2.605662924291496818e+00,4.940441113298930098e+00
2.862394691493541643e-01,5.154142382605201078e+00,2.669238022873505756e+00,4.966462780636192953e+00
1.302892557448593891e-01,5.193748752945985814e+00,2.754892012318649108e+00,4.988499490817956961e+00
-2.555345339049175379e-02,5.233125409155455543e+00,2.850662877398089545e+00,4.987909764603622342e+00
-1.814407081105215980e-01,5.272007817404045227e+00,2.946812962935132063e+00,4.992325018761428979e+00
-3.375843608569049081e-01,5.309628047273541540e+00,3.041069298702435031e+00,4.995822049752060678e+00
-4.941182027655433018e-01,5.345641853533862786e+00,3.122543043499871995e+00,4.982787301796643753e+00
-6.510955533450673016e-01,5.379896485767694969e+00,-3.100793528451235126e+00,4.968720362235892196e+00
-8.085755603804996028e-01,5.412044352965644123e+00,-3.058572595285095286e+00,4.963415025416005655e+00
-9.665463856639027185e-01,5.441911351038562827e+00,-3.028963792749965300e+00,4.965667015730087286e+00
-1.125321772946358934e+00,5.469706151673936922e+00,-3.007220796630412085e+00,4.970966206624689576e+00
-1.287427173202701169e+00,5.496231322319727219e+00,-2.985036276681303224e+00,4.975690982964949605e+00
-1.455668162203169080e+00,5.520758987680783214e+00,-2.955037998793945242e+00,4.979513716110359312e+00
-1.627275766955281755e+00,5.540412116938490783e+00,-2.922581913059532965e+00,4.981225796124457261e+00
-1.798319925605890379e+00,5.554809061807202575e+00,-2.894851521473008393e+00,4.980407902356493999e+00
-1.968740290343868216e+00,5.564871921644553687e+00,-2.870514105864021115e+00,4.977864044063869287e+00
-2.138823804260431061e+00,5.570989878684764030e+00,-2.847561909795824686e+00,4.973970573679089568e+00
-2.308382463361083214e+00,5.573339485246529001e+00,-2.824704975553949726e+00,4.968245262970044429e+00
-2.477430684054866994e+00,5.571977023202284940e+00,-2.800941033752632148e+00,4.962521874206206718e+00
-2.645835328875755454e+00,5.566719065589657234e+00,-2.776159655586108332e+00,4.957425738193201425e+00
-2.813582691068943653e+00,5.557420449088118275e+00,-2.749303648773472109e+00,4.953319808155112192e+00
-2.978014938450006088e+00,5.543660205093219773e+00,-2.728789950838629519e+00,4.949717033305343072e+00
-3.139460613608499706e+00,5.528216611359556332e+00,-2.713684034471089745e+00,4.945770332774713118e+00
-3.300513632329573177e+00,5.510441690173647267e+00,-2.695083991914723143e+00,4.941701692373025701e+00
-3.460962048727887819e+00,5.490148898173686121e+00,-2.673889359219967066e+00,4.936468024353288797e+00
-3.620863769870656501e+00,5.466989895403856714e+00,-2.650526299757002491e+00,4.930989200671219486e+00
-3.780105652536393634e+00,5.440818419263862005e+00,-2.626569770222343614e+00,4.926225066601661595e+00
-3.938640544847929803e+00,5.411472527583033099e+00,-2.601579732763989572e+00,4.918649302879684271e+00
-4.096409141629120398e+00,5.378911407932942979e+00,-2.576290039781768737e+00,4.911475698786111010e+00
-4.253372575420792501e+00,5.343081819941716937e+00,-2.550978325587053952e+00,4.901097844201489195e+00
-4.409432224739165740e+00,5.303926273717009643e+00,-2.524379841864374807e+00,4.886320989918311319e+00
-4.564554209742275326e+00,5.261507127706794407e+00,-2.498379049124469731e+00,4.872700709290681331e+00
-4.718664971839224620e+00,5.215807805140527442e+00,-2.472355804777260690e+00,4.849357314026711663e+00
-4.871707171483214083e+00,5.166890039410610314e+00,-2.446347948321853316e+00,4.823365755068686589e+00
-5.023632591076316878e+00,5.114803069449518347e+00,-2.420149520896722528e+00,4.781971213405562970e+00
-5.174385870503031448e+00,5.059687862124006230e+00,-2.393627371174881002e+00,4.723938050799210586e+00
-5.323972140831020994e+00,5.001789071769828787e+00,-2.368124234908900227e+00,4.649346817035810986e+00
-5.472359346559097837e+00,4.941258476858720883e+00,-2.342939078938118591e+00,4.560899695846235780e+00
-5.619529013101580261e+00,4.878383539165974447e+00,-2.318361548265010619e+00,4.467035013254698761e+00
-5.765408809759172470e+00,4.813177303759924364e+00,-2.292533532058163459e+00,4.357173947872291286e+00
-5.909129403573350814e+00,4.746219226583088258e+00,-2.256257552123696275e+00,4.242503783877114465e+00
-6.049199990422065021e+00,4.675007873984740492e+00,-2.212841961436557980e+00,4.127556112438473868e+00
-6.186263398953739667e+00,4.599872741291150646e+00,-2.170679074729866542e+00,4.025488311580139644e+00
-6.320079461383932617e+00,4.520636067047552942e+00,-2.128817970581911023e+00,3.951480469987735056e+00
-6.450547873707577651e+00,4.437307238217152339e+00,-2.087598668590631590e+00,3.891433858000622248e+00
-6.577428349541823316e+00,4.349887115077737398e+00,-2.046080169288920558e+00,3.836503223796336126e+00
-6.700570389310048114e+00,4.258415761179581871e+00,-2.004089355952070051e+00,3.783411107181527733e+00
-6.819786593914482609e+00,4.162956025581934227e+00,-1.961189764884710307e+00,3.730664151298433318e+00
-6.934819710467476916e+00,4.063529399294903754e+00,-1.917096293542231322e+00,3.677240145146481787e+00
-7.045474609216495487e+00,3.960187584393064064e+00,-1.871621419885723725e+00,3.622244148406915887e+00
-7.151458963053274331e+00,3.853009143338466558e+00,-1.824475727246398282e+00,3.565089569901205291e+00
-7.252523409727075432e+00,3.742076949203970937e+00,-1.775692475891246236e+00,3.505241228088849414e+00
-7.348445893348197089e+00,3.627550330386873245e+00,-1.725260095329500754e+00,3.441378273851480873e+00
-7.439018997033889136e+00,3.509715768044347595e+00,-1.673354681476862282e+00,3.372476935121794028e+00
-7.524262798021141840e+00,3.389001209087188382e+00,-1.621298929066791406e+00,3.298635274346276791e+00
-7.604270435888484059e+00,3.266369796212220233e+00,-1.571548559632035769e+00,3.222986970849328614e+00
-7.680030855864549366e+00,3.142438659791189082e+00,-1.528375627162266159e+00,3.144788378398683193e+00
-7.751694936389103674e+00,3.019898245863664510e+00,-1.492335174944108056e+00,3.064909785353160387e+00
-7.811213923147729332e+00,2.909055147308757583e+00,-1.448574759001266532e+00,2.984721215489873902e+00
-7.849374417513668156e+00,2.819502483000695392e+00,-1.384016057117508414e+00,2.908764889652707630e+00
-7.874988198391164040e+00,2.740883669343698870e+00,-1.320253469417588255e+00,2.839689920793122990e+00
-7.898514834517394334e+00,2.663745930325958966e+00,-1.273685681420660298e+00,2.778363080730406498e+00
-7.919088971953915035e+00,2.588969858226215059e+00,-1.237938166705001564e+00,2.724294226531941643e+00
-7.937394413410998162e+00,2.514492207263061108e+00,-1.210721413995593965e+00,2.676316628772842154e+00
-7.953650748157931716e+00,2.438998811756476925e+00,-1.188511620183774431e+00,2.633333641763246913e+00
-7.967816515706028113e+00,2.360923398018665686e+00,-1.169181933289220154e+00,2.594646202105872490e+00
-7.980076612624895205e+00,2.278642830675025266e+00,-1.151244226701488627e+00,2.559909731639488761e+00
-7.990094327956866138e+00,2.191390670648178496e+00,-1.132912347059484848e+00,2.529025333565903200e+00
-7.997399109131658079e+00,2.097575086921642296e+00,-1.113673598237681084e+00,2.501924446333267493e+00
-8.001229276620783537e+00,1.996337759151661118e+00,-1.091717031451959974e+00,2.478363057765401223e+00
-8.000395890128046972e+00,1.887414298077048302e+00,-1.064900123811265198e+00,2.459022449337230576e+00
-7.993118667887702422e+00,1.770517727659661755e+00,-1.032046288881893314e+00,2.446042655923405640e+00
-7.977983570112386680e+00,1.647477320588878413e+00,-9.907598846856664476e-01,2.442263454970010628e+00
-7.949472057819608750e+00,1.515793807112354674e+00,-9.509769842318538391e-01,2.449748900437663135e+00
-7.905215310740024037e+00,1.373096735006628322e+00,-9.249322416413594539e-01,2.468718085977353649e+00
-7.851270060183574984e+00,1.226592357538099698e+00,-9.015194445914282984e-01,2.499489012469772398e+00
-7.790707468253140533e+00,1.083305374056186654e+00,-8.693119396258420783e-01,2.540884115271248245e+00
-7.722469315883753183e+00,9.440374492670970952e-01,-8.319116188363813169e-01,2.590722373005421630e+00
-7.646525784511785773e+00,8.089463410338701976e-01,-7.920945410739891335e-01,2.645665573480724397e+00
-7.563367076232988317e+00,6.785574985703899387e-01,-7.509311644060209234e-01,2.704193711904965269e+00
-7.473519416389136083e+00,5.528982059354925482e-01,-7.102656266890691183e-01,2.764758213546119947e+00
-7.377626464116589844e+00,4.319087704498709712e-01,-6.716830174022405675e-01,2.827416212132923157e+00
-7.276320785567175875e+00,3.154157881912107442e-01,-6.367292471095876705e-01,2.892110854541525278e+00
-7.170239496155752512e+00,2.032067384368820839e-01,-6.058365902424953653e-01,2.958520440613619851e+00
-7.059947219107159277e+00,9.506148559807403586e-02,-5.788732542794894353e-01,3.026044695615330848e+00
-6.945964558443524339e+00,-9.327820705973266513e-03,-5.556502354442440783e-01,3.093831381430948824e+00
-6.828840310679896497e+00,-1.102734482742864230e-01,-5.359558870309824030e-01,3.160821911861111833e+00
-6.709055424616036767e+00,-2.082019218829262996e-01,-5.201866970752645480e-01,3.225842781675392956e+00
-6.587343683363664937e+00,-3.035790253404639927e-01,-5.081541245014029595e-01,3.287960607812479008e+00
-6.464095137318282447e+00,-3.968111483023317732e-01,-5.006298532420963010e-01,3.346330077769732902e+00
-6.342714061012262761e+00,-4.866221379404898073e-01,-4.820893498320738546e-01,3.400460739803813137e+00
-6.221064425747325544e+00,-5.695501069835886554e-01,-4.509915570027211995e-01,3.450426128457800168e+00
-6.095893508862054944e+00,-6.486055824231384825e-01,-4.271200625827188957e-01,3.496874689004519698e+00
-5.967878890470688091e+00,-7.254044611474879112e-01,-4.106537869517014050e-01,3.540888949686409326e+00
-5.837762492375980550e+00,-8.000694975116418028e-01,-3.972520010734229556e-01,3.583760931927892024e+00
-5.705567428186243184e+00,-8.730951040015000331e-01,-3.861095374527403479e-01,3.626523980306653350e+00
-5.571335139593360353e+00,-9.447949260343015965e-01,-3.764502427174269417e-01,3.670041396596587013e+00
-5.435129314881939955e+00,-1.015396644803177484e+00,-3.673872291138913226e-01,3.714643405633315520e+00
-5.296989815398634782e+00,-1.084934333995592137e+00,-3.581494581224529128e-01,3.760464425262334931e+00
-5.156911595299435547e+00,-1.153488767222847322e+00,-3.495713567554507017e-01,3.808039337716256689e+00
-5.014936147430015367e+00,-1.221119136367164515e+00,-3.416410223710550920e-01,3.856963110766567837e+00
-4.871098982720782899e+00,-1.287789711239858192e+00,-3.337134893688941673e-01,3.906965990943186640e+00
-4.725420244794538149e+00,-1.353538510684781926e+00,-3.258137002720435937e-01,3.957882417170938361e+00
-4.577969774579518258e+00,-1.418357576400687492e+00,-3.178620879035513047e-01,4.009559230741016833e+00
-4.428766840210561995e+00,-1.482252386314132586e+00,-3.098366497820349008e-01,4.061892932865133865e+00
-4.277863230295178454e+00,-1.545213463879607119e+00,-3.020015075344131272e-01,4.114902010289936740e+00
-4.125321187240863274e+00,-1.607252752451416633e+00,-2.942986650296492979e-01,4.168322436598995928e+00
-3.971163793686423027e+00,-1.668346328846920912e+00,-2.863509741146862408e-01,4.222115432200926222e+00
-3.815433369786407791e+00,-1.728426129806837075e+00,-2.779964989523867613e-01,4.276307825623794301e+00
-3.658171472517688372e+00,-1.787431983121576806e+00,-2.699693488817251907e-01,4.331870915104780728e+00
-3.499417941949182875e+00,-1.845115636397622438e+00,-2.619103142444336729e-01,4.389100188892026466e+00
-3.339145952388681504e+00,-1.901062389160063759e+00,-2.530238514445694586e-01,4.449240723518897767e+00
-3.177710053624076103e+00,-1.954605920535001928e+00,-2.451481217478611585e-01,4.513800846445257697e+00
-3.015137724154008492e+00,-2.005331456018168979e+00,-2.406554414956685872e-01,4.583968011289984545e+00
-2.861287577168277529e+00,-2.052245432389000257e+00,-2.631103127565339039e-01,4.658717504937375686e+00
-2.721184767905789670e+00,-2.100946551662705275e+00,-3.177485786970669079e-01,4.734001537472218857e+00
-2.584545097529934665e+00,-2.151821959352547609e+00,-3.791991952499905172e-01,4.803919815067981602e+00
-2.449608986013638745e+00,-2.203623428585813393e+00,-4.401742324449530730e-01,4.863972157179282441e+00
-2.317774013005020173e+00,-2.256078546606303803e+00,-4.996993959166158850e-01,4.909996769808995687e+00
-2.188603655006272852e+00,-2.309038645615763663e+00,-5.549077367976741337e-01,4.942397492329801523e+00
-2.061698622628869160e+00,-2.362432676249289099e+00,-6.043764605993710015e-01,4.961155732765647919e+00
-1.937392524963920337e+00,-2.415953864008174357e+00,-6.487419024498786158e-01,4.970443451992533568e+00
-1.815556595718214261e+00,-2.469793317628828255e+00,-6.889923140427570702e-01,4.971126030550541586e+00
-1.706812101958247840e+00,-2.520135585151828117e+00,-7.416720404583708737e-01,4.966142963663359389e+00
-1.611088485492557343e+00,-2.570513334523887750e+00,-8.044233435366128226e-01,4.959813284951764878e+00
-1.517495512595518736e+00,-2.623446341146467908e+00,-8.618575351749442337e-01,4.956127743960542453e+00
-1.413756483712723000e+00,-2.686868968421621151e+00,-8.964293016522159041e-01,4.956775502659418464e+00
-1.294200918654860644e+00,-2.759525745736729263e+00,-9.054552396049654339e-01,4.960863455859986892e+00
-1.173805764154411957e+00,-2.833038621939585333e+00,-9.146135124051766319e-01,4.965223094594161779e+00
-1.054903750273217256e+00,-2.907583623536450723e+00,-9.290293686813593244e-01,4.968082180372768164e+00
-9.364720654647369358e-01,-2.984281674573132648e+00,-9.472230012386561038e-01,4.968187867819915837e+00
-8.148608447746550354e-01,-3.066815703671814219e+00,-9.624504328720682178e-01,4.964458044945379456e+00
-6.880728544056626816e-01,-3.154725136721951984e+00,-9.709466293453734576e-01,4.957736772071478448e+00
-5.613976322208351633e-01,-3.244129132594498088e+00,-9.762904662325131433e-01,4.946336407002507762e+00
-4.359748774546687855e-01,-3.334662370617309080e+00,-9.741453549934087075e-01,4.931675575071878370e+00
-3.103567867446201944e-01,-3.427272221344821901e+00,-9.563592774713847167e-01,4.928031619157480669e+00
-1.826322779940312557e-01,-3.522427318948359698e+00,-9.118412611702599868e-01,4.943697297146779412e+00
-5.309372729144001823e-02,-3.618332312202170442e+00,-8.360744056843514294e-01,4.972743230204829779e+00
7.647043253763285975e-02,-3.713629090174059399e+00,-7.406032856766227024e-01,4.992261157187400045e+00
2.061868982231693792e-01,-3.808430291321776906e+00,-6.377453073649663740e-01,4.985215341229525698e+00
3.365181668954768668e-01,-3.902400514437637469e+00,-5.339224338716843654e-01,4.994378732986201719e+00
4.677603698280812239e-01,-3.994957626473592427e+00,-4.356894138762454904e-01,4.982417261707084322e+00
6.001503881418770447e-01,-4.085736299727237508e+00,-3.513981887452736763e-01,4.949023614927867243e+00
7.338444782241921871e-01,-4.174479505303871463e+00,-2.853475690984319524e-01,4.914717245556606606e+00
8.691055228105177832e-01,-4.260924971931679295e+00,-2.351958386234148657e-01,4.890986069377200707e+00
1.006067374202160636e+00,-4.344756109951006806e+00,-1.965493825425828067e-01,4.878427976044434899e+00
1.144787314033127501e+00,-4.425739986874603460e+00,-1.643970597448190518e-01,4.871224324899799285e+00
1.285428587320701865e+00,-4.503799124158483380e+00,-1.352038493652549800e-01,4.865564161124777520e+00
1.427990029182716114e+00,-4.578809275088879360e+00,-1.070868972639845151e-01,4.857482710867902398e+00
1.572430960282662937e+00,-4.650773089039653030e+00,-8.074489695381004140e-02,4.850742517337190307e+00
1.718759045911401273e+00,-4.719705103920837530e+00,-5.573444123511506199e-02,4.838823629866746856e+00
1.866862622973458841e+00,-4.785547928575059728e+00,-3.117440464676091150e-02,4.821311552975927839e+00
2.016861301428253483e+00,-4.848582302630383367e+00,-6.743891971258242357e-03,4.793634052088865616e+00
2.170362226129007865e+00,-4.909939860462960937e+00,1.984408477987276154e-02,4.757684141686038259e+00
2.328767342916862049e+00,-4.969587654065937166e+00,4.987568588673896297e-02,4.714557229926993998e+00
2.490079656493328741e+00,-5.025141177733329023e+00,8.221573483912125724e-02,4.656354977242807891e+00
2.652289460075978766e+00,-5.075975654480472166e+00,1.142394671243923687e-01,4.593291705182079632e+00
2.815553675826792279e+00,-5.122429696054186188e+00,1.451823814661359346e-01,4.535417309808068786e+00
2.979760466408376551e+00,-5.164481161742228821e+00,1.759983529154907633e-01,4.485157929964905144e+00
3.144881075231971579e+00,-5.201980860053949662e+00,2.071740087023712373e-01,4.446488130575324327e+00
3.310842259736981319e+00,-5.234780377815310359e+00,2.386441217818163762e-01,4.415453670458689750e+00
3.477567169071194897e+00,-5.262730545399545434e+00,2.703626719860616756e-01,4.390221088490672940e+00
3.644991177181105435e+00,-5.285725759363454124e+00,3.025926949809403799e-01,4.366633950370494510e+00
3.812987861909642007e+00,-5.303625595640020229e+00,3.353084845091940935e-01,4.345061729500100611e+00
3.981409984313203587e+00,-5.316353792076829343e+00,3.682582430243983573e-01,4.324583915280093116e+00
4.150114806483104601e+00,-5.323816000563065920e+00,4.014769852480529755e-01,4.304853350594900263e+00
4.318915077222726495e+00,-5.325953370426948830e+00,4.349484176188786466e-01,4.285218678748878851e+00
4.487624693667651599e+00,-5.322715063694475113e+00,4.686830974258745508e-01,4.265257602034863815e+00
4.656004043018063143e+00,-5.314123834780297706e+00,5.024129797775084283e-01,4.244577484983399707e+00
4.823755034572993594e+00,-5.300324515442008000e+00,5.356546533885098160e-01,4.222636215009606175e+00
4.990547929231238022e+00,-5.281687211065976939e+00,5.674700962643424162e-01,4.198377909145515119e+00
5.155743356561035995e+00,-5.258919349643345953e+00,5.971467643690498983e-01,4.170897778558866342e+00
5.319275660225163627e+00,-5.233122610305803946e+00,6.217496464359071329e-01,4.139530132941616536e+00
5.476971973678370631e+00,-5.205391769324270612e+00,6.473603785127617360e-01,4.103277060780580854e+00
5.619739373223882950e+00,-5.173368062233198117e+00,6.872629951885826927e-01,4.061637413180100076e+00
5.748613403350142370e+00,-5.136384272061413014e+00,7.331552680948166811e-01,4.014795866256565482e+00
5.869385751680581187e+00,-5.097731489716787578e+00,7.727355993539053447e-01,3.963637818369092347e+00
5.981813478397807415e+00,-5.058642312109808969e+00,8.072246483705108888e-01,3.909550407317701648e+00
6.086093631245202751e+00,-5.019789603509150488e+00,8.379616828571501141e-01,3.854068535804673790e+00
6.183069391751428334e+00,-4.981429452781044986e+00,8.654292049344910476e-01,3.798555815950338310e+00
6.273733955955941965e+00,-4.943667677270211058e+00,8.902085374824642017e-01,3.743896603945834567e+00
6.358684101347832573e+00,-4.906431073382747421e+00,9.132680807902499032e-01,3.690341791260928872e+00
6.439208757326033705e+00,-4.869375264285567440e+00,9.346801160239783801e-01,3.637556186377703504e+00
6.516425000318253780e+00,-4.832217121971416063e+00,9.549875451505231982e-01,3.585347866576639841e+00
6.591457079541129360e+00,-4.794360612011157485e+00,9.745020738836094321e-01,3.533003754564071119e+00
6.665697165209703456e+00,-4.755237985138617063e+00,9.937287928042635166e-01,3.480078558601142458e+00
6.740378649020468238e+00,-4.713978399998595137e+00,1.013080249773004038e+00,3.426159124491663821e+00
6.817384408353727387e+00,-4.669447250123930360e+00,1.032606108414705126e+00,3.371462854802765197e+00
6.898085064647715647e+00,-4.620670323484569408e+00,1.053090759109414298e+00,3.316185690850927070e+00
6.984634351364042537e+00,-4.565820489713733998e+00,1.074245329164731810e+00,3.260974691811866943e+00
7.079286709587108817e+00,-4.502919155948199581e+00,1.096580864616539364e+00,3.207295655087654129e+00
7.184156078095366382e+00,-4.429433875510552454e+00,1.120582780363493569e+00,3.157846659015703494e+00
7.301108140125812440e+00,-4.342019550336143396e+00,1.147363354766033350e+00,3.116649027855983523e+00
7.429717225828400551e+00,-4.236895953667805692e+00,1.179347461501962346e+00,3.088001275498601927e+00
7.565976942657020921e+00,-4.110680362477173055e+00,1.221970383504098701e+00,3.074533158089710838e+00
7.700846742473100193e+00,-3.960937797983456132e+00,1.276119383616037606e+00,3.082468813226865834e+00
7.824405539095208972e+00,-3.792249128358511356e+00,1.314890488000205249e+00,3.116234030406351163e+00
7.937424968653381541e+00,-3.624765292909770231e+00,1.311357720899427370e+00,3.174586231924587665e+00
8.044504515667860289e+00,-3.471196338767865708e+00,1.292544878832975197e+00,3.251747698943618925e+00
8.141662355975075371e+00,-3.325098328308904172e+00,1.291683348595153324e+00,3.339963078545325370e+00
8.227136027887112846e+00,-3.184324585801924457e+00,1.302509799476468721e+00,3.433776768789945866e+00
8.302653896354357244e+00,-3.049497292766137679e+00,1.316368510168913097e+00,3.528480561772904256e+00
8.370063274953540855e+00,-2.918808831647161206e+00,1.332325433628368971e+00,3.621281960645488684e+00
8.431047175595340448e+00,-2.791264721886617117e+00,1.349248387884940614e+00,3.710293270915977271e+00
8.486993815770658145e+00,-2.666059079298229939e+00,1.366371690596851263e+00,3.795293432924309318e+00
8.539045292849326785e+00,-2.542192678742295264e+00,1.382873636315953059e+00,3.877098027928064905e+00
8.588219794607283575e+00,-2.418137772093449378e+00,1.398739000307917424e+00,3.955903204710762289e+00
8.635087037656706599e+00,-2.293055037293346921e+00,1.413368310995380295e+00,4.031676282127722999e+00
8.679920495771057176e+00,-2.167293616023350022e+00,1.425410381888613909e+00,4.103610366733603243e+00
8.723597405988018139e+00,-2.039329970148056503e+00,1.437689146240435534e+00,4.170188456444145153e+00
8.764938195517389730e+00,-1.911332637409241197e+00,1.449616090913896871e+00,4.229736578726248197e+00
8.806051913035595646e+00,-1.781027001195321091e+00,1.467921910884641079e+00,4.281612030024866122e+00
8.849894772793838627e+00,-1.637524100766146518e+00,1.509677593859983569e+00,4.326873423127203466e+00
