0.000000000000000000e+00,-7.804056582992799918e-01,5.407177646297338658e-01,3.791512288008760834e+00,-1.754015747366989730e+00,2.041378261600716559e+00,1.999976030514227343e+00,-1.164660850769886902e-01,4.834663315723903843e+00
1.578398441577653633e-01,-7.607296909609752023e-01,6.252165433766005975e-01,3.786772783687842647e+00,-1.914858641879755963e+00,1.395002691799754890e+00,1.999935160988389971e+00,-1.924246109423986273e-01,4.990929878170847545e+00
3.156732289512507172e-01,-7.344684743924281278e-01,6.907106773919395870e-01,3.824826022731467656e+00,-1.999998876921119439e+00,6.484194406432977065e-01,-1.999764416346941243e+00,5.893307115121121376e-02,5.059421524330038444e+00
4.735007700749602755e-01,-7.013520740851686419e-01,7.479678287726836405e-01,3.740199427110588726e+00,-1.999998910834930976e+00,7.015578016372086001e-01,-1.999940294720390366e+00,8.792259691784731768e-02,4.849298203559660791e+00
6.313359408601937339e-01,-6.606525287241881150e-01,8.080885013056008370e-01,3.641506758860014070e+00,-1.999998707500192152e+00,7.978896030189623900e-01,-1.999942526960249545e+00,8.982945677172603227e-02,4.544625973780441974e+00
7.891656251032345137e-01,-6.112189792726002713e-01,8.693423476052773990e-01,3.524709157388429936e+00,-1.999999187977051118e+00,8.791011409434100754e-01,1.841590523290314252e+00,6.378437444999343620e-02,4.190953831684685049e+00
9.470004133077283281e-01,-5.507397575396610900e-01,9.279518582476961042e-01,3.542227750272267439e+00,-1.999999590297434127e+00,8.866412816399394936e-01,1.999974585123190041e+00,8.267978380125330651e-02,3.933075472483028356e+00
1.104840621716450366e+00,-4.771114632604939176e-01,9.814392204910091788e-01,3.554395708323657921e+00,-1.999999675119450426e+00,9.271476339445170467e-01,1.999990621148275860e+00,8.754090428516399236e-02,3.693679681462496589e+00
1.262681461522275228e+00,-3.905075500419583068e-01,1.029135032515444026e+00,3.552607324896122520e+00,-1.999999721158393085e+00,9.749292774623902202e-01,1.999995211415922514e+00,8.258661016207743955e-02,3.489248649242137290e+00
1.420518228414948236e+00,-2.922173033538111309e-01,1.069546266169456583e+00,3.536028004789944834e+00,-1.999999740276744209e+00,1.004836313451888508e+00,1.999997141188349703e+00,8.281948244231963907e-02,3.337228633332491867e+00
1.578359492907691175e+00,-1.849479835353225465e-01,1.100969156170208629e+00,3.502884399627810286e+00,-1.999999761622544225e+00,1.027660180753511288e+00,1.999998101399041106e+00,8.129340076259698733e-02,3.250822707732559103e+00
1.736119677055532495e+00,-7.288393200820558748e-02,1.121994286554427678e+00,3.454367434323866615e+00,-1.999999749286430983e+00,1.038942078151044113e+00,1.999998628645870635e+00,8.844740629602643178e-02,3.237325998410064187e+00
1.893929269320524078e+00,3.907637806890466858e-02,1.132486442325362219e+00,3.391219477503722324e+00,-1.999999796173416833e+00,1.065199087941456346e+00,1.999998936847015019e+00,7.926692929529018106e-02,3.292517545009056690e+00
2.051709477387540836e+00,1.464362546218387628e-01,1.132703238878632446e+00,3.321184828620118434e+00,-1.999999754146057462e+00,1.065267316264809860e+00,1.999999126755411583e+00,7.209979312685096953e-02,3.406573192105378123e+00
2.209509697694257646e+00,2.461073469869520525e-01,1.123265851794097880e+00,3.250088744938159913e+00,-1.999999752123312380e+00,1.048519051532965429e+00,1.999999250830396758e+00,6.708451489502877119e-02,3.564013685630460504e+00
2.367281937511195533e+00,3.364615704267233665e-01,1.105690960993770622e+00,3.181852814849352562e+00,-1.999999778073204615e+00,1.024518410055702100e+00,1.999999335886397445e+00,5.733331730797497361e-02,3.746896174324933160e+00
2.525053648535680040e+00,4.170750298730493411e-01,1.081480906246283347e+00,3.119937833590802345e+00,-1.999999703559368180e+00,9.851899220124304968e-01,1.999999397758134290e+00,5.408901180175806900e-02,3.941460907007648284e+00
2.682826593173742058e+00,4.882418048540056454e-01,1.052046983326425211e+00,3.064404788957196146e+00,-1.999999788728185512e+00,9.485150140332053725e-01,1.999999444689508410e+00,4.489122629753145716e-02,4.137576987629195457e+00
2.840598310788523317e+00,5.505117212304634355e-01,1.018385579768261495e+00,3.016202261697962683e+00,-1.999999656768973733e+00,9.025259396046648730e-01,1.999999481968376180e+00,4.354567879520570423e-02,4.329613182662611415e+00
2.998365782695653792e+00,6.045299512315154278e-01,9.813061411508758880e-01,2.973818085988312099e+00,-1.999999807913058758e+00,8.650831408880558238e-01,1.999999512589910378e+00,3.408887952550487821e-02,4.511586256639028569e+00
3.156136732688610280e+00,6.508944737798382230e-01,9.413699213098325469e-01,2.937744439669494056e+00,-1.999999746928847522e+00,8.194905538978899395e-01,1.999999538522966303e+00,2.536584402777995392e-02,4.679126983480342616e+00
3.313922521897811890e+00,6.901785784213264607e-01,8.988339530479436679e-01,2.907768927586961372e+00,-1.999998961985942847e+00,7.676894152673915395e-01,1.999999562570709433e+00,3.257448949016651663e-02,4.828145734572755643e+00
3.471693240198370223e+00,7.228756518992521807e-01,8.544540044378374777e-01,2.881015693872425398e+00,-1.999999616652534895e+00,7.391996210255178390e-01,1.999999585879497221e+00,4.270111159195107142e-02,4.952107789443758179e+00
3.629467839254204797e+00,7.493886967612836125e-01,8.093454207286066016e-01,2.855389485201944133e+00,-1.999999876755775619e+00,7.353971515162724959e-01,1.999999607569215243e+00,3.597386003790659786e-02,5.046196442029092566e+00
3.787241177560768168e+00,7.700793277700161976e-01,7.640058034412715582e-01,2.832079909833283171e+00,-1.999503472791040348e+00,7.252193564246556257e-01,1.999999628798860840e+00,4.566805794865105156e-02,5.111747497586708988e+00
3.945015394690555510e+00,7.852875220349886387e-01,7.188550307137295814e-01,2.808597257738980169e+00,-1.999999775711979400e+00,7.339171041303401699e-01,1.999999649928457135e+00,4.909178999572230001e-02,5.150592915537345107e+00
4.102807214907126188e+00,7.951992489649835072e-01,6.743112870410894466e-01,2.784700431778518670e+00,-1.999998762994672274e+00,7.500756410448422562e-01,1.999999670826879683e+00,6.019314988412671763e-02,5.163802686121922392e+00
4.260585671994953749e+00,8.000000038696724047e-01,6.307511282658825325e-01,2.758561803732622053e+00,-1.999999897672163796e+00,7.835391551178549907e-01,1.999999685426919083e+00,5.309579019846338843e-02,5.150964367092255358e+00
4.418364913718290765e+00,7.998024348945302897e-01,5.881902762037590771e-01,2.731937801257322107e+00,-1.999999927773746355e+00,8.040734013659496249e-01,1.999999692584106148e+00,2.166134832577113270e-02,5.111870888388204470e+00
4.576147343322695349e+00,7.946937182507032293e-01,5.456446796513565456e-01,2.709371621394032648e+00,-1.997384477214587450e+00,7.733503456524142283e-01,1.999999699214918714e+00,-1.451123458276045494e-03,5.044338573314482765e+00
4.733928721278660490e+00,7.847522023896379428e-01,5.019900794295910629e-01,2.692558566214813265e+00,-1.987099828951258473e+00,7.075218903373923229e-01,1.999999707437957630e+00,-2.115799067952307475e-02,4.940130709449246815e+00
4.891682709510733140e+00,7.700246755395774301e-01,4.566579403059640718e-01,2.683424805172864858e+00,-1.965551199510052527e+00,6.123272215407246089e-01,1.999999717333351690e+00,-3.582561227325098407e-02,4.796632759022950943e+00
5.049455387880246171e+00,7.505444335418951507e-01,4.094338526158563529e-01,2.683628811452540397e+00,-1.929482220201428788e+00,4.958449553945399324e-01,1.999999728546915989e+00,-4.417358917349622355e-02,4.618797036642987131e+00
5.207254444022550999e+00,7.263748199751515200e-01,3.603972841131319882e-01,2.694350329072962236e+00,-1.876329155206935217e+00,3.690258424551921546e-01,1.999999740317204955e+00,-4.546226732816775751e-02,4.419010777246438870e+00
5.365044117906551335e+00,6.976671567050002354e-01,3.098897416988311004e-01,2.715936183604025889e+00,-1.804857340064120574e+00,2.459911049093800040e-01,1.999999751715169749e+00,-3.969055232463600258e-02,4.213343801314838544e+00
5.522840649826602721e+00,6.647064735778883682e-01,2.585753491568036910e-01,2.747515864831947763e+00,-1.715948017388872371e+00,1.433255807192111153e-01,1.999999761928844322e+00,-2.774632336194704160e-02,4.016785943655822422e+00
5.680641818473985971e+00,6.279171813744975905e-01,2.075672082373340166e-01,2.786847032982061378e+00,-1.613223001335645002e+00,7.762152816750401974e-02,1.999999770443606106e+00,-1.141167121713917119e-02,3.839999331594399212e+00
5.838445955779847374e+00,5.878212963523696821e-01,1.584977800800521641e-01,2.830647853668270209e+00,-1.503050537322579761e+00,6.132720288344242765e-02,1.999999777072349660e+00,6.867121994193591504e-03,3.688429328229482440e+00
5.996258817961015453e+00,5.449719083746837889e-01,1.133945134721976861e-01,2.875413638888772994e+00,-1.392102793037261810e+00,1.009817636492560122e-01,1.999999781880158478e+00,2.452897418349108891e-02,3.563035689214895552e+00
6.154077893517587938e+00,4.999623536446329286e-01,7.442995780170258424e-02,2.918211890828879440e+00,-1.288164334087603224e+00,1.893232472582994930e-01,1.999999785017126719e+00,3.880624568724899692e-02,3.462588022121919629e+00
6.311904830467372385e+00,4.533864403290923106e-01,4.328891934636291960e-02,2.957562466688307357e+00,-1.201342744555251141e+00,2.988181953572578986e-01,1.999999786606716956e+00,4.726023427065764726e-02,3.385056923968211340e+00
6.469725159625647315e+00,4.056619969892598099e-01,2.028254942146900594e-02,2.993976295070743365e+00,-1.132971033080631074e+00,4.086838624239137463e-01,1.999999786732697515e+00,5.012948447404399349e-02,3.327521276738023559e+00
6.627547880113612955e+00,3.572182613369166426e-01,4.779406118939879579e-03,3.028681736548198611e+00,-1.082791767095613755e+00,4.976537508975455437e-01,1.999999785399773966e+00,4.846051200037593265e-02,3.287337696637361528e+00
6.785377436475526380e+00,3.084292306025682717e-01,-4.718071569909133671e-03,3.063288662300220455e+00,-1.044761490891160660e+00,5.596486455142343219e-01,1.999999782567896123e+00,4.432609059754559488e-02,3.262021605765840437e+00
6.943207810967632732e+00,2.597431219799457569e-01,-9.816191273646473689e-03,3.099072164271075014e+00,-1.016427924152651485e+00,5.863806520574108561e-01,1.999999778178372933e+00,3.868495020409630503e-02,3.249451995772317581e+00
7.101042299022537918e+00,2.114862861957533258e-01,-1.237068242979007422e-02,3.137315030692283901e+00,-9.942204959141476284e-01,5.799437327696577160e-01,1.999999772178197244e+00,3.277730086715078400e-02,3.247669529034923119e+00
7.258876298019341533e+00,1.638651587032953216e-01,-1.400476311077477644e-02,3.178930839986690682e+00,-9.748157108213552080e-01,5.504149208624760092e-01,1.999999764530225654e+00,2.776038351552305092e-02,3.254922317361352402e+00
7.416713222380853843e+00,1.169807760168305177e-01,-1.577427301108060356e-02,3.224231001227745974e+00,-9.537355640852138716e-01,5.151685455116611356e-01,1.999999755203432983e+00,2.438604026191639601e-02,3.269707415872382672e+00
7.574545562948100219e+00,7.096069908230223655e-02,-1.791859814650542670e-02,3.272816231425525135e+00,-9.338206444711834031e-01,4.754590445827073242e-01,1.999999744161518267e+00,2.193969720431869150e-02,3.290753084191867295e+00
7.732380267658629514e+00,2.574363029761658761e-02,-2.066320873495942206e-02,3.324328459248810042e+00,-9.103509486655981808e-01,4.484938962483648317e-01,1.999999731334093367e+00,2.063028741026293189e-02,3.317012600191591609e+00
7.890221187521259338e+00,-1.856996722838593489e-02,-2.351190072099657025e-02,3.377894853768115713e+00,-8.920597900394140467e-01,4.160413669876408260e-01,1.999999716628130253e+00,1.863659901751074308e-02,3.347547732695050904e+00
8.048057892213485331e+00,-6.221558715511386894e-02,-2.685473792293932224e-02,3.433477758378139733e+00,-8.718483167213280094e-01,3.960583118813317816e-01,1.999999699887339943e+00,1.727960965263875340e-02,3.381623676076430662e+00
8.205895025926608355e+00,-1.051765479883853549e-01,-3.023389747571873787e-02,3.490369207528718043e+00,-8.562453484872830645e-01,3.723473076315402253e-01,1.999999680925922618e+00,1.532688052573579277e-02,3.418519157847583312e+00
8.363735305195326930e+00,-1.476646924453388909e-01,-3.393428813609432326e-02,3.548532245062672175e+00,-8.396764381988982562e-01,3.567825721901065061e-01,1.999999659473460367e+00,1.384195339211536854e-02,3.457734294580102841e+00
8.521576089830388057e+00,-1.896928357431020840e-01,-3.766834288365925043e-02,3.607495724002734327e+00,-8.255278720012600990e-01,3.386262191727288373e-01,1.999999635201643811e+00,1.192042923747627797e-02,3.498760855898417788e+00
8.679417451247477544e+00,-2.313832130074645888e-01,-4.163995197162792539e-02,3.667243409306628177e+00,-8.153849020079121379e-01,3.131381954456181060e-01,1.999999607689333825e+00,1.008475835057806753e-02,3.541110166356423061e+00
8.837259335114033831e+00,-2.729558388568348870e-01,-4.615968591866243670e-02,3.727822354510297753e+00,-8.062235052832430471e-01,2.909771522972211533e-01,1.999999576375230514e+00,9.907088985277296908e-03,3.584523204060143353e+00
8.995096956256858789e+00,-3.145418969768351003e-01,-5.096076046642077778e-02,3.788823561076291035e+00,-7.947361016637781717e-01,2.848885512576983525e-01,1.999999540471049331e+00,1.172507391006751172e-02,3.629279992500908048e+00
9.152936507953931766e+00,-3.560809432978176425e-01,-5.523094794413527242e-02,3.849554571758666555e+00,-7.885280747014451475e-01,2.809241078408942216e-01,1.999999498864461600e+00,1.403842502965393056e-02,3.676237021324267218e+00
9.310778981885945882e+00,-3.976758050101314446e-01,-5.870567297036137500e-02,3.909983117429765453e+00,-7.860900216714894473e-01,2.875134030335904645e-01,1.999999449800586415e+00,1.715802417995962795e-02,3.728072080658276555e+00
9.468622264040330805e+00,-4.392666194679038516e-01,-6.058888264776490090e-02,3.970005362402679872e+00,-7.887856293599460056e-01,3.056032096492097283e-01,1.999999390633993013e+00,2.011776832215051922e-02,3.789545365581035163e+00
9.626463299027795628e+00,-4.806408030763971717e-01,-5.988627334057169266e-02,4.029823461624472358e+00,-7.985236518008468343e-01,3.305049136800993215e-01,1.999999317528420084e+00,2.138590865321784301e-02,3.867374046727122039e+00
9.784304555741982767e+00,-5.214118578718066610e-01,-5.566309379312184974e-02,4.090103769454980664e+00,-8.107206306393018869e-01,3.646600501218576484e-01,1.999999225200171482e+00,1.898491102593065707e-02,3.969431437546584007e+00
9.942150251549977114e+00,-5.608042201398752979e-01,-4.693384235707206281e-02,4.151742365317241834e+00,-8.263931983802303982e-01,3.838350533499777506e-01,1.999999106996536824e+00,8.660580023991365506e-03,4.102050712819375278e+00
1.009999350767617088e+01,-5.979525890647404696e-01,-3.391270375255729663e-02,4.216514202321300253e+00,-8.527622489341163403e-01,3.382444405336477167e-01,1.999998955083158725e+00,-1.291460510981444487e-02,4.267212940049311953e+00
1.025783606785904745e+01,-6.323999314933300697e-01,-1.882262024591984176e-02,4.287198458211961771e+00,-8.647153461827834509e-01,2.497849322377883319e-01,1.999998760423040478e+00,-4.458537869850149465e-02,4.461638527704093526e+00
1.041566426524147460e+01,-6.633158172027046051e-01,-3.249575643723891672e-03,4.365092225022712213e+00,-8.746662625152665793e-01,4.320650771927292411e-02,1.999998512740201573e+00,-8.917591498636623371e-02,4.674218253106253051e+00
1.057350347943974711e+01,-6.907553260003667095e-01,8.547108070817578673e-03,4.452335139911100192e+00,-8.473054532345944967e-01,-2.379852216311567625e-01,1.999998198131986760e+00,-1.408353500935143610e-01,4.890167447794746991e+00
1.073133706317985769e+01,-7.143997824782931660e-01,1.395186664955338531e-02,4.547766326461883502e+00,-8.026314732292341159e-01,-6.809488033280237662e-01,1.999997793099770327e+00,-1.973448576156815182e-01,5.094248350320444096e+00
1.088916931738454252e+01,-7.350175149973616762e-01,8.034841280079627057e-03,4.650508130633378201e+00,-7.013208308095099097e-01,-1.205666240257666111e+00,1.999997251770232021e+00,-2.445791085552791733e-01,5.276727089261322945e+00
1.104700447191966362e+01,-7.528687948423471443e-01,-1.098987073365133987e-02,4.754825816481201173e+00,-5.290526017605327036e-01,-1.736079412085416829e+00,1.999996477624969682e+00,-2.755579367550257675e-01,5.434768999949382895e+00
1.120483906410020936e+01,-7.680664381905955018e-01,-4.252876773954918782e-02,4.851618511783090781e+00,-2.696510182903495423e-01,-2.179067826533838570e+00,1.999995251564212317e+00,-2.867559456075721158e-01,5.572881455266006867e+00
1.136267225895295852e+01,-7.802108258644395722e-01,-8.344288479417615034e-02,4.929679474033971331e+00,4.138194624772290747e-02,-2.620660544979777296e+00,1.999992993148038245e+00,-2.808383709007913898e-01,5.696266346510882705e+00
1.152050649146960382e+01,-7.894558341986439576e-01,-1.330014789640106276e-01,4.980860286050360131e+00,3.920733277892027857e-01,-3.004938768806767246e+00,1.999987559949843119e+00,-2.470905060710917034e-01,5.809752332487250648e+00
1.167833735174868970e+01,-7.961063099962859546e-01,-1.887606816180833480e-01,4.999999755237937826e+00,7.839494905674728731e-01,-3.251565090985307105e+00,1.999991291228555124e+00,-2.500280917115922652e-02,5.920114570840048884e+00
1.183617038070603300e+01,-7.997183224547439462e-01,-2.404664504108427192e-01,4.999999159449783903e+00,1.185156358284629619e+00,-2.853669268052552610e+00,1.999989300347913002e+00,5.031875376000648215e-02,6.041508130041738589e+00
1.199400248571754801e+01,-7.999999756696507536e-01,-2.781465625428525268e-01,4.989203568033420133e+00,1.532367549156326447e+00,-2.296353207691399945e+00,1.999978262125174933e+00,1.217300348227128293e-01,6.154743914348691725e+00
1.215182945968079054e+01,-7.966336736605451607e-01,-2.988236584164998266e-01,4.985518508812126548e+00,1.802469662746395418e+00,-1.634934725866741712e+00,1.814592838480733494e+00,5.235801010049176973e-01,6.246362175696160257e+00
1.230965758393391951e+01,-7.887396796975824076e-01,-2.898536174342373206e-01,4.999999483453656524e+00,1.992696330055853338e+00,-4.734086623271589744e-02,-1.033035564053705890e+00,4.146905948523533364e-02,6.292912486174508047e+00
1.246748573893937007e+01,-7.759572850352001172e-01,-2.600343094222380413e-01,4.999999489223090343e+00,1.999999038702709564e+00,2.864041470209870502e-02,-1.111713421719538575e+00,3.816522543374310100e-02,6.203841988340281333e+00
1.262531513582266918e+01,-7.588392679382754968e-01,-2.299756917896774999e-01,4.999999503964907888e+00,1.999998696622689254e+00,1.870290769079558865e-02,-1.035384869049460699e+00,4.393350906400711464e-02,6.066497242631499809e+00
1.278314656896915480e+01,-7.373466701590561945e-01,-2.025899628175271971e-01,4.999999520120104179e+00,1.999998734896786923e+00,-1.132708843146825774e-02,-8.440092214040141316e-01,3.965822637629008718e-02,5.896316437034556657e+00
1.294097618752468470e+01,-7.116582941427347375e-01,-1.798416906609789645e-01,4.999999537790928095e+00,1.999998759711396179e+00,-4.552326737574789728e-02,-6.167593598226077667e-01,3.513923721882463574e-02,5.714803305502869968e+00
1.309881001642328791e+01,-6.822467221158875494e-01,-1.627512382434255500e-01,4.999999555136421137e+00,1.999998784711430000e+00,-5.302474886726634556e-02,-3.238354636879504644e-01,8.646070795390195171e-03,5.544887797031294419e+00
1.325665828207898045e+01,-6.498890039248298445e-01,-1.518540818004409654e-01,4.999999570345212696e+00,1.999998804100268979e+00,-6.685145628810267027e-02,1.293332383683579445e-01,-4.748997041720080109e-02,5.404528322738481272e+00
1.341450212660527619e+01,-6.156088722796181356e-01,-1.482313093569599671e-01,4.999999583666718372e+00,1.999999331077429998e+00,-2.189604656292189755e-01,-8.121971705229913407e-01,5.235946316829138691e-01,5.304207771799464233e+00
1.357234801495493137e+01,-5.787828876862137761e-01,-1.266588715135474608e-01,4.999999514212620788e+00,1.988113902243730635e+00,1.350853392340696457e+00,-1.999905837370933082e+00,-3.809010349399099549e-01,5.210743962259494211e+00
1.373019021600012124e+01,-5.400649297410398120e-01,-9.706197274913969109e-02,4.948957358496537395e+00,1.782608272792945980e+00,4.847231693659156959e-01,-1.999987996576720217e+00,5.235968690293181238e-01,5.062436997432497421e+00
1.388803479915067740e+01,-4.998289906288516660e-01,-5.786487508988230610e-02,4.934925792983127835e+00,1.647188935386367348e+00,1.983193425161995815e+00,-1.999993812974590002e+00,5.235976480008852629e-01,4.970594863561085930e+00
1.404588209699039858e+01,-4.567188384312300120e-01,2.543307120845609420e-02,4.971776054316961790e+00,1.275298976100589066e+00,3.293606106180648752e+00,-1.999995932151966693e+00,5.235981103701530248e-01,4.883507970232051854e+00
1.420372758606998786e+01,-4.110539350054028818e-01,1.483304593698496210e-01,4.999999948858955712e+00,6.927019995257006624e-01,4.368882382382731855e+00,-3.874079974082970113e-01,5.235959511311885084e-01,4.791736359357845920e+00
1.436157186520450324e+01,-3.631596109385888949e-01,3.035217918619441679e-01,4.999999965241280542e+00,-1.122918323453919037e-02,5.267535754443342100e+00,1.999996873204675785e+00,1.214143676351044955e-02,4.728593491520749481e+00
1.451941480371977100e+01,-3.133383206674860699e-01,4.572742312336268711e-01,4.999999914901224862e+00,-7.939178707708508531e-01,4.322115242134471735e+00,1.999997957120019487e+00,-1.360997508529638578e-01,4.793677517168335456e+00
1.467725981667522639e+01,-2.632578999289576505e-01,5.732592380232791607e-01,4.931701470351579353e+00,-1.370665206937596414e+00,3.137378923310013334e+00,1.999997575223969593e+00,-2.041690068268278424e-01,4.845104718658028276e+00
1.483510419219275711e+01,-2.123485282131788721e-01,6.499031935729906451e-01,4.867854192035374616e+00,-1.737970465105250328e+00,1.954994851775757159e+00,1.999997075141345837e+00,-2.131355532779256323e-01,4.885715233760819842e+00
1.499294903194657458e+01,-1.603310974839478042e-01,6.902620046642033991e-01,4.847170214294163060e+00,-1.936307523148239396e+00,9.866796231193052380e-01,1.999996384022892704e+00,-1.539807984604198987e-01,4.929565720974416365e+00
1.515079552526056084e+01,-1.075818114554311228e-01,7.036154040530583353e-01,4.868649142201118885e+00,-1.999991693254760561e+00,4.728754549293134324e-01,1.999995353709477897e+00,-3.384583373001892603e-02,4.969759607009652136e+00
1.530863941851100662e+01,-5.418262909711641512e-02,7.052950024868616108e-01,4.899658608898564971e+00,-1.999999148814236349e+00,4.209607195816986169e-01,1.999993604702145378e+00,-2.341270189204261443e-02,5.003023602533247960e+00
1.546648138364089142e+01,-5.920520552927040388e-04,7.025475498982789446e-01,4.928506341958455828e+00,-1.999964453470896020e+00,3.700324394596957167e-01,1.999990021524156392e+00,-2.442468601010239215e-02,5.053397281368065208e+00
1.562431973508963345e+01,5.218971000001976224e-02,6.944709498176357965e-01,4.956399078112807111e+00,-1.999994808035893357e+00,2.874135546696533483e-01,1.999979174821316263e+00,-3.367011932504641262e-03,5.124744922838439187e+00
1.578214310980001045e+01,1.031460013641906509e-01,6.811098172470264611e-01,4.981670366106849990e+00,-1.999997587534844801e+00,2.381064914808062871e-01,1.931813899731449791e+00,2.254993127031201805e-02,5.213690387677575977e+00
1.593997106120957774e+01,1.513132638309510891e-01,6.639571031250113275e-01,4.999999365711318866e+00,-1.999997814639914440e+00,2.523930850111304469e-01,1.412912132262396758e+00,1.769810852103251980e-02,5.309287852261297402e+00
1.609780420846664839e+01,1.959466470935823934e-01,6.442877743995341078e-01,4.999999328816382871e+00,-1.999999140018698496e+00,2.656605251508953880e-01,1.335021334730650322e+00,-1.446999338021896959e-02,5.393122330128317543e+00
1.625563363660890204e+01,2.366574364694411514e-01,6.219323710457366206e-01,4.999999304462420469e+00,-1.999999071621390234e+00,2.001266903260537633e-01,1.338866403880950795e+00,6.429065199993713731e-03,5.473117618824094421e+00
1.641346420708794795e+01,2.733701595992227840e-01,5.977536841619519592e-01,4.999999276111901203e+00,-1.999999093329975386e+00,1.733133215578460118e-01,1.411622996105789341e+00,3.266971918756989002e-02,5.542236265403247764e+00
1.657129241472300407e+01,3.060757530905970913e-01,5.739025670864509321e-01,4.999999242806739019e+00,-1.999999104828409369e+00,2.110413302661735824e-01,1.281313635942225693e+00,-1.578524544849039786e-03,5.593845977314300555e+00
1.672912063245719949e+01,3.349448740438858430e-01,5.508774044701575390e-01,4.999999217764631965e+00,-1.999999120928228846e+00,1.800833101584991547e-01,1.194832465233797825e+00,4.001917847825582110e-03,5.626208800236405239e+00
1.688695025496055635e+01,3.603695788323902360e-01,5.289815136923906591e-01,4.999999194591490337e+00,-1.999999139600894482e+00,1.553030438405360314e-01,1.117876912605673567e+00,1.252321719327136214e-02,5.640661688084096959e+00
1.704478292046537291e+01,3.826621670115257778e-01,5.090027256140944312e-01,4.999999170610914589e+00,-1.999999160098067774e+00,1.473426648179709531e-01,1.012001942306460345e+00,1.010641816811657691e-02,5.640605965354763995e+00
1.720262938423008592e+01,4.021619166070028450e-01,4.912549349863555292e-01,4.999999146529074956e+00,-1.999999181798609360e+00,1.341523642596198218e-01,9.621518417984488147e-01,2.088518438602328040e-02,5.631586636275142332e+00
1.736046998658444451e+01,4.192448326312423479e-01,4.759958862455195283e-01,4.999999130236806977e+00,-1.999999202354507233e+00,1.465111806616416490e-01,4.910747696462078316e-01,-7.206507360293602782e-02,5.619249648142901066e+00
1.751831324383365285e+01,4.340165146117992978e-01,4.597997649993165736e-01,4.999998418455387394e+00,-1.999999338850178665e+00,-8.175390923858434633e-02,-1.999928071386596118e+00,2.539254810266764473e-01,5.609354784624787094e+00
1.767615416437362796e+01,4.465308802958091738e-01,4.486511727588148313e-01,4.895422325051905332e+00,-1.976151242566939636e+00,3.702361364053904369e-01,-1.999976420066049698e+00,-1.363958952198920938e-01,5.491999605369208837e+00
1.783399548897952513e+01,4.565407375701185932e-01,4.386380755535113085e-01,4.821975087085499823e+00,-1.999999272259936012e+00,-8.040003390210256895e-02,-1.999986087923612654e+00,5.235958069427563144e-01,5.428349433562162929e+00
1.799183935235225462e+01,4.641384210314680736e-01,4.315332784826057533e-01,4.676154192060254289e+00,-1.972258372643981517e+00,4.870929707994429148e-01,-1.999989764902859513e+00,-2.310528840784930038e-01,5.275098832671324622e+00
1.814968180758339855e+01,4.692147048304052270e-01,4.214670686376541520e-01,4.605540140751947398e+00,-1.999999587495775666e+00,-2.947610736480288929e-01,-1.999992244856406032e+00,5.235971596625387248e-01,5.218001695473284407e+00
1.830752232617233233e+01,4.718939819566905780e-01,4.091598767963639527e-01,4.466679529362884260e+00,-1.935693337021685778e+00,2.934000045237414311e-01,-1.999993430155895702e+00,5.235974122352866633e-01,5.056603143376329434e+00
1.846536496035796659e+01,4.729847361791402194e-01,4.152314935071610980e-01,4.290045451853192304e+00,-1.942939893036732535e+00,8.302390967594511784e-01,-1.999993824354300509e+00,-1.687895348683953745e-01,4.889234851236341939e+00
1.862320750393788771e+01,4.721569548075698064e-01,4.194945203920658061e-01,4.190706096428773009e+00,-1.999999707024397111e+00,1.646259753422108230e-01,-1.999994283827023933e+00,5.235975960207068791e-01,4.816967831414486589e+00
1.878105137692154614e+01,4.694914181382546792e-01,4.221384449650121828e-01,4.012892060021281182e+00,-1.975012932692181256e+00,6.717043811112277663e-01,-1.999994370798868548e+00,-6.367579591364899705e-02,4.636383999075390783e+00
1.893889511915230273e+01,4.654267146192260229e-01,4.283434310699307801e-01,3.902865697398183009e+00,-1.999999649659766732e+00,3.489852692748969809e-01,-1.999994276839303975e+00,5.235976603095127135e-01,4.543544605121282665e+00
1.909673845965695094e+01,4.600566976813293962e-01,4.378065940706025172e-01,3.702479044298498057e+00,-1.979476633445592881e+00,8.093961115330594591e-01,-1.999993420988274373e+00,-6.289057534193587609e-03,4.349737181084635473e+00
1.925457844417674380e+01,4.537665378546457129e-01,4.527091206083658781e-01,3.565541476827316814e+00,-1.999999708305637114e+00,6.209936786305843004e-01,-1.999991272758612659e+00,5.235972197185658761e-01,4.239874979400343413e+00
1.941241843242822540e+01,4.466459365832038397e-01,4.721315158903548470e-01,3.331219418016080347e+00,-1.989750228439870483e+00,9.996296347264664872e-01,-1.999977242612673622e+00,8.568875053540592202e-02,4.032720269069702823e+00
1.957026488964968536e+01,4.389492660821858183e-01,4.993383347005442841e-01,3.147593915647374452e+00,-1.999999646983985579e+00,9.960812245723174030e-01,1.999981860683395007e+00,8.348169437552306615e-02,3.891384396973937676e+00
1.972810929973897132e+01,4.330588024571356831e-01,5.253699816528641930e-01,3.124896667247220705e+00,-1.999999790628521179e+00,9.872099372363021264e-01,1.999993850755118929e+00,6.547376693431260219e-02,3.897948988981998042e+00
1.988594961520657378e+01,4.304671755326006655e-01,5.480104494019020223e-01,3.105501890053571579e+00,-1.999999744914218613e+00,9.403260114159526228e-01,1.999996336262289898e+00,1.095971178679940594e-01,3.910236889873823785e+00
2.004378797962834469e+01,4.306999228224527299e-01,5.682316015094617256e-01,3.077470641763744741e+00,-1.999999831918860105e+00,9.880523212524339183e-01,1.999997414646448757e+00,9.284796657754219862e-02,3.915637975055270115e+00
2.020161358680221042e+01,4.331393983304216433e-01,5.869090490977367791e-01,3.047925817788350589e+00,-1.999999734474189328e+00,9.983306486470073793e-01,1.999998018014478740e+00,9.883024319412125891e-02,3.917870680108758830e+00
2.035944544404977563e+01,4.375215837745864977e-01,6.038423677703522729e-01,3.014584050780264146e+00,-1.999999824325754849e+00,1.024235801306599747e+00,1.999998404514896411e+00,7.675958558216375294e-02,3.912573897686506541e+00
2.051727480689138616e+01,4.435115248924625386e-01,6.189399657873816407e-01,2.983171951202430172e+00,-1.999999578439489500e+00,1.008436354659390188e+00,1.999998677341789710e+00,9.019689577031002325e-02,3.903610763920538851e+00
2.067510665892076460e+01,4.509336565984912726e-01,6.327913161738479841e-01,2.948962775514065271e+00,-1.999999777688253877e+00,1.025517638007813925e+00,1.999998884049704273e+00,9.421982170592636818e-02,3.886913886745000379e+00
2.083293757923996736e+01,4.595849859175576424e-01,6.468641723750471195e-01,2.912067807250331875e+00,-1.999999574036774197e+00,1.049143965889691055e+00,1.999999046646364409e+00,1.134936616043429880e-01,3.863594992299523856e+00
2.099076626665013734e+01,4.694793212584125186e-01,6.625518654356979953e-01,2.868668274031232368e+00,-1.999999886466382826e+00,1.107059135086972512e+00,1.999999171265873565e+00,8.704549420067535237e-02,3.831897585547376028e+00
2.114859806048661284e+01,4.807146283573028867e-01,6.796724327895490303e-01,2.827097596989371908e+00,-1.999994860035316124e+00,1.109324854686466910e+00,1.999999272053525123e+00,9.268598851880488487e-02,3.800772524341955005e+00
2.130643164556465408e+01,4.935382672613837785e-01,6.975628937911000360e-01,2.784074416413497843e+00,-1.999999474896663187e+00,1.125515873657363608e+00,1.999999360932893211e+00,1.063832884669714401e-01,3.768875931390063272e+00
2.146426099727144532e+01,5.080079295441326526e-01,7.171578393196403889e-01,2.736546088969586510e+00,-1.997640903324564787e+00,1.165088830541297416e+00,1.999999439267788670e+00,1.341848869594695071e-01,3.732562901759395313e+00
2.162209263772422929e+01,5.243159051133319259e-01,7.399568435450485371e-01,2.679219618552087123e+00,-1.993711981079035800e+00,1.247226229268802111e+00,1.999999509387330399e+00,1.633253493140107981e-01,3.688646578360369244e+00
2.177992429830322507e+01,5.426944753921537634e-01,7.676780095832802520e-01,2.608163485790101710e+00,-1.993057117159285241e+00,1.361690306146121632e+00,1.999999570821325401e+00,1.867022538527397524e-01,3.639347990361120111e+00
2.193775497726101875e+01,5.633016884959999304e-01,8.013026248478485325e-01,2.521485056783079326e+00,-1.995954266129966737e+00,1.487375820632618195e+00,1.999999623529306936e+00,2.023598914351623090e-01,3.587887324917077958e+00
2.209558625880726623e+01,5.862700232579528548e-01,8.406694124535512014e-01,2.419191883256698983e+00,-1.999999831681446016e+00,1.607406681465288534e+00,1.999999665333134446e+00,2.046513585110364686e-01,3.540471049939852399e+00
2.225341623487963005e+01,6.116191774783930057e-01,8.842668924880893178e-01,2.304159350467194223e+00,-1.999999953537314745e+00,1.704980992053535260e+00,1.999999692239751159e+00,1.881349744667021873e-01,3.506473419798522340e+00
2.241124771946251926e+01,6.391759447683946771e-01,9.289494099353323708e-01,2.182755322796235742e+00,-1.992769994396238253e+00,1.765138984051864091e+00,1.999999709579195040e+00,1.709198732472696491e-01,3.501795059487896822e+00
2.256907806326205801e+01,6.683013613431231237e-01,9.704186947462861701e-01,2.059073125116679392e+00,-1.978226205963855344e+00,1.793731704287037543e+00,1.999999722969034943e+00,1.484937120718592685e-01,3.544224610130192854e+00
2.272690868338902703e+01,6.976887819109821587e-01,1.003781050123208507e+00,1.938572689198500232e+00,-1.954339657109144923e+00,1.787221139960353478e+00,1.999999731568653072e+00,1.211084624977517843e-01,3.648489995404648134e+00
2.288472357994913509e+01,7.256687861303563469e-01,1.024006285246979120e+00,1.827375956329127638e+00,-1.921278073338238190e+00,1.744937546535734629e+00,1.999999735090555175e+00,8.918821674211657724e-02,3.825045168508542925e+00
2.304244539610289877e+01,7.505531661799335064e-01,1.027035196859034993e+00,1.730952808501089901e+00,-1.886987906405844129e+00,1.669465152662020779e+00,1.999999733780384537e+00,5.266174565338003349e-02,4.079572760917523411e+00
2.320007915100308082e+01,7.708843145300565691e-01,1.010732859221648017e+00,1.652666143453445757e+00,-1.853451553249522155e+00,1.558641078744059660e+00,1.999999730213952720e+00,1.331365444005055444e-02,4.385511562446446021e+00
2.335776240379344415e+01,7.859331212345340711e-01,9.753612713653154742e-01,1.593743301679550139e+00,-1.823497344106013385e+00,1.413782391072027744e+00,1.999999728386630871e+00,-2.660091403359498771e-02,4.687529021132424312e+00
2.351543549955964707e+01,7.955738330966189986e-01,9.232853071214975893e-01,1.553589859146230268e+00,-1.796638246920730486e+00,1.235637469575578296e+00,1.999999732735714630e+00,-6.411141539517706267e-02,4.908972975821393803e+00
2.367310658013312974e+01,8.000000046772394180e-01,8.579068533583115164e-01,1.531090919031506070e+00,-1.768938273293381824e+00,1.024392537260442548e+00,1.999999739702174484e+00,-9.501829827422936248e-02,4.986607278084939310e+00
2.383078259157212742e+01,7.994218524192479025e-01,7.824593382325414348e-01,1.525593183979783829e+00,-1.733625826635990741e+00,7.824084899198333609e-01,1.999999749151900152e+00,-1.163765718073673516e-01,4.902221730689735324e+00
2.398846182048627540e+01,7.939355746030151151e-01,6.991789529471108544e-01,1.537380113199793952e+00,-1.682809781946001060e+00,5.152374573413094350e-01,1.999999764917541833e+00,-1.261174266915004727e-01,4.682631108184329705e+00
2.414615288732226261e+01,7.835668042321717319e-01,6.091118465535292348e-01,1.567204996943343032e+00,-1.609234718836052958e+00,2.347868027454049489e-01,1.999999784172518336e+00,-1.216875823103459042e-01,4.374576194333156920e+00
2.430388086077191190e+01,7.683841823773102098e-01,5.126437775045693535e-01,1.614909012689593970e+00,-1.507201462777568723e+00,-3.347774808594519702e-02,1.999999804485807164e+00,-1.012563522159187074e-01,4.022438363188155286e+00
2.446158990947670731e+01,7.486042798573553370e-01,4.106936955588518789e-01,1.677692054426796142e+00,-1.374356462395783574e+00,-2.457325794142506126e-01,1.999999824149967464e+00,-6.460237711305667763e-02,3.661786437922531334e+00
2.461931191699610011e+01,7.246439239586777159e-01,3.063968234794368084e-01,1.748805638225048531e+00,-1.214907145009634259e+00,-3.426151542537990702e-01,1.999999842103666214e+00,-1.450820705464634514e-02,3.320580727101852592e+00
2.477704546314851441e+01,6.971068345877037276e-01,2.066391326597047384e-01,1.818404757943639760e+00,-1.042763901273868310e+00,-2.718813890919724585e-01,1.999999857809740211e+00,4.184170158399030254e-02,3.019652570134907954e+00
2.493479114948413056e+01,6.667448580827428639e-01,1.217961251782893745e-01,1.877892713853760887e+00,-8.802679783506327515e-01,-3.130357299046989533e-02,1.999999871061041601e+00,9.330733576536029417e-02,2.771878112317753384e+00
2.509255352199869904e+01,6.344896393992638384e-01,6.224207732192192644e-02,1.925099570163288698e+00,-7.482251832721279472e-01,3.082956802193818069e-01,1.999999881734964680e+00,1.291288964512497528e-01,2.582853596312786770e+00
2.525032557084151819e+01,6.016414871515254337e-01,3.334809990956539433e-02,1.964751569875488935e+00,-6.575222299041597607e-01,6.363019598434915824e-01,1.999999889667728903e+00,1.438937589824157148e-01,2.453218348057076614e+00
2.540817478931076678e+01,5.698662470203317287e-01,3.282502572116115930e-02,2.004258501146452875e+00,-6.048644857185788704e-01,8.660367621765194812e-01,1.999999894756590457e+00,1.400965946720897359e-01,2.378960346964347661e+00
2.556602607299809549e+01,5.409709675096177062e-01,5.254928488826241667e-02,2.049533932922892543e+00,-5.777872341593718319e-01,9.694618992307716399e-01,1.999999897084735689e+00,1.252787899859982568e-01,2.352018228087247920e+00
2.572386043152399893e+01,5.165328931096272447e-01,8.284607105090335821e-02,2.103545118854458718e+00,-5.641510033557708415e-01,9.666091322719151391e-01,1.999999896939275379e+00,1.066630121024188110e-01,2.362188212933495013e+00
2.588169951821300785e+01,4.975180336838576634e-01,1.157885255870525903e-01,2.166670324070173237e+00,-5.565479000568339663e-01,8.982786006393940204e-01,1.999999894720824622e+00,8.869261524014654396e-02,2.399442473575610357e+00
2.603954017059215431e+01,4.841448310285350054e-01,1.464023004507224168e-01,2.237546501632451168e+00,-5.495889122981365560e-01,8.056665181774267381e-01,1.999999890852961038e+00,7.364553644512758512e-02,2.454966625914954736e+00
2.619737851638404180e+01,4.761499831323285359e-01,1.725424711853452420e-01,2.313997800503251767e+00,-5.421911593351903536e-01,7.127922228326272203e-01,1.999999885698176660e+00,6.142547519271484430e-02,2.522007031334522864e+00
2.635521658650501919e+01,4.729501943588170776e-01,1.936944839962718989e-01,2.393943802948602428e+00,-5.346056073847061940e-01,6.290214037891120880e-01,1.999999879531410674e+00,5.135044420914542523e-02,2.595786923549099345e+00
2.651305429342887621e+01,4.738304724734841988e-01,2.100972463815228009e-01,2.475801498828917868e+00,-5.274940887304945258e-01,5.552249495231962317e-01,1.999999872531435186e+00,4.288486000707267959e-02,2.673399043129769836e+00
2.667089543531610119e+01,4.780550333653208472e-01,2.222293218523514469e-01,2.558489739303119404e+00,-5.204338279178460924e-01,4.910475185734717307e-01,1.999999864796222715e+00,3.596099225241865954e-02,2.753325655016091833e+00
2.682873911648224663e+01,4.849685565222812134e-01,2.306544422062377919e-01,2.641219786374169765e+00,-5.133595052621624522e-01,4.352074390221639666e-01,1.999999856335597404e+00,3.040759607080538787e-02,2.835489841624280860e+00
2.698657884944075391e+01,4.939823587765790336e-01,2.358098049950846098e-01,2.723321990797777037e+00,-5.062212320707299984e-01,3.870238971340319578e-01,1.999999847076713522e+00,2.603670574436418167e-02,2.921043171210063960e+00
2.714441982942778608e+01,5.045444454347700614e-01,2.379064795856307701e-01,2.804072001842651041e+00,-4.991420259453764330e-01,3.460775941689380741e-01,1.999999836871132253e+00,2.258096636943920238e-02,3.012146361246244908e+00
2.730226373804595497e+01,5.160891824543734074e-01,2.368576886338336351e-01,2.882590081613381816e+00,-4.924251792263388272e-01,3.117157338607539074e-01,1.999999825526020070e+00,1.973591803456134150e-02,3.111368112134760278e+00
2.746010359966692960e+01,5.279889280421017350e-01,2.322783187957073725e-01,2.957850101671458454e+00,-4.864377067890406914e-01,2.829110216135660161e-01,1.999999812871908533e+00,1.725700811434871182e-02,3.220580109067932018e+00
2.761794303881044854e+01,5.395326062980176918e-01,2.235999008914423547e-01,3.028817570112207314e+00,-4.805024586975994993e-01,2.597062538883208038e-01,1.999999798874399604e+00,1.497581801744964254e-02,3.339282738840293696e+00
2.777578333402070143e+01,5.499886555226336515e-01,2.103331331977305596e-01,3.094686413561781979e+00,-4.757099886851389181e-01,2.375516629678121605e-01,1.999999783699983213e+00,1.242819774756516275e-02,3.463995312039229724e+00
2.793362027273680681e+01,5.585848350939230933e-01,1.921114230876425910e-01,3.155215161661659273e+00,-4.711331414746174895e-01,2.160781420411788667e-01,1.999999767818987584e+00,9.713797166005275208e-03,3.586971709766914707e+00
2.809142046652110380e+01,5.646434518580688566e-01,1.690992461388013679e-01,3.210780852768277516e+00,-4.675916888537162142e-01,1.919733912348159932e-01,1.999999751893445810e+00,6.813766671582100441e-03,3.698310373820872687e+00
2.824923585368508583e+01,5.675668444253882949e-01,1.419043195887241537e-01,3.262385457621274742e+00,-4.634209291200799274e-01,1.679804017386900827e-01,1.999999736607615652e+00,4.292405979271060081e-03,3.788293802523736709e+00
2.840706856414562509e+01,5.669450254058251426e-01,1.116911187199402661e-01,3.311333877583293450e+00,-4.588641671313190007e-01,1.437114627853084414e-01,1.999999722347342246e+00,2.276531856732418122e-03,3.851800012433622911e+00
2.856489107469202793e+01,5.624873894170425714e-01,7.975665032960584100e-02,3.359019279230143429e+00,-4.528924105809922218e-01,1.219526262826672591e-01,1.999999709073737808e+00,1.055414115525479335e-03,3.889443655156828772e+00
2.872271485097639854e+01,5.540500891015673890e-01,4.738468108874512724e-02,3.406617716156372655e+00,-4.453052500560616966e-01,1.039550087765532399e-01,1.999999696346888234e+00,4.786478974154386324e-04,3.906821166387775879e+00
2.888053977336812750e+01,5.415976356805793923e-01,1.557937700837970854e-02,3.454974333109925411e+00,-4.363924750195596336e-01,8.955485720086117651e-02,1.999999683526160199e+00,1.383527469311212894e-04,3.911501496463141159e+00
2.903836672366645288e+01,5.251692657751851900e-01,-1.505183572095687011e-02,3.504589887061522191e+00,-4.264809934283136372e-01,7.797110640083394772e-02,1.999999669984057871e+00,-4.666820299274173169e-04,3.910133715917396557e+00
2.919619899487317127e+01,5.048520139246448490e-01,-4.426799181408506284e-02,3.555688137524579684e+00,-4.182476907834519197e-01,6.481797351544445196e-02,1.999999655236762486e+00,-1.712652909271934060e-03,3.906959778596269750e+00
2.935403202994575622e+01,4.806614918411664661e-01,-7.219613857287052183e-02,3.608360095306229365e+00,-4.108935212911781210e-01,5.326763400025031486e-02,1.999999638929238266e+00,-2.829577083394009367e-03,3.903949315534426034e+00
2.951186846244221584e+01,4.526351405467757827e-01,-9.887857439279860994e-02,3.662504273153437850e+00,-4.023090447180795448e-01,4.612973413835441683e-02,1.999999620733981631e+00,-3.268231884186527294e-03,3.902055943377853886e+00
2.966970253199122354e+01,4.208966001211020269e-01,-1.242411537265792343e-01,3.717915121095037634e+00,-3.936482513396870608e-01,4.020638856211006251e-02,1.999999600327350358e+00,-3.363324016103126646e-03,3.901579696906367634e+00
2.982753759913666158e+01,3.855450806288369670e-01,-1.483467517391523771e-01,3.774442642826562277e+00,-3.848131632439238947e-01,3.536499519832739247e-02,1.999999577329506506e+00,-3.305890986363481041e-03,3.902627844349934705e+00
2.998537262562769357e+01,3.466835138830102192e-01,-1.712714893946560291e-01,3.831952867045935296e+00,-3.784603243692060137e-01,2.866282182243689788e-02,1.999999551339418424e+00,-3.387925903460502989e-03,3.904717654524999304e+00
3.014320706128485838e+01,3.043073136741982210e-01,-1.932067505321116985e-01,3.890376604889504542e+00,-3.728482587500121515e-01,2.570443119980326749e-02,1.999999521783833556e+00,-3.141085928590102872e-03,3.907806195099794877e+00
3.030104821502489898e+01,2.584597434826426676e-01,-2.140974244910799351e-01,3.949562994383366998e+00,-3.690757133445107252e-01,2.609851533149887964e-02,1.999999487973399770e+00,-2.939192126104097410e-03,3.911497603689707780e+00
3.045888816004092448e+01,2.091552535119105827e-01,-2.339074741499482524e-01,4.009416896827886490e+00,-3.678583021258318708e-01,2.888466505349137486e-02,1.999999449001075735e+00,-3.255856642024657511e-03,3.915354346489452464e+00
3.061672655840354906e+01,1.563923111308195835e-01,-2.526151078087135460e-01,4.069943627077874382e+00,-3.655877191164688678e-01,3.574946418786525970e-02,1.999999403468031289e+00,-5.137627509142126542e-03,3.920108851334286548e+00
3.077456716890862509e+01,1.003277936509304469e-01,-2.701052414586680994e-01,4.131299771940367904e+00,-3.636518506536688955e-01,3.174374797926730885e-02,1.999999349546393246e+00,-1.158537468606133172e-02,3.926209359686606337e+00
3.093240901672077925e+01,4.110163198195207479e-02,-2.868135937522680035e-01,4.194183222211971263e+00,-3.648433582353188820e-01,-6.123659167257241090e-03,1.999999284679474965e+00,-2.497234791722229702e-02,3.934581619257807805e+00
3.109024762592622437e+01,-2.128360341018802407e-02,-3.038546613617468806e-01,4.259930876423029034e+00,-3.571440215390656037e-01,-8.254282442791255336e-02,1.999999204321973201e+00,-4.557916033543621404e-02,3.951820034919380831e+00
3.124808739612432973e+01,-8.643684829588892116e-02,-3.221676982788205801e-01,4.329938266061766683e+00,-3.384525999662058582e-01,-2.279632180961785604e-01,1.999999102356144309e+00,-7.441336126687372876e-02,3.984457070247513943e+00
3.140593040923509704e+01,-1.539256571669709583e-01,-3.434905093495566053e-01,4.405477310590786288e+00,-2.963078823244809645e-01,-4.530566256746186848e-01,1.999998969543158145e+00,-1.081518988340385568e-01,4.042057602824479901e+00
3.156377087412647242e+01,-2.229936011029635401e-01,-3.693716334754345021e-01,4.486326270137777961e+00,-2.213148972394822778e-01,-7.589086555425027525e-01,1.999998792982109919e+00,-1.405356993472538230e-01,4.132043394473892128e+00
3.172161405417166691e+01,-2.927154346602589552e-01,-4.007542191459769754e-01,4.569955880867959230e+00,-9.312029985406264365e-02,-1.098489412092248596e+00,1.999998552526463191e+00,-1.628953848264207416e-01,4.263212218956954125e+00
3.187945000792729289e+01,-3.615944324844415636e-01,-4.364806622021771831e-01,4.650909024028949901e+00,9.538285089208162204e-02,-1.428846308527161657e+00,1.999998218418418183e+00,-1.707776264112240705e-01,4.438876368114421211e+00
3.203727919109874023e+01,-4.279167905502463398e-01,-4.742651325673005736e-01,4.722420553856555792e+00,3.358241642253715908e-01,-1.732066473348897739e+00,1.999997746182494041e+00,-1.634584175290527963e-01,4.654184862243118559e+00
3.219511426296599410e+01,-4.902600565787570974e-01,-5.121027648146484479e-01,4.778623624698243866e+00,6.098821477943860980e-01,-1.975373849071514920e+00,1.999997065600821688e+00,-1.412300367271247248e-01,4.897462348603742299e+00
3.235294305054934938e+01,-5.478275292700992560e-01,-5.478602232327782762e-01,4.816734513127179262e+00,8.920998625526880277e-01,-2.065406302723647780e+00,1.999996054828386161e+00,-1.033184548393443480e-01,5.155775431723598423e+00
3.251077062110528715e+01,-6.004444716586430086e-01,-5.772923606879424296e-01,4.840682397839100481e+00,1.168619278149532148e+00,-2.006060377987072485e+00,1.999994464583906728e+00,-4.727797685471348682e-02,5.434137528582734689e+00
3.266859622459273282e+01,-6.477103380867816895e-01,-5.964679119158867726e-01,4.858553248523266532e+00,1.434135865916214447e+00,-1.797666385391119004e+00,1.999991727544820908e+00,2.859161170344261607e-02,5.744485859701735642e+00
3.282642444395244041e+01,-6.888779825147747227e-01,-6.017091530799995036e-01,4.880545729199900151e+00,1.655545795817767507e+00,-1.431403390046878776e+00,1.999986239907697083e+00,1.206372212264843896e-01,6.071144379634377586e+00
3.298424709565355784e+01,-7.237617078039966234e-01,-5.900191359251388823e-01,4.918065109243133115e+00,1.834722533603759143e+00,-9.000383405042701179e-01,1.999970047639540338e+00,2.231391625881939955e-01,6.404541740104274794e+00
3.314206048630258294e+01,-7.519385823162536564e-01,-5.593872366902215010e-01,4.979955389011545996e+00,1.952051000400187641e+00,-2.268847548599285391e-01,-8.562549346090198021e-01,1.916893215623141633e-01,6.698638108629465293e+00
3.329982419201258637e+01,-7.733245999596821685e-01,-5.136801042764167491e-01,4.999422942557631977e+00,1.999997987769179142e+00,2.261059174313884146e-01,-1.999967735028197247e+00,4.826411223175452320e-02,6.823184184981532674e+00
3.345760730243782177e+01,-7.881559882488838875e-01,-4.629002673717736438e-01,4.999999673270806078e+00,1.999996671064376619e+00,2.176455120032377011e-01,-1.971144692211414418e+00,5.937375344625344525e-02,6.784495493407245448e+00
3.361539132028904930e+01,-7.969218007656738711e-01,-4.145810725039887901e-01,4.999999302828893377e+00,1.999999241069774003e+00,1.837193850779746118e-01,-1.778055369477447911e+00,5.957091099976834225e-02,6.643984679412307415e+00
3.377324524756173929e+01,-7.999999854545899458e-01,-3.710902221981775551e-01,4.999999406269101776e+00,1.999998428154273311e+00,1.392008626786637726e-01,-1.510833674653046632e+00,5.390029183445566724e-02,6.442110471317922915e+00
3.393108025480361079e+01,-7.978244972309374017e-01,-3.338336574749279362e-01,4.999999491375580973e+00,1.999998697834260319e+00,1.087273966060396668e-01,-1.172449192952016661e+00,2.812546278670638444e-02,6.222280109331571829e+00
3.408891473863642574e+01,-7.909493470569541884e-01,-3.034840200033773749e-01,4.999999515328456212e+00,1.999999066908457079e+00,7.785640056166295841e-02,-8.124220559537321806e-01,-1.930063800932091790e-03,6.015639229599753612e+00
3.424675311238344477e+01,-7.800378283068150065e-01,-2.800871448583178158e-01,4.999999539139835747e+00,1.999999061582549809e+00,4.238601376021151543e-03,-7.369230167887239613e-01,4.490322476857370321e-02,5.837462523389223001e+00
3.440459406562189315e+01,-7.657059626995692536e-01,-2.617751466040592612e-01,4.999999561398778880e+00,1.999999056905429562e+00,3.154629890485659109e-03,-3.576304422804459926e-01,-8.802448332405621301e-03,5.690234870806909484e+00
3.456244068825660065e+01,-7.487575195982346665e-01,-2.495283360575510923e-01,4.999999579639305303e+00,1.999999045777637763e+00,-5.751289044829919345e-02,-1.765435843043335340e-01,2.710913070522381245e-04,5.572604516847389888e+00
3.472028354675438777e+01,-7.299056606240363898e-01,-2.421955495633845989e-01,4.999999598054031047e+00,1.999999029525600935e+00,-1.384432027158483958e-01,-1.500231469241282367e+00,-9.878892886426361708e-02,5.480394781064723553e+00
3.487812822665672741e+01,-7.098194791259000436e-01,-2.435173812882371891e-01,4.939712006823483215e+00,1.999994322157418569e+00,-4.609942991558270697e-01,-1.999985374823076478e+00,3.369727235666008514e-01,5.354049280229865815e+00
3.503597252300145470e+01,-6.882064820293211094e-01,-2.373132552147687591e-01,4.891895551324748403e+00,1.999996550346670787e+00,5.255815888055840324e-01,-1.999992996201615858e+00,5.235967746535495904e-01,5.251340260393127402e+00
3.519381709499616306e+01,-6.644280869502500186e-01,-1.960892340280541435e-01,4.894603230962439433e+00,1.823783025478665776e+00,2.019912771112209349e+00,-1.999995528252873855e+00,5.235978040424124069e-01,5.145842733471274855e+00
3.535166130172920163e+01,-6.388353339185478541e-01,-1.124180865522428907e-01,4.952054337026742914e+00,1.395296314106910351e+00,3.330317073388634252e+00,-1.999996755415810679e+00,5.235982337888580584e-01,5.043071958699361090e+00
3.550950690676879162e+01,-6.124782807363428061e-01,9.420773808283308681e-03,4.999999965980200578e+00,7.592546610725425804e-01,4.475097218072879635e+00,-8.413932470656900753e-01,5.235966144249158960e-01,4.944563228280803635e+00
3.566735194450732394e+01,-5.858011099538319444e-01,1.643747442670920600e-01,4.999999931961603750e+00,-3.693561447049719011e-03,5.370612819007244632e+00,1.999995374933279058e+00,5.834162715069508842e-02,4.878542312458693075e+00
3.582519464284396093e+01,-5.589728798119388831e-01,3.207957978773444130e-01,4.999999652111198678e+00,-8.087968750002314522e-01,4.616068353965099291e+00,1.999995928687766877e+00,-1.964433619308016132e-01,4.942318170356346130e+00
3.598303981118935724e+01,-5.324859099276237906e-01,4.401955825082912166e-01,4.922727689016630492e+00,-1.432503403734235459e+00,3.190040379013974192e+00,1.999994987699497795e+00,-3.371945586363638836e-01,5.006396304321688362e+00
3.614088518068047762e+01,-5.063254669687158316e-01,5.109808356919481875e-01,4.858663754050397188e+00,-1.822562093026780738e+00,1.672060118141857954e+00,1.999993612642870122e+00,-3.419301713997565106e-01,5.073768023773689961e+00
3.629873065422975031e+01,-4.806137412663329389e-01,5.380794308052151420e-01,4.860889228955499242e+00,-1.985066058534763256e+00,4.442991747737402020e-01,1.999991250732038761e+00,-6.981905891922053631e-02,5.138401625036127740e+00
3.645657469768858050e+01,-4.543022775929587143e-01,5.443856196556104976e-01,4.904718132965485644e+00,-1.999999507909953511e+00,2.448933036446572509e-01,1.999986313513949510e+00,-1.743868881159623199e-02,5.181617871989643298e+00
3.661441941855960636e+01,-4.268194055311221868e-01,5.473087282168228596e-01,4.951732335648842742e+00,-1.999998333828871599e+00,1.777621265456962307e-01,1.999970248592257471e+00,-3.288739983536802941e-03,5.222255702610684835e+00
3.677226448978874629e+01,-3.983522038438947477e-01,5.488896506152868282e-01,4.999990437928514275e+00,-1.999998560367079792e+00,1.331776370985960911e-01,3.725763923560562740e-01,4.969170400849672216e-03,5.264415264428472518e+00
3.693010890316880079e+01,-3.693865274086638451e-01,5.494930025236181015e-01,4.999999174172989669e+00,-1.999998712901370101e+00,1.035224607398259611e-01,3.533785278137785424e-01,3.221239387308095364e-02,5.265436603709841457e+00
3.708795221871891812e+01,-3.402976938831516751e-01,5.501828696128270302e-01,4.996813186710025612e+00,-1.999999114364236608e+00,1.407727875965440745e-01,-1.999969769863971347e+00,-8.985734349857986414e-02,5.261869466735388912e+00
3.724579615911209629e+01,-3.117876650117910597e-01,5.464263180736734782e-01,4.937230721485283524e+00,-1.999998847597050711e+00,-1.642944220215408202e-01,-1.999984969328266526e+00,5.235956178812447570e-01,5.212188813225998807e+00
3.740364118990326858e+01,-2.841937139762080733e-01,5.469850549003049123e-01,4.797524200127447180e+00,-1.967537522633852287e+00,4.486766645594132408e-01,-1.999989378723441291e+00,-1.409528760788141266e-01,5.072025038109872597e+00
3.756148533004500933e+01,-2.576846194231854348e-01,5.479763752802180310e-01,4.724069871027564815e+00,-1.999999445308042301e+00,-6.698913706239634225e-02,-1.999991821204958997e+00,5.235970495317872064e-01,5.019781715330715599e+00
3.771933008549329713e+01,-2.323835989579294548e-01,5.493768290136654686e-01,4.570867830046719149e+00,-1.969665224978112805e+00,5.344109986431585524e-01,-1.999993003867953645e+00,-1.256363267928498617e-01,4.867675053463247359e+00
3.787717488991119552e+01,-2.083301326651711693e-01,5.510166064657503471e-01,4.485414918801050810e+00,-1.999999556357665575e+00,5.398635277266399662e-02,-1.999993867650746271e+00,5.235974980574099602e-01,4.805407643030551235e+00
3.803501794845048067e+01,-1.856799308728836473e-01,5.531759810121549270e-01,4.314614077438267081e+00,-1.972802145743655089e+00,6.336256830207771529e-01,-1.999994182279798416e+00,-1.027753303151331538e-01,4.643989857012639000e+00
3.819285850063162258e+01,-1.645360150766439211e-01,5.562010243142594401e-01,4.213305541518178821e+00,-1.999999651791627642e+00,2.078662258762972448e-01,-1.999994375329669394e+00,5.235976343334861616e-01,4.571723625303885541e+00
3.835069919423160201e+01,-1.449413375321162434e-01,5.607559907232378960e-01,4.020921625551117984e+00,-1.975507039335394177e+00,7.527521731292997620e-01,-1.999993983808638465e+00,-5.729496575112471429e-02,4.398361092828833030e+00
3.850854007321307648e+01,-1.268459186926791382e-01,5.686684994205531973e-01,3.896809598812714714e+00,-1.999999710880404846e+00,4.417851274890258195e-01,-1.999993115179011571e+00,5.235974633650264387e-01,4.308734678221488146e+00
3.866638242883720977e+01,-1.101379851730013154e-01,5.803263930627939882e-01,3.675162124499862237e+00,-1.978714270002918107e+00,9.339217880600001465e-01,-1.999989416751909221e+00,5.459847446013743610e-02,4.114166945750207915e+00
3.882422067511659947e+01,-9.429527865452583257e-02,6.015808009482821461e-01,3.505180084464459611e+00,-1.999999609411735824e+00,9.007403886930240855e-01,-1.999938896504560804e+00,1.033180769132473892e-01,3.984474172804907344e+00
3.898206298985405738e+01,-7.870544584590054293e-02,6.250002807258858706e-01,3.319889514281737508e+00,-1.999999585527834967e+00,9.809255205235654085e-01,1.999988705904087727e+00,8.016958959204076307e-02,3.832374161622243314e+00
3.913990446834989001e+01,-6.121018411000728188e-02,6.511147976114136648e-01,3.297772944528604810e+00,-1.999999787598727430e+00,9.908451879116237926e-01,1.999995230033621008e+00,7.922098180655716415e-02,3.811791344697702311e+00
3.929774418720808882e+01,-3.994321148043220721e-02,6.777252016975858773e-01,3.275052139010662611e+00,-1.999999797618206454e+00,9.941198579549772596e-01,1.999997052509147721e+00,8.355980308048044369e-02,3.790019557342870105e+00
3.945558651328734356e+01,-1.483314150392960398e-02,7.048556118105970825e-01,3.250925071858118631e+00,-1.999999791866265531e+00,1.002688363198064314e+00,1.999997907044972933e+00,8.918465972319518376e-02,3.766405002638068211e+00
3.961342727882070136e+01,1.417347439747192010e-02,7.327759993860115673e-01,3.224608322904667368e+00,-1.999999804705274720e+00,1.019695715061261998e+00,1.999998401153195937e+00,8.486805187806045758e-02,3.740243958959001525e+00
3.977126888224721313e+01,4.714492714162037829e-02,7.613118829502931728e-01,3.197851334766963038e+00,-1.999999719896533135e+00,1.023038492353994133e+00,1.999998726389129455e+00,1.013703446207670916e-01,3.713059279114876432e+00
3.992910852816475398e+01,8.418091139415816160e-02,7.909252425912919326e-01,3.166400437238900967e+00,-1.999999823491829698e+00,1.059279087903992611e+00,1.999998955451872451e+00,9.717993449256101535e-02,3.681733353269041054e+00
4.008694747790385549e+01,1.253214772338794303e-01,8.218230286261364315e-01,3.132689318779947829e+00,-1.999999672995948607e+00,1.082464331277116498e+00,1.999999125931482435e+00,1.075358655194788571e-01,3.648655517674805449e+00
4.024478829820817793e+01,1.706910893707832555e-01,8.539747871161209591e-01,3.093731460506906394e+00,-1.999999834436742230e+00,1.124851057650035013e+00,1.999999256144151971e+00,9.636730568888306203e-02,3.613672085217028762e+00
4.040262780474477466e+01,2.202541401608313076e-01,8.866097484303613330e-01,3.053059824825390844e+00,-1.999988583966538114e+00,1.139018961651886430e+00,1.999999360787988012e+00,1.197960968726758807e-01,3.583549168459662759e+00
4.056046869375885677e+01,2.738449679953372518e-01,9.194166381660092702e-01,3.003207717788135778e+00,-1.999999846540007509e+00,1.198751054239000968e+00,1.999999444288466988e+00,1.192649310208957480e-01,3.559484818559969455e+00
4.071830953737347869e+01,3.308614734951541014e-01,9.518432251787692921e-01,2.945850066989988747e+00,-1.999999759800954235e+00,1.249737081614823442e+00,1.999999507702115098e+00,1.103162028027391689e-01,3.550574661419859890e+00
4.087614577598557020e+01,3.904356262456001314e-01,9.814865428781609502e-01,2.883203538398988020e+00,-1.999801931579731074e+00,1.276861066668017353e+00,1.999999558175770131e+00,1.159227923101000257e-01,3.569073833430865594e+00
4.103398418101491529e+01,4.511566281529157951e-01,1.006185886093535986e+00,2.813064532425900932e+00,-1.999999717796398180e+00,1.309677845003985652e+00,1.999999596607154206e+00,1.140455695387192214e-01,3.624079027765745753e+00
4.119180438870476735e+01,5.110965007305987573e-01,1.024048452864230851e+00,2.737255449618169134e+00,-1.999994025870750480e+00,1.332380687865608815e+00,1.999999624362946982e+00,1.182904570046539178e-01,3.722643225608256667e+00
4.134957200271385602e+01,5.682575145812246431e-01,1.033566015944828331e+00,2.656128780171150172e+00,-1.999999905713378823e+00,1.358049726639091404e+00,1.999999641153452856e+00,9.361715827164202031e-02,3.866554096974358590e+00
4.150735191220245213e+01,6.208233839118406650e-01,1.033030402319683683e+00,2.577851089182859656e+00,-1.999999308995364267e+00,1.338736370143425614e+00,1.999999649212683028e+00,6.934808935991274015e-02,4.057845275107061056e+00
4.166512217822480579e+01,6.674866381348104616e-01,1.020849624671854139e+00,2.506563476169746618e+00,-1.999999507407918209e+00,1.284294311794210275e+00,1.999999652627320268e+00,4.227004346928035089e-02,4.292699999276617717e+00
4.182288239341202996e+01,7.073859951298003823e-01,9.964427417829114786e-01,2.445534298538907247e+00,-1.999379745666764352e+00,1.197543133181328878e+00,1.999999653136792954e+00,2.215219892579249616e-02,4.562577221913817205e+00
4.198063410362271242e+01,7.401321865725398741e-01,9.601617244119265981e-01,2.395058355509199988e+00,-1.999999312210009039e+00,1.095470165720872746e+00,1.999999651906202880e+00,4.224970798638334919e-03,4.858155949616067559e+00
4.213837586130882329e+01,7.656022610668539174e-01,9.128931629326528796e-01,2.354801174141146092e+00,-1.999999181425368366e+00,9.860420023720087856e-01,1.999999650116540906e+00,-8.236455124178069034e-03,5.163144876939467665e+00
4.229612467833687361e+01,7.839321054046901605e-01,8.558000424482107293e-01,2.323314513650680091e+00,-1.999763772940696294e+00,8.797267184341631685e-01,1.999999649407679936e+00,-1.123769521164439192e-02,5.459901669706812122e+00
4.245384495039485273e+01,7.953335589858332444e-01,7.902704257779677999e-01,2.298139774556228865e+00,-1.999999513569085785e+00,7.896802651044348975e-01,1.999999651157613911e+00,-1.262544889378230256e-02,5.723969647619541412e+00
4.261155897139315840e+01,8.000000050210378522e-01,7.177062353349031865e-01,2.277599613809015988e+00,-1.999999935212607882e+00,7.146483311187877829e-01,1.999999648372626559e+00,-3.972028514123168708e-02,5.923480104055793838e+00
4.276926014939061105e+01,7.980614900164471059e-01,6.388401167995698682e-01,2.263947446633600702e+00,-1.999999913217747949e+00,6.124579536241584465e-01,1.999999641055837607e+00,-8.092563835539863526e-02,6.031257464887266551e+00
4.292695876219142548e+01,7.894773248081002892e-01,5.535177091816382289e-01,2.259883418735062932e+00,-1.995607298894038095e+00,4.597709918974933752e-01,1.999999639520249284e+00,-1.075654180212876065e-01,6.019093257040065481e+00
4.308464232237444236e+01,7.739796372473658481e-01,4.615497850138864377e-01,2.266035354502797361e+00,-1.980354258901461328e+00,2.777968274177842201e-01,1.999999646596092751e+00,-1.277506621288228561e-01,5.864651899169875726e+00
4.324232721686766467e+01,7.509781144866722880e-01,3.628997397523939794e-01,2.283771777150744864e+00,-1.948328700212069498e+00,7.118210801177657365e-02,1.999999662342996531e+00,-1.390066078238598180e-01,5.565435014620621956e+00
4.340004465082538587e+01,7.194961571567755065e-01,2.573493142242366249e-01,2.314654738106782794e+00,-1.892397532819314110e+00,-1.512158053080112086e-01,1.999999685595708510e+00,-1.387236541286195335e-01,5.137734073560164205e+00
4.355773031924393734e+01,6.781271309504598443e-01,1.445826649704748113e-01,2.359969397834303706e+00,-1.804332599317490349e+00,-3.719770646904221323e-01,1.999999714134625961e+00,-1.243495603666371768e-01,4.614077243820812413e+00
4.371541879338520431e+01,6.250301656551663365e-01,2.467680030804477245e-02,2.419564498766227256e+00,-1.675983876946343099e+00,-5.584987397722296354e-01,1.999999744919535249e+00,-9.409635013343028986e-02,4.040022846350036723e+00
4.387310885771271529e+01,5.580446481471731390e-01,-1.005939005106663287e-01,2.489864978538328888e+00,-1.503072206553176304e+00,-6.564908392449314567e-01,1.999999774357758886e+00,-4.868804769994647397e-02,3.471158831856409499e+00
4.403080930381167946e+01,4.750966099480776750e-01,-2.252978334904330304e-01,2.562141335483578253e+00,-1.293381596961972413e+00,-5.956328119501220764e-01,1.999999798881910706e+00,5.756146367444667754e-03,2.964891093734024707e+00
4.418854864820590933e+01,3.750567180706323445e-01,-3.368050767491629349e-01,2.624914201648205214e+00,-1.076146193821631902e+00,-3.316548089930781429e-01,1.999999815677709014e+00,5.615086296618181094e-02,2.565985774728780644e+00
4.434627178253688129e+01,2.589347002638170414e-01,-4.175969282621070366e-01,2.673145851014797625e+00,-8.957245304155284638e-01,8.448224976956993093e-02,1.999999822668621974e+00,8.742536747517558327e-02,2.298178198999342836e+00
4.450400056463234222e+01,1.310341509070812871e-01,-4.548936525004486642e-01,2.714615160553122131e+00,-7.861549991400960113e-01,4.935311605456851325e-01,1.999999817931115365e+00,9.246656862614267836e-02,2.166233566018743950e+00
4.466177317375165501e+01,-1.206920842781072142e-03,-4.507566051670685581e-01,2.763442240336151379e+00,-7.434983711381194516e-01,7.458166809629226401e-01,1.999999799341563467e+00,7.807784805457293476e-02,2.163144497464363436e+00
4.481963137675244724e+01,-1.291758387910183770e-01,-4.191151667036490669e-01,2.829467380751524264e+00,-7.424261907545746109e-01,8.003021897421466191e-01,1.999999765145461739e+00,5.669994559266767348e-02,2.271613430919149135e+00
4.497745050443763404e+01,-2.463306133878797877e-01,-3.747301099671898061e-01,2.914825444605668725e+00,-7.508256963021531227e-01,7.360710033599082713e-01,1.999999714018619645e+00,3.718728904432619387e-02,2.471213717211132810e+00
4.513527520258060122e+01,-3.491409353648086134e-01,-3.257440032099838678e-01,3.015092480960449794e+00,-7.601334739611514957e-01,6.184248947873337565e-01,1.999999645935804926e+00,2.038790844463782975e-02,2.733385173980805938e+00
4.529311812007650673e+01,-4.372318942336813063e-01,-2.762625105014921978e-01,3.124194805258283303e+00,-7.637559739131686287e-01,4.955553171418976555e-01,1.999999561664333347e+00,8.043268167109058481e-03,3.028223655270970927e+00
4.545094584046407959e+01,-5.117698250654302283e-01,-2.278175664539249246e-01,3.236459057998678723e+00,-7.664900978852016156e-01,3.776940284917807977e-01,1.999999462536545813e+00,1.647365134514784321e-03,3.325068561276631751e+00
4.560877041567641044e+01,-5.747206729461256103e-01,-1.813367639396526176e-01,3.348109451967626438e+00,-7.651301835326572709e-01,2.937315596915877625e-01,1.999999348628151097e+00,5.205942096987311273e-03,3.603396309197093750e+00
4.576659394116039437e+01,-6.277753601783560011e-01,-1.361967252205590340e-01,3.456065459422135611e+00,-7.642130602584195076e-01,2.603165891292432699e-01,1.999999218188432293e+00,2.021723692178385365e-02,3.850825620832259766e+00
4.592441806658266756e+01,-6.723203819791082614e-01,-9.104593649202849526e-02,3.557882256908367236e+00,-7.677146399702022839e-01,2.989181689303878064e-01,1.999999067221239324e+00,4.684805089886322216e-02,4.060163141981356638e+00
4.608223975709955056e+01,-7.093543403769166922e-01,-4.390844564184637200e-02,3.650990309034924941e+00,-7.820133368819336406e-01,4.228164549107465420e-01,1.999998889354283493e+00,8.237453471103751979e-02,4.222338394425524832e+00
4.624006351811807036e+01,-7.396090168612891036e-01,7.163762780023797891e-03,3.732449433920562054e+00,-8.137196398836433753e-01,6.337193123828214203e-01,1.999998672425784774e+00,1.214742250610161139e-01,4.327708530199743997e+00
4.639789873615238491e+01,-7.635956969005844863e-01,6.371824206743809116e-02,3.798852372005964373e+00,-8.704907313266637692e-01,9.135087044005217871e-01,1.999998387203064887e+00,1.569639169725500494e-01,4.377076408762547999e+00
4.655572939129375953e+01,-7.816375860398845354e-01,1.267488606415086150e-01,3.846657523822414326e+00,-9.573105185724142263e-01,1.230768343626997829e+00,1.999997961005031355e+00,1.814327425557104856e-01,4.390288658664183608e+00
4.671355895641993783e+01,-7.938179958101587719e-01,1.968614654382530305e-01,3.872988845940302571e+00,-1.075359382372490957e+00,1.543609563848374000e+00,1.999997204821258201e+00,1.861482252983508723e-01,4.400076457934697594e+00
4.687139634013716716e+01,-7.999999968363227243e-01,2.740112720587259409e-01,3.877574858706196448e+00,-1.224165065209141590e+00,1.793037889825782383e+00,1.999995814550324491e+00,1.849006106506977110e-01,4.440262889627949683e+00
4.702923202947480519e+01,-7.999938662785662791e-01,3.576549711374632512e-01,3.861211697044796498e+00,-1.393617738019047536e+00,1.980141056926070897e+00,1.999993311990673206e+00,1.755857787218599586e-01,4.530801425493400814e+00
4.718707987257567993e+01,-7.935343026493966168e-01,4.474808232499675742e-01,3.827456381882555991e+00,-1.573479020368376391e+00,2.103915293622583782e+00,1.999988058754803122e+00,1.031097038228910717e-01,4.670022460027256628e+00
