6.91439, -1.03300
6.90778, -1.04909
6.89981, -1.06899
6.86344, -1.16214
6.85563, -1.18266
6.82090, -1.27644
6.81327, -1.29762
6.78023, -1.39200
6.77281, -1.41387
6.74152, -1.50885
6.73431, -1.53144
6.70483, -1.62699
6.69788, -1.65034
6.67026, -1.74645
6.66359, -1.77058
6.63791, -1.86722
6.63155, -1.89218
6.60786, -1.98933
6.60186, -2.01515
6.58024, -2.11278
6.57463, -2.13949
6.55514, -2.23757
6.54986, -2.26587
6.53264, -2.36438
6.52802, -2.39271
6.51306, -2.49159
6.50911, -2.51995
6.49642, -2.61914
6.49312, -2.64753
6.48271, -2.74698
6.48006, -2.77539
6.47192, -2.87506
6.46992, -2.90349
6.46405, -3.00332
6.46270, -3.03177
6.45911, -3.13171
6.45841, -3.16018
6.45710, -3.26017
6.45705, -3.28866
6.45802, -3.38865
6.45862, -3.41716
6.46186, -3.51711
6.46312, -3.54563
6.46864, -3.64548
6.47055, -3.67402
6.47836, -3.77372
6.48093, -3.80227
6.49103, -3.90176
6.49426, -3.93032
6.50273, -3.99823
6.50537, -4.03402
6.50610, -4.06799
6.50507, -4.10012
6.50243, -4.13041
6.49832, -4.15889
6.49288, -4.18561
6.48623, -4.21067
6.47846, -4.23416
6.46965, -4.25622
6.45984, -4.27698
6.44905, -4.29658
6.43725, -4.31517
6.42440, -4.33287
6.41040, -4.34981
6.39517, -4.36608
6.37856, -4.38173
6.36046, -4.39681
6.34072, -4.41132
6.31921, -4.42522
6.29580, -4.43847
6.27037, -4.45096
6.24285, -4.46260
6.21317, -4.47326
6.18127, -4.48280
6.14715, -4.49108
6.11080, -4.49795
6.07228, -4.50327
6.03162, -4.50691
5.98890, -4.50872
5.94422, -4.50861
5.89768, -4.50647
5.84939, -4.50222
5.79948, -4.49577
5.74808, -4.48709
5.69531, -4.47612
5.62753, -4.45945
5.54525, -4.43815
5.46298, -4.41581
5.38073, -4.39244
5.29853, -4.36805
5.21641, -4.34268
5.13439, -4.31633
5.05248, -4.28902
4.97071, -4.26076
4.88910, -4.23158
4.80766, -4.20148
4.72642, -4.17048
4.64540, -4.13860
4.56461, -4.10584
4.48407, -4.07223
4.40380, -4.03776
4.32382, -4.00246
4.24414, -3.96633
4.16478, -3.92939
4.08576, -3.89165
4.00709, -3.85311
3.92880, -3.81378
3.85090, -3.77369
3.77340, -3.73282
3.69633, -3.69120
3.61971, -3.64883
3.54355, -3.60571
3.46787, -3.56187
3.39268, -3.51730
3.31802, -3.47201
3.24390, -3.42601
3.17034, -3.37930
3.09295, -3.32904
3.01131, -3.27578
2.92976, -3.22235
2.84832, -3.16875
2.76698, -3.11499
2.68575, -3.06106
2.60463, -3.00698
2.52363, -2.95274
2.44274, -2.89833
2.36197, -2.84377
2.28132, -2.78906
2.20079, -2.73418
2.12040, -2.67916
2.04013, -2.62398
1.96000, -2.56864
1.88001, -2.51315
1.80016, -2.45751
1.72045, -2.40172
1.64090, -2.34577
1.56150, -2.28967
1.48227, -2.23341
1.40320, -2.17701
1.32430, -2.12044
1.24558, -2.06373
1.16704, -2.00686
1.08869, -1.94983
1.01054, -1.89265
0.93259, -1.83530
0.85351, -1.77681
0.85105, -1.77500
0.77051, -1.71573
0.76804, -1.71391
0.68735, -1.65484
0.68487, -1.65303
0.60404, -1.59416
0.60154, -1.59234
0.52056, -1.53367
0.51805, -1.53185
0.43693, -1.47337
0.43439, -1.47155
0.35312, -1.41328
0.35056, -1.41145
0.26914, -1.35338
0.25527, -1.34363
0.17308, -1.28668
0.15898, -1.27705
0.07602, -1.22122
0.06169, -1.21172
-0.02204, -1.15704
-0.03662, -1.14766
-0.12109, -1.09415
-0.13593, -1.08489
-0.22115, -1.03256
-0.23627, -1.02343
-0.32221, -0.97231
-0.33762, -0.96329
-0.42429, -0.91340
-0.44000, -0.90451
-0.52738, -0.85588
-0.57415, -0.83113
-0.66351, -0.78625
-0.71110, -0.76359
-0.80227, -0.72251
-0.85053, -0.70197
-0.94335, -0.66475
-0.99216, -0.64635
-1.08644, -0.61303
-1.13567, -0.59678
-1.23125, -0.56740
-1.25776, -0.55958
-1.35397, -0.53232
-1.38034, -0.52516
-1.47713, -0.50001
-1.50337, -0.49350
-1.60068, -0.47045
-1.62678, -0.46456
-1.72456, -0.44360
-1.75053, -0.43832
-1.84873, -0.41944
-1.87457, -0.41475
-1.97314, -0.39794
-1.99885, -0.39382
-2.09776, -0.37907
-2.12334, -0.37552
-2.22253, -0.36281
-2.24799, -0.35981
-2.34742, -0.34913
-2.37276, -0.34667
-2.47239, -0.33803
-2.49762, -0.33609
-2.59740, -0.32947
-2.62251, -0.32805
-2.72241, -0.32343
-2.74742, -0.32252
-2.84739, -0.31991
-2.87230, -0.31950
-2.96646, -0.31891
-3.05466, -0.31754
-3.14262, -0.31533
-3.23032, -0.31227
-3.31773, -0.30836
-3.40483, -0.30358
-3.49158, -0.29792
-3.57797, -0.29137
-3.66395, -0.28391
-3.74951, -0.27553
-3.83459, -0.26622
-3.91917, -0.25596
-4.00321, -0.24475
-4.08667, -0.23256
-4.16951, -0.21939
-4.25168, -0.20521
-4.33313, -0.19003
-4.41382, -0.17382
-4.49370, -0.15658
-4.57269, -0.13829
-4.65076, -0.11894
-4.72783, -0.09854
-4.80383, -0.07707
-4.87871, -0.05452
-4.95239, -0.03091
-5.02479, -0.00622
-5.09582, 0.01954
-5.16542, 0.04635
-5.23349, 0.07421
-5.29993, 0.10309
-5.36466, 0.13298
-5.42758, 0.16384
-5.48859, 0.19564
-5.54759, 0.22833
-5.60448, 0.26185
-5.65915, 0.29615
-5.71151, 0.33115
-5.76146, 0.36677
-5.82083, 0.41201
-5.89093, 0.46641
-5.96043, 0.52138
-6.02933, 0.57689
-6.09759, 0.63295
-6.16520, 0.68955
-6.23214, 0.74667
-6.29838, 0.80432
-6.36391, 0.86249
-6.42869, 0.92116
-6.49270, 0.98033
-6.55592, 1.03999
-6.61831, 1.10014
-6.67985, 1.16075
-6.74051, 1.22183
-6.80026, 1.28336
-6.85906, 1.34533
-6.91688, 1.40772
-6.97368, 1.47052
-7.02944, 1.53372
-7.08410, 1.59730
-7.13763, 1.66124
-7.19000, 1.72553
-7.24114, 1.79013
-7.29103, 1.85502
-7.33961, 1.92018
-7.37676, 1.97162
-7.40140, 2.00905
-7.42321, 2.04568
-7.44225, 2.08134
-7.45859, 2.11588
-7.47234, 2.14917
-7.48362, 2.18111
-7.49257, 2.21159
-7.49937, 2.24055
-7.50417, 2.26797
-7.50716, 2.29386
-7.50850, 2.31824
-7.50837, 2.34120
-7.50689, 2.36285
-7.50419, 2.38334
-7.50034, 2.40281
-7.49539, 2.42146
-7.48935, 2.43945
-7.48217, 2.45697
-7.47378, 2.47417
-7.46407, 2.49120
-7.45290, 2.50816
-7.44011, 2.52513
-7.42553, 2.54215
-7.39119, 2.57757
-7.33743, 2.63091
-7.28252, 2.68333
-7.22649, 2.73479
-7.16938, 2.78526
-7.11123, 2.83473
-7.05206, 2.88316
-6.99192, 2.93054
-6.93084, 2.97682
-6.86885, 3.02200
-6.80599, 3.06605
-6.74230, 3.10894
-6.67780, 3.15066
-6.61253, 3.19117
-6.54653, 3.23046
-6.47984, 3.26851
-6.41249, 3.30529
-6.34451, 3.34079
-6.27594, 3.37497
-6.20683, 3.40783
-6.13720, 3.43935
-6.06710, 3.46949
-5.99656, 3.49824
-5.92562, 3.52559
-5.85433, 3.55151
-5.78272, 3.57599
-5.71084, 3.59900
-5.63872, 3.62053
-5.56642, 3.64056
-5.48624, 3.66104
-5.39826, 3.68282
-5.31008, 3.70395
-5.22171, 3.72442
-5.13318, 3.74425
-5.04449, 3.76342
-4.95566, 3.78194
-4.86669, 3.79979
-4.77761, 3.81698
-4.68843, 3.83351
-4.59915, 3.84937
-4.50980, 3.86455
-4.42039, 3.87905
-4.33093, 3.89287
-4.24143, 3.90599
-4.15192, 3.91842
-4.06239, 3.93015
-3.97288, 3.94116
-3.88338, 3.95146
-3.79393, 3.96102
-3.70453, 3.96986
-3.61520, 3.97794
-3.52596, 3.98528
-3.43683, 3.99184
-3.34782, 3.99764
-3.25895, 4.00264
-3.17025, 4.00685
-3.08174, 4.01025
-2.99343, 4.01282
-2.90535, 4.01456
-2.82464, 4.01537
-2.75104, 4.01455
-2.67718, 4.01217
-2.60311, 4.00825
-2.52887, 4.00279
-2.45453, 3.99579
-2.38012, 3.98727
-2.30569, 3.97724
-2.23129, 3.96570
-2.15695, 3.95268
-2.08273, 3.93817
-2.00867, 3.92218
-1.93481, 3.90475
-1.86120, 3.88586
-1.78786, 3.86555
-1.70494, 3.84086
-1.61213, 3.81299
-1.51939, 3.78488
-1.42673, 3.75654
-1.33413, 3.72798
-1.24162, 3.69918
-1.14919, 3.67016
-1.05685, 3.64092
-0.96460, 3.61144
-0.87244, 3.58174
-0.78038, 3.55181
-0.68842, 3.52166
-0.59657, 3.49127
-0.50484, 3.46066
-0.41322, 3.42982
-0.32173, 3.39874
-0.23036, 3.36743
-0.13913, 3.33589
-0.04804, 3.30411
0.04290, 3.27208
0.13370, 3.23982
0.22433, 3.20732
0.31479, 3.17456
0.40508, 3.14156
0.49706, 3.10762
0.52064, 3.09918
0.61512, 3.06644
0.63891, 3.05847
0.73404, 3.02763
0.75805, 3.02012
0.85378, 2.99120
0.87802, 2.98415
0.97432, 2.95717
0.99879, 2.95058
1.09561, 2.92557
1.12033, 2.91945
1.21764, 2.89641
1.24261, 2.89077
1.34037, 2.86973
1.36559, 2.86457
1.46376, 2.84554
1.48925, 2.84088
1.58779, 2.82389
1.61354, 2.81973
1.71242, 2.80481
1.73845, 2.80116
1.83762, 2.78831
1.85932, 2.78570
1.95870, 2.77459
1.98032, 2.77236
2.07988, 2.76299
2.10143, 2.76114
2.20114, 2.75349
2.22262, 2.75203
2.32244, 2.74609
2.34387, 2.74500
2.44378, 2.74078
2.46516, 2.74006
2.56513, 2.73755
2.58648, 2.73720
2.68647, 2.73640
2.70779, 2.73641
2.80778, 2.73731
2.82908, 2.73768
2.92904, 2.74029
2.95033, 2.74102
3.05024, 2.74533
3.07152, 2.74643
3.17134, 2.75244
3.19263, 2.75391
3.29233, 2.76162
3.31364, 2.76345
3.41319, 2.77287
3.43452, 2.77508
3.53390, 2.78620
3.55526, 2.78878
3.65444, 2.80161
3.67584, 2.80457
3.77478, 2.81912
3.79623, 2.82246
3.89490, 2.83873
3.91642, 2.84247
4.00966, 2.85952
4.09786, 2.87488
4.18607, 2.88949
4.27426, 2.90331
4.36242, 2.91636
4.45053, 2.92861
4.53857, 2.94005
4.62653, 2.95067
4.71438, 2.96046
4.80210, 2.96941
4.88968, 2.97749
4.97708, 2.98471
5.06429, 2.99103
5.15128, 2.99645
5.23802, 3.00095
5.32448, 3.00452
5.41064, 3.00713
5.49647, 3.00877
5.58192, 3.00943
5.66697, 3.00907
5.75158, 3.00770
5.83571, 3.00528
5.91932, 3.00180
6.00236, 2.99724
6.08479, 2.99158
6.16655, 2.98481
6.24760, 2.97690
6.32788, 2.96784
6.40732, 2.95761
6.48588, 2.94621
6.56346, 2.93361
6.64002, 2.91980
6.71547, 2.90478
6.78974, 2.88853
6.86274, 2.87106
6.93438, 2.85237
7.00458, 2.83245
7.07324, 2.81133
7.14026, 2.78901
7.20554, 2.76551
7.26897, 2.74087
7.33045, 2.71513
7.38987, 2.68832
7.44711, 2.66050
7.50208, 2.63175
7.55466, 2.60213
7.60474, 2.57174
7.65223, 2.54067
7.69704, 2.50904
7.73908, 2.47698
7.77829, 2.44462
7.81460, 2.41211
7.84800, 2.37960
7.87845, 2.34725
7.90596, 2.31523
7.93464, 2.27849
7.96494, 2.23644
7.99329, 2.19370
8.01967, 2.15033
8.04407, 2.10640
8.06648, 2.06195
8.08689, 2.01704
8.10530, 1.97173
8.12170, 1.92607
8.13609, 1.88011
8.14848, 1.83390
8.15886, 1.78749
8.16724, 1.74093
8.17362, 1.69425
8.17800, 1.64751
8.18038, 1.60075
8.18077, 1.55400
8.17917, 1.50731
8.17558, 1.46073
8.17000, 1.41428
8.16244, 1.36802
8.15289, 1.32199
8.14136, 1.27623
8.12785, 1.23078
8.11236, 1.18570
8.09489, 1.14102
8.07546, 1.09681
8.05405, 1.05310
8.03069, 1.00996
8.00538, 0.96743
7.97813, 0.92557
7.94895, 0.88445
7.90298, 0.82477
7.89297, 0.81160
7.83300, 0.73158
7.82307, 0.71815
7.76417, 0.63734
7.75431, 0.62362
7.69651, 0.54202
7.68673, 0.52801
7.63004, 0.44563
7.62034, 0.43130
7.56480, 0.34814
7.55516, 0.33349
7.50080, 0.24956
7.49123, 0.23456
7.43807, 0.14987
7.42858, 0.13450
7.37664, 0.04905
7.36723, 0.03330
7.31655, -0.05291
7.30722, -0.06906
7.25784, -0.15601
7.24859, -0.17258
7.20053, -0.26028
7.19137, -0.27730
7.14468, -0.36573
7.13562, -0.38322
7.09032, -0.47237
7.08136, -0.49035
7.03750, -0.58022
6.99242, -0.68435
6.95696, -0.79213
6.93142, -0.90268
6.91602, -1.01510
6.91439, -1.03300
